4 0.9999475479125977 0.5511847734451294 0.008707866072654724 0.6185125112533569 0.19382096827030182
11 0.9982798099517822 0.1129087507724762 -0.008290037512779236 0.1668129861354828 0.07914482057094574
7 0.9967242479324341 -0.007564932107925415 -0.05449041724205017 0.13782498240470886 0.23210445046424866
3 0.9930007457733154 0.6284619569778442 -0.01265992596745491 0.669883131980896 0.08236618340015411
9 0.9881413578987122 0.2104368656873703 -0.011432398110628128 0.2564561665058136 0.0936240404844284
3 0.9850960969924927 0.6158931851387024 0.057292718440294266 0.6640719771385193 0.1251220554113388
8 0.9847087860107422 0.07908480614423752 0.11988076567649841 0.13124626874923706 0.16437283158302307
5 0.9721816778182983 0.6995708346366882 -0.024809591472148895 0.7445436120033264 0.07796644419431686
9 0.9712604284286499 0.1085846871137619 0.1380259394645691 0.1762823611497879 0.16924387216567993
3 0.9528810977935791 0.5415801405906677 0.3121473789215088 0.6099891066551208 0.3426750898361206
0 0.9320207238197327 0.7105706930160522 0.09796099364757538 0.7538206577301025 0.14553143084049225
7 0.9069223999977112 0.002440456300973892 0.448909193277359 0.11860191822052002 0.6539230346679688
3 0.895919680595398 0.4611321687698364 0.14058998227119446 0.5306975841522217 0.16831061244010925
7 0.8803710341453552 0.48168814182281494 0.16254690289497375 0.5597283840179443 0.38573774695396423
7 0.8679811358451843 0.05655840411782265 0.19343718886375427 0.14780816435813904 0.40396955609321594
4 0.827207088470459 0.501923680305481 -0.01763048768043518 0.564260721206665 0.18366333842277527
8 0.8258568644523621 0.7271087169647217 0.04757518693804741 0.772473931312561 0.12967036664485931
9 0.8193874955177307 0.06928984075784683 0.16963274776935577 0.15954449772834778 0.19239841401576996
8 0.8164751529693604 0.176008939743042 0.14679409563541412 0.22417819499969482 0.21310566365718842
3 0.7217500805854797 0.32534879446029663 0.6782134771347046 0.460909903049469 0.6884703636169434
