7 0.9999628663063049 0.05562177300453186 -0.042986348271369934 0.2306738793849945 0.3387107849121094
7 0.9986667037010193 -0.012734487652778625 -0.05913454294204712 0.17735935747623444 0.3739214539527893
7 0.977157473564148 0.2552682161331177 0.03304333984851837 0.41602540016174316 0.3451128602027893
9 0.9757646322250366 0.1776358187198639 0.1544366031885147 0.24467036128044128 0.2007284015417099
9 0.9561302065849304 0.12230200320482254 0.30502963066101074 0.18089759349822998 0.37150394916534424
7 0.922109067440033 0.0021976567804813385 -0.007770039141178131 0.09360578656196594 0.15696707367897034
7 0.8608998656272888 0.20256268978118896 0.1746339052915573 0.3535141348838806 0.4457884430885315
9 0.7943499684333801 0.05305497348308563 0.10668414831161499 0.11304719746112823 0.14866304397583008
8 0.6958400011062622 0.27839353680610657 0.10191354900598526 0.3489823043346405 0.14444032311439514
3 0.5700106620788574 0.43324342370033264 0.2199738323688507 0.48571011424064636 0.2963971793651581
7 0.5290901064872742 0.09931875020265579 0.22464227676391602 0.1823199987411499 0.40717339515686035
8 0.4958353042602539 0.2700199484825134 0.17578108608722687 0.32682567834854126 0.23526887595653534
7 0.29951635003089905 0.006626985967159271 0.14262983202934265 0.14900776743888855 0.42080196738243103
