7 0.9999587535858154 0.014856532216072083 0.019398987293243408 0.1502120941877365 0.34673935174942017
9 0.99832683801651 0.11781962960958481 0.2798320949077606 0.18496951460838318 0.3297136723995209
7 0.9972036480903625 0.11412452161312103 0.15322718024253845 0.20711548626422882 0.32726219296455383
9 0.971399188041687 0.1112082451581955 0.17458058893680573 0.17965121567249298 0.22778241336345673
7 0.8703222274780273 0.22287580370903015 0.3527856767177582 0.3036938011646271 0.5211936831474304
7 0.8460726141929626 0.43659764528274536 0.12139821797609329 0.509576678276062 0.3198651671409607
9 0.7973188161849976 0.14714890718460083 0.22667992115020752 0.20805847644805908 0.28729307651519775
4 0.6977040767669678 0.12133398652076721 0.007916361093521118 0.20466521382331848 0.1944938600063324
9 0.5515770316123962 0.2654224634170532 0.42858487367630005 0.3250303268432617 0.4967482089996338
8 0.4743952751159668 0.3513488173484802 0.33677220344543457 0.41814637184143066 0.3819313049316406
7 0.40599146485328674 0.07121561467647552 0.04366619884967804 0.17995549738407135 0.2985163927078247
7 0.2592187523841858 -0.04055716097354889 0.00922432541847229 0.28697681427001953 0.5549769401550293
