7 1 -0.03675064444541931 -0.10899589955806732 0.10640081763267517 0.2573493719100952
9 0.9998810291290283 0.06121525913476944 0.11892564594745636 0.1282707154750824 0.17968104779720306
9 0.9992573857307434 0.13268974423408508 0.2999921441078186 0.1957513391971588 0.3555508255958557
7 0.9990052580833435 0.15175476670265198 0.023587137460708618 0.28723475337028503 0.2811679542064667
9 0.9968692660331726 0.057845570147037506 0.027425888925790787 0.1458134949207306 0.05370044335722923
7 0.9719955325126648 0.11717124283313751 0.2049621343612671 0.20454375445842743 0.36740589141845703
7 0.8274449706077576 0.031795062124729156 0.06452298164367676 0.1277448832988739 0.31031572818756104
7 0.6923145651817322 0.4572264850139618 0.1357821226119995 0.527076005935669 0.3259056806564331
8 0.5980498194694519 0.3179251253604889 0.28463834524154663 0.3811189830303192 0.33985036611557007
4 0.3975638151168823 0.2143688052892685 -0.018075264990329742 0.29392701387405396 0.1642099916934967
8 0.3875385522842407 0.2729741632938385 0.4416589140892029 0.3319531977176666 0.5080745816230774
7 0.2977454364299774 0.23273488879203796 0.3621557056903839 0.31860002875328064 0.5424748063087463
8 0.2898125648498535 0.17859682440757751 0.05020596459507942 0.2398451268672943 0.09374062716960907
7 0.28754687309265137 0.12264025956392288 -0.09104649722576141 0.2688939571380615 0.20232830941677094
5 0.2552538812160492 0.14452007412910461 -0.005623996257781982 0.20267322659492493 0.1098397970199585
7 0.2460845708847046 0.10495203733444214 0.48884057998657227 0.22935867309570312 0.7130063772201538
7 0.23372510075569153 0.07145365327596664 0.04572892189025879 0.25200340151786804 0.38701772689819336
7 0.23344264924526215 0.011148180812597275 -0.04484032839536667 0.08577683568000793 0.1470380425453186
