7 0.9999990463256836 -0.005068864673376083 0.05675947666168213 0.10820934176445007 0.3518505096435547
7 0.9999434947967529 -0.037648946046829224 0.06259219348430634 0.20302721858024597 0.42326492071151733
7 0.9996679425239563 0.08929148316383362 -0.0031455010175704956 0.19924584031105042 0.21671567857265472
7 0.9992668628692627 -0.03161069005727768 0.28271836042404175 0.1619018018245697 0.6052380800247192
7 0.9984679818153381 0.2849404513835907 0.039418160915374756 0.3903091847896576 0.291110098361969
9 0.9980902075767517 0.23711548745632172 0.10344007611274719 0.29804590344429016 0.1728486716747284
7 0.9958326816558838 0.3149026930332184 0.1608976423740387 0.4199804961681366 0.3863327205181122
9 0.9947245121002197 0.3106589913368225 0.014176234602928162 0.3584514856338501 0.10425551235675812
9 0.9936054944992065 0.04615934193134308 0.15540149807929993 0.12230490148067474 0.1973898708820343
7 0.9593348503112793 0.33664777874946594 0.31287309527397156 0.44471046328544617 0.5302985310554504
9 0.9452205300331116 0.053717076778411865 0.24289381504058838 0.12706393003463745 0.2872851490974426
3 0.9285735487937927 0.15875640511512756 0.15511205792427063 0.27712830901145935 0.16435161232948303
3 0.853069543838501 0.3470037877559662 0.3864592909812927 0.40682974457740784 0.4419702887535095
5 0.8395872712135315 0.5757784843444824 0.01914117857813835 0.623113751411438 0.13592751324176788
7 0.8095585703849792 0.17113740742206573 -0.02440715581178665 0.23248569667339325 0.15948820114135742
9 0.7565135955810547 0.0906551331281662 0.013457192108035088 0.14822955429553986 0.06179080903530121
4 0.7416622042655945 0.05560317263007164 -0.07382184267044067 0.15900418162345886 0.15078693628311157
3 0.5585945248603821 0.4529588222503662 0.2100253403186798 0.5059227347373962 0.28758111596107483
9 0.5462206602096558 0.10008473694324493 0.4337586462497711 0.16998575627803802 0.47054168581962585
7 0.5234166383743286 0.18834953010082245 0.08419991284608841 0.28644680976867676 0.2970390319824219
