7 0.9998413324356079 -0.020980026572942734 -0.058271199464797974 0.08635202050209045 0.2361326515674591
7 0.9997697472572327 0.05424431711435318 0.23849289119243622 0.14163753390312195 0.45556098222732544
7 0.9988639950752258 0.13492873311042786 0.037107840180397034 0.31856676936149597 0.33366668224334717
9 0.9781215190887451 0.02165495976805687 0.15901093184947968 0.10051554441452026 0.19555647671222687
9 0.9714954495429993 0.0671122595667839 0.02416953258216381 0.13780248165130615 0.06253108382225037
9 0.9623449444770813 0.16286227107048035 0.32117393612861633 0.23213538527488708 0.37301138043403625
7 0.9423734545707703 0.07274611294269562 0.5127400159835815 0.22259943187236786 0.7617053985595703
7 0.9199638366699219 0.06223839521408081 0.03397171199321747 0.23633188009262085 0.33480674028396606
10 0.8856508135795593 0.21923285722732544 -0.033073894679546356 0.3048429489135742 0.169197678565979
4 0.7414258718490601 0.05351147800683975 -0.05208311975002289 0.13839945197105408 0.13561128079891205
7 0.7380685806274414 -0.0016091465950012207 0.04160375893115997 0.10723191499710083 0.2956123352050781
3 0.6540195941925049 0.3650036156177521 0.3490193486213684 0.4238768517971039 0.4156082272529602
3 0.6406069993972778 0.3610607981681824 0.22903116047382355 0.4224966764450073 0.280239462852478
9 0.6262818574905396 0.105147585272789 0.15663765370845795 0.16613347828388214 0.2007615715265274
7 0.5581831336021423 -0.01061730831861496 0.14354698359966278 0.16075700521469116 0.4472197890281677
7 0.5174479484558105 0.0811816081404686 -0.11943879723548889 0.24693861603736877 0.2274164855480194
8 0.49759891629219055 0.17570345103740692 0.06212753802537918 0.23997826874256134 0.11051564663648605
7 0.43540337681770325 0.467164009809494 0.11139030754566193 0.5443423390388489 0.3110407590866089
7 0.4099332094192505 0.2744705080986023 0.013224944472312927 0.4858914017677307 0.30492186546325684
8 0.39411187171936035 0.3338380455970764 0.4407980740070343 0.393730103969574 0.5111235976219177
