7 0.9999759197235107 -0.009564399719238281 -0.05921389162540436 0.12480723857879639 0.3211941123008728
11 0.9999213218688965 0.09220084547996521 -0.031736407428979874 0.1458992063999176 0.061877403408288956
3 0.9997625946998596 0.6779439449310303 0.05089274048805237 0.7205781936645508 0.1591273844242096
7 0.9994247555732727 0.20651310682296753 0.07667827606201172 0.34874850511550903 0.3388793468475342
9 0.9993794560432434 0.2364974170923233 0.12671545147895813 0.2955147922039032 0.18116280436515808
9 0.9992848634719849 0.05647857114672661 0.07994802296161652 0.13984350860118866 0.10230056941509247
7 0.9988089799880981 -0.014934636652469635 0.19209933280944824 0.13055410981178284 0.45685815811157227
3 0.9976038336753845 0.6029237508773804 0.13860630989074707 0.6570966243743896 0.204273521900177
9 0.9970541596412659 0.1927838921546936 -0.032583024352788925 0.23853647708892822 0.07450929284095764
3 0.9919469952583313 0.4855140447616577 -0.018066566437482834 0.5286442041397095 0.09030781686306
7 0.9640005826950073 0.05562015622854233 -0.07101590931415558 0.2635110914707184 0.29594266414642334
5 0.9540976881980896 0.5561626553535461 -0.04560893774032593 0.5973221659660339 0.08662348985671997
3 0.8818811178207397 0.2536173164844513 0.3390505909919739 0.3742300570011139 0.3486233949661255
7 0.8723738193511963 0.05953899025917053 0.31209462881088257 0.1735481321811676 0.5099511742591858
4 0.8083651661872864 0.4696025848388672 0.05957697331905365 0.5374619960784912 0.2494744211435318
7 0.7888447642326355 0.4590330421924591 0.30231624841690063 0.5415502786636353 0.48722290992736816
7 0.5704968571662903 0.44485101103782654 0.16814365983009338 0.5151679515838623 0.38673922419548035
9 0.5478985905647278 0.3196631669998169 0.10313202440738678 0.3739563226699829 0.17654113471508026
9 0.5247560143470764 0.08332414925098419 0.40098533034324646 0.15242807567119598 0.4407947361469269
4 0.49328920245170593 0.5718777179718018 0.024846799671649933 0.6474883556365967 0.2321910858154297
