11 0.9998575448989868 0.09452255070209503 -0.031399987637996674 0.14768420159816742 0.06370880454778671
3 0.9997936487197876 0.5995050072669983 0.1114390641450882 0.6554812788963318 0.17609159648418427
3 0.9997286200523376 0.6719595789909363 0.05231209844350815 0.7153916954994202 0.1563684046268463
7 0.9996576309204102 0.0041903480887413025 -0.06021897494792938 0.12821951508522034 0.2850257158279419
9 0.9996305704116821 0.2351977825164795 0.15742284059524536 0.29678404331207275 0.2079334259033203
7 0.999569833278656 0.2012348771095276 0.12616005539894104 0.3189347982406616 0.3678935468196869
9 0.997809648513794 0.07356271147727966 0.0861268937587738 0.14978215098381042 0.11340287327766418
9 0.9967367649078369 0.20065321028232574 -0.03365695849061012 0.24638991057872772 0.07478088140487671
3 0.9940358400344849 0.47993719577789307 -0.027997881174087524 0.5232481956481934 0.08336815237998962
7 0.9895009398460388 0.07213567942380905 -0.059704139828681946 0.2911502718925476 0.3181912302970886
7 0.9861997365951538 0.06001633405685425 0.31341952085494995 0.17319554090499878 0.5146086812019348
7 0.9822647571563721 -0.02740701287984848 0.1740282028913498 0.14807215332984924 0.48127490282058716
3 0.9778760075569153 0.17067810893058777 0.3809225857257843 0.2970742881298065 0.3958621323108673
5 0.9404686689376831 0.5255230665206909 -0.05406666547060013 0.5657473802566528 0.08503402024507523
3 0.9273979067802429 0.24113354086875916 0.32564830780029297 0.37355294823646545 0.33312904834747314
4 0.8941872715950012 0.4476303458213806 0.044287048280239105 0.5146042108535767 0.235671728849411
7 0.8009354472160339 0.22546765208244324 0.3531986474990845 0.39100703597068787 0.6066255569458008
7 0.7690674066543579 0.4917799234390259 0.33513957262039185 0.5708214044570923 0.5126894116401672
1 0.7613934278488159 0.4696348011493683 0.13806003332138062 0.5423071384429932 0.36604779958724976
7 0.7338379621505737 0.31582221388816833 0.01803254336118698 0.39431193470954895 0.2014501690864563
