4 0.9997192025184631 0.5118662714958191 0.019823670387268066 0.579365074634552 0.20612353086471558
11 0.9946273565292358 0.13282105326652527 0.00044314563274383545 0.1865028440952301 0.08702321350574493
7 0.9919944405555725 -0.00014843791723251343 -0.054880499839782715 0.1594938337802887 0.24624121189117432
8 0.9709784388542175 0.09878934174776077 0.12176582962274551 0.15182964503765106 0.16456511616706848
9 0.9703441262245178 0.22500842809677124 -0.004124458879232407 0.27124446630477905 0.09898298978805542
3 0.9492133259773254 0.5751087069511414 0.07260740548372269 0.6258412003517151 0.13369625806808472
3 0.9466995000839233 0.5165679454803467 0.3280038833618164 0.5904654264450073 0.35366570949554443
3 0.9284924864768982 0.5910791158676147 -0.002273987978696823 0.6334117650985718 0.0866144448518753
7 0.9237136244773865 0.06006690859794617 0.17544637620449066 0.14488819241523743 0.37267792224884033
8 0.8937311172485352 0.19991222023963928 0.14633587002754211 0.24779996275901794 0.2142396867275238
7 0.8777869939804077 0.009875074028968811 0.46855223178863525 0.11917518079280853 0.666114091873169
7 0.8749979734420776 0.46851643919944763 0.17198337614536285 0.5434243679046631 0.3895730972290039
5 0.8459794521331787 0.67084801197052 -0.005906343460083008 0.7169994115829468 0.08548545837402344
0 0.7934251427650452 0.6667887568473816 0.1196654886007309 0.7150722146034241 0.16055376827716827
8 0.7933886051177979 0.08829296380281448 0.13128720223903656 0.1429612636566162 0.1796102672815323
9 0.7663892507553101 0.13886292278766632 0.13525521755218506 0.2010401338338852 0.17175614833831787
4 0.732659637928009 0.478264182806015 -0.014639139175415039 0.5420817136764526 0.19078290462493896
3 0.7184367179870605 0.42217451333999634 0.16458410024642944 0.4973767399787903 0.1874026656150818
3 0.7122122049331665 0.30521371960639954 0.6805253028869629 0.4456285536289215 0.6900436878204346
9 0.648393988609314 0.13520748913288116 0.4921893775463104 0.19414232671260834 0.5614494681358337
