7 0.9999858140945435 -0.015358146280050278 0.07261669635772705 0.10176748037338257 0.3640635013580322
7 0.9999773502349854 -0.044820792973041534 0.05323508381843567 0.1948310136795044 0.40396174788475037
7 0.9996597766876221 0.23582452535629272 0.1580260545015335 0.3410256505012512 0.3950245976448059
7 0.9991587400436401 -0.036434710025787354 0.3012353181838989 0.1674371361732483 0.6381337642669678
7 0.996566891670227 0.11547093093395233 0.01432424783706665 0.26172518730163574 0.26957398653030396
7 0.9960643649101257 0.06459791213274002 -0.06862559914588928 0.1838480830192566 0.19025591015815735
9 0.9761223793029785 0.33324068784713745 0.04647889733314514 0.38178151845932007 0.13381043076515198
9 0.975098729133606 0.2476915866136551 0.13297349214553833 0.3076672852039337 0.196069598197937
9 0.9000231027603149 0.05894090607762337 0.2499827742576599 0.13031791150569916 0.29581981897354126
5 0.8991901278495789 0.6877782344818115 0.6489166021347046 0.750239372253418 0.7755930423736572
7 0.8883126974105835 0.4609336853027344 0.2460803985595703 0.5227218270301819 0.41376519203186035
7 0.8840967416763306 0.3094401955604553 0.10040207952260971 0.42492109537124634 0.3497278392314911
9 0.7900662422180176 0.0678551197052002 0.19183936715126038 0.14094054698944092 0.23484709858894348
5 0.7712342143058777 0.5662172436714172 0.013913240283727646 0.6156211495399475 0.11950305104255676
9 0.7710349559783936 0.093337282538414 0.3907085359096527 0.15808190405368805 0.43183186650276184
7 0.7709655165672302 0.4355238676071167 0.014785051345825195 0.5280569195747375 0.27232635021209717
8 0.7573308348655701 0.27878105640411377 0.28079429268836975 0.34089142084121704 0.32677826285362244
9 0.7122969031333923 0.10861513763666153 0.05094369500875473 0.16299232840538025 0.09855351597070694
8 0.570110023021698 0.26689669489860535 0.35132086277008057 0.33015069365501404 0.4039878845214844
11 0.511321485042572 0.14420394599437714 0.5234736204147339 0.25079411268234253 0.7266119718551636
