7 0.9999467134475708 0.013527721166610718 0.02573084831237793 0.14833810925483704 0.3579484224319458
7 0.9989257454872131 0.11322641372680664 0.15799087285995483 0.20548522472381592 0.33566635847091675
9 0.9944590926170349 0.1143684983253479 0.2969619929790497 0.18105614185333252 0.3471047580242157
9 0.9705827832221985 0.09693284332752228 0.1977168321609497 0.16693781316280365 0.24888592958450317
7 0.9350332617759705 0.22505079209804535 0.3524054288864136 0.3126208186149597 0.5336669087409973
7 0.8459821939468384 0.4351888597011566 0.11943648755550385 0.5078119039535522 0.31874656677246094
9 0.8044237494468689 0.14294928312301636 0.24249276518821716 0.2043120265007019 0.3018001616001129
9 0.4985997676849365 0.26068800687789917 0.44917812943458557 0.3213828206062317 0.5127288699150085
8 0.46231943368911743 0.35606157779693604 0.3351757526397705 0.4234316349029541 0.3819767236709595
7 0.24576905369758606 0.09355948865413666 0.07342106848955154 0.22038258612155914 0.31341099739074707
8 0.24446600675582886 0.23356561362743378 0.18569178879261017 0.30035707354545593 0.23237673938274384
7 0.2417091429233551 0.05482000857591629 0.05515490472316742 0.16747862100601196 0.3212539553642273
7 0.22378304600715637 0.17848317325115204 0.05771975219249725 0.3122103810310364 0.3249916434288025
7 0.20409825444221497 0.30961868166923523 0.06814536452293396 0.47461721301078796 0.344508558511734
7 0.20064200460910797 -0.02404111623764038 0.03602856397628784 0.28092819452285767 0.5553415417671204
