7 0.9999251365661621 0.018520623445510864 0.09058880805969238 0.12622693181037903 0.3480346202850342
7 0.9970604777336121 0.09026634693145752 0.05140421539545059 0.176125168800354 0.2288624346256256
9 0.9970436692237854 0.3117145001888275 0.018007542937994003 0.358547180891037 0.08591869473457336
7 0.9938985705375671 0.08287262916564941 0.10389894247055054 0.22403627634048462 0.35541224479675293
9 0.9923917651176453 0.06347428262233734 0.21572740375995636 0.1365000158548355 0.26045534014701843
7 0.9888806343078613 0.28486377000808716 0.0813901275396347 0.41029852628707886 0.31280964612960815
7 0.9654852747917175 0.09859439730644226 0.4871620535850525 0.22652551531791687 0.7143320441246033
7 0.9370168447494507 0.2636810839176178 0.0763891190290451 0.5958439111709595 0.5517998933792114
7 0.9150088429450989 0.16758599877357483 -0.05077345669269562 0.24142488837242126 0.1717282086610794
3 0.9065667986869812 0.37091174721717834 0.3494657278060913 0.43358221650123596 0.408480167388916
7 0.8978284597396851 0.36500293016433716 0.015286736190319061 0.43331438302993774 0.18108797073364258
7 0.8564432859420776 0.38075223565101624 0.09079434722661972 0.4649321734905243 0.31648293137550354
9 0.8558143377304077 0.04346512258052826 0.269178569316864 0.12278856337070465 0.30451321601867676
3 0.8366118669509888 0.3131158649921417 0.06685429811477661 0.37191399931907654 0.1276264190673828
3 0.7856414318084717 0.3828262686729431 0.23471114039421082 0.4485688805580139 0.27566590905189514
4 0.7853074073791504 0.06533411145210266 -0.07094727456569672 0.17155417799949646 0.15497587621212006
8 0.7799392938613892 0.1384066343307495 0.07487355917692184 0.20946425199508667 0.10759676247835159
8 0.7280266284942627 0.4611901044845581 0.021014031022787094 0.5078471899032593 0.14075791835784912
8 0.5876089930534363 0.0686977207660675 0.029142746701836586 0.1409645974636078 0.06296073645353317
3 0.43369659781455994 0.36366385221481323 0.4264930486679077 0.4244099259376526 0.49650710821151733
