7 0.999995231628418 -0.01954294741153717 -0.06277208030223846 0.13042761385440826 0.3326346278190613
11 0.9998761415481567 0.09267351776361465 -0.028714094310998917 0.14676792919635773 0.06101301684975624
7 0.9991545677185059 -0.021750636398792267 0.18010643124580383 0.13651663064956665 0.4669756591320038
3 0.9984683394432068 0.6642373204231262 0.043068449944257736 0.7064792513847351 0.14571858942508698
7 0.9982283711433411 0.18755021691322327 0.07597312331199646 0.32428792119026184 0.3248131573200226
9 0.9980866312980652 0.2527282238006592 0.11728709191083908 0.3086659908294678 0.18008285760879517
9 0.9971492290496826 0.19562935829162598 -0.0347929485142231 0.24184930324554443 0.07397608458995819
3 0.9951047301292419 0.5748525261878967 0.11694135516881943 0.6313050389289856 0.17352567613124847
9 0.9857330918312073 0.09806409478187561 0.07822372019290924 0.15576818585395813 0.11996708810329437
3 0.9844383001327515 0.5197487473487854 -0.011170126497745514 0.5626919865608215 0.0971776619553566
7 0.9680277109146118 0.09530016779899597 -0.008480235934257507 0.21077021956443787 0.2311360090970993
5 0.9634922742843628 0.5572789907455444 -0.04122844338417053 0.5988194942474365 0.08778896927833557
4 0.9331604242324829 0.4721526801586151 0.04134505242109299 0.5382858514785767 0.22629117965698242
9 0.8956111073493958 0.23347967863082886 0.5668803453445435 0.3012821674346924 0.6238855123519897
3 0.8564764857292175 0.24679896235466003 0.3398822247982025 0.378358393907547 0.3476732075214386
7 0.8344320058822632 0.0524432510137558 0.310099720954895 0.1691061407327652 0.5106559991836548
3 0.7578966021537781 0.3588322401046753 0.08492036163806915 0.4119061231613159 0.16684488952159882
8 0.7526412010192871 0.534182071685791 0.05829546973109245 0.5806506872177124 0.1591102033853531
9 0.6398935317993164 0.07197922468185425 0.41811463236808777 0.14424145221710205 0.4543673098087311
7 0.5609368681907654 0.4661724269390106 0.2983160614967346 0.5427263975143433 0.4834248423576355
