7 0.9997328519821167 0.13296793401241302 0.15078860521316528 0.2549475133419037 0.38736265897750854
7 0.9996225237846375 -0.024201668798923492 -0.07779151201248169 0.11388418823480606 0.24742454290390015
9 0.9991613626480103 0.08580345660448074 0.1588607132434845 0.15210497379302979 0.21846070885658264
3 0.9866280555725098 0.2361377775669098 0.06484651565551758 0.2987937033176422 0.11834573745727539
7 0.9793582558631897 0.08743859827518463 0.5055965781211853 0.2019675225019455 0.7157678008079529
9 0.9439496397972107 0.14263276755809784 0.39771753549575806 0.21884353458881378 0.4331129193305969
5 0.9425502419471741 0.2978476285934448 0.1204802393913269 0.44242745637893677 0.3165656328201294
7 0.9062096476554871 0.0643400326371193 0.2569703161716461 0.18738284707069397 0.5141185522079468
7 0.870611846446991 0.20186632871627808 -0.02841915935277939 0.28991538286209106 0.18187186121940613
3 0.8026797771453857 0.37537258863449097 0.24779516458511353 0.4387708902359009 0.29875653982162476
7 0.7390013933181763 0.47392135858535767 0.08004548400640488 0.5537921786308289 0.2885124981403351
9 0.7355697154998779 0.07007449120283127 0.040279895067214966 0.15625977516174316 0.06624457240104675
3 0.7305749654769897 0.3585363030433655 0.3621932566165924 0.41980355978012085 0.4195205867290497
9 0.7244769334793091 0.08942515403032303 0.26830577850341797 0.15606063604354858 0.3226053714752197
7 0.6179768443107605 0.3106103241443634 0.02448461949825287 0.4233036935329437 0.2722691297531128
4 0.6129477620124817 0.05528801679611206 -0.05149955302476883 0.14788299798965454 0.1488611102104187
5 0.4197016954421997 0.3443334102630615 0.03368871659040451 0.40610378980636597 0.17539650201797485
3 0.40637046098709106 0.34255483746528625 0.4450969994068146 0.40536436438560486 0.508264422416687
7 0.3160551190376282 0.47396034002304077 0.3215835392475128 0.5432104468345642 0.49911263585090637
7 0.3005969524383545 0.03388107568025589 0.10637602210044861 0.11632686108350754 0.3208475410938263
