7 0.9999995231628418 -0.0033477097749710083 0.05006399750709534 0.12171931564807892 0.35721680521965027
7 0.9991173148155212 0.08057571947574615 0.008330322802066803 0.15999267995357513 0.18151316046714783
7 0.9989432692527771 0.3108256161212921 0.025234103202819824 0.43928250670433044 0.3029283881187439
9 0.9987422227859497 0.29579252004623413 0.014695767313241959 0.3422057032585144 0.08519136905670166
9 0.9942135214805603 0.051418986171483994 0.1540742814540863 0.12232956290245056 0.20206496119499207
9 0.9739790558815002 0.06151058152318001 0.24608780443668365 0.13180296123027802 0.29375988245010376
7 0.9668480157852173 0.34467610716819763 0.3042953908443451 0.4519456923007965 0.5213222503662109
7 0.9482274055480957 0.34475791454315186 0.016245037317276 0.41889286041259766 0.19161835312843323
7 0.9455776810646057 0.2586125135421753 0.06882870197296143 0.6086511015892029 0.5559501647949219
9 0.9333532452583313 0.2314482182264328 0.10722559690475464 0.287541002035141 0.182830810546875
3 0.903865396976471 0.3671360909938812 0.3774317800998688 0.4263797104358673 0.43477001786231995
7 0.8811622858047485 0.1506127566099167 -0.04902312159538269 0.22204257547855377 0.17156139016151428
8 0.8149452805519104 0.10870970785617828 0.07552634179592133 0.18420998752117157 0.1038299947977066
3 0.7676590085029602 0.37630435824394226 0.17365261912345886 0.43424347043037415 0.24015697836875916
4 0.7469316124916077 0.049312397837638855 -0.08084309101104736 0.16221089661121368 0.15563559532165527
7 0.7167230248451233 0.11059066653251648 0.5166746973991394 0.2444959580898285 0.7378706336021423
8 0.7069370746612549 0.4472714066505432 0.030132949352264404 0.4947022795677185 0.1432684063911438
9 0.6876567006111145 0.05827142670750618 0.019244488328695297 0.12918274104595184 0.05134010687470436
3 0.683996319770813 0.3695821166038513 0.22808143496513367 0.44074177742004395 0.263584703207016
3 0.5881531238555908 0.2944912016391754 0.0771993100643158 0.35491320490837097 0.13124516606330872
