7 0.9999792575836182 -0.011137314140796661 0.0042272210121154785 0.15485137701034546 0.3836537003517151
7 0.9993209838867188 0.10004600882530212 0.13685950636863708 0.2109633982181549 0.34035518765449524
9 0.9912524223327637 0.09822472929954529 0.29915928840637207 0.1698455512523651 0.34198713302612305
9 0.9767694473266602 0.04784410819411278 0.20901785790920258 0.13500195741653442 0.2400326281785965
9 0.8637201189994812 0.13154122233390808 0.22911684215068817 0.19199278950691223 0.2900664508342743
7 0.735571563243866 0.4381745159626007 0.1442122459411621 0.5059118866920471 0.3268572688102722
7 0.733197033405304 0.2232549786567688 0.3411288261413574 0.3131113648414612 0.5255352258682251
9 0.41952401399612427 0.25292861461639404 0.4379078149795532 0.31369882822036743 0.5020211935043335
8 0.37356147170066833 0.3478125035762787 0.33387210965156555 0.4138735830783844 0.38549503684043884
8 0.3693850338459015 0.1863396018743515 0.1742827594280243 0.2544945478439331 0.2176482379436493
7 0.3232000768184662 -0.043705642223358154 0.01694542169570923 0.2964668273925781 0.5693628191947937
7 0.3170325756072998 0.29503071308135986 0.07958902418613434 0.433074951171875 0.3314895033836365
7 0.2138775736093521 0.010840505361557007 0.021234050393104553 0.11646726727485657 0.2265404313802719
