7 0.999776303768158 0.07207779586315155 0.004393517971038818 0.227022185921669 0.36370420455932617
9 0.998566210269928 0.1768961399793625 0.21836455166339874 0.2530822157859802 0.25334882736206055
7 0.9977613687515259 0.0612066313624382 0.22715753316879272 0.1993899941444397 0.4659293293952942
7 0.9786313772201538 0.2620716691017151 0.027319252490997314 0.3901430368423462 0.291381299495697
7 0.970336377620697 0.23401382565498352 0.3432147204875946 0.34836646914482117 0.5768983364105225
9 0.9628848433494568 0.07984951138496399 0.40316352248191833 0.1512732207775116 0.4403740465641022
11 0.9384247660636902 -0.007589671760797501 -0.033616259694099426 0.08752760291099548 0.13700361549854279
7 0.88033127784729 0.2419305145740509 0.07087310403585434 0.3212784230709076 0.2593187987804413
9 0.859146773815155 0.19113095104694366 0.06663048267364502 0.24995462596416473 0.13028156757354736
5 0.7016478776931763 0.581926167011261 0.540977954864502 0.6592386364936829 0.6985478401184082
9 0.6588426232337952 0.18477864563465118 0.04206565394997597 0.23737786710262299 0.12443795800209045
8 0.5197991132736206 0.24954697489738464 0.14411619305610657 0.31285253167152405 0.2021590769290924
3 0.4592091739177704 0.45372989773750305 0.18325194716453552 0.5075503587722778 0.25752338767051697
7 0.25776419043540955 0.19825850427150726 0.07772281765937805 0.29350030422210693 0.2931937873363495
7 0.25117912888526917 -0.010122537612915039 -0.009528130292892456 0.17319327592849731 0.39870455861091614
7 0.22818811237812042 -2.452112913131714 -1.5041511058807373 3.648925542831421 2.578904390335083
7 0.2219662368297577 0.012159377336502075 0.11746054887771606 0.14100399613380432 0.38731294870376587
