7 0.999937117099762 0.04131058603525162 -0.02314595878124237 0.21592089533805847 0.3794535994529724
9 0.9992518424987793 0.16139309108257294 0.2141014039516449 0.23835767805576324 0.24854561686515808
7 0.9976487755775452 0.05970931053161621 0.25076398253440857 0.19409650564193726 0.475964218378067
9 0.9956336617469788 0.07580702006816864 0.4264261722564697 0.14878179132938385 0.46272581815719604
7 0.9794979691505432 0.24915239214897156 0.026762887835502625 0.3841851055622101 0.2985358238220215
7 0.9103215336799622 0.2248593270778656 0.06325767189264297 0.3133222758769989 0.2621977627277374
7 0.7168850898742676 0.009702630341053009 -0.020233124494552612 0.09843152016401291 0.1647414267063141
8 0.6758530139923096 0.20584836602210999 0.04615170508623123 0.2587474286556244 0.12685471773147583
9 0.5920870304107666 0.23940230906009674 0.14266137778759003 0.30413275957107544 0.1987067610025406
3 0.5005561113357544 0.44667938351631165 0.17788319289684296 0.5004530549049377 0.25144392251968384
7 0.4425743520259857 0.540585994720459 0.5364140868186951 0.6424312591552734 0.7318671345710754
7 0.42507898807525635 0.2853511571884155 0.2272600382566452 0.4091379642486572 0.4742533564567566
