7 0.9999848008155823 -0.00974252074956894 -0.014586687088012695 0.1739843785762787 0.39462733268737793
7 0.9990286827087402 0.10769539326429367 0.14680692553520203 0.20811116695404053 0.3356917202472687
9 0.9968763589859009 0.10834981501102448 0.28777071833610535 0.17742334306240082 0.33481505513191223
9 0.9942184090614319 0.054182086139917374 0.21255198121070862 0.1439131796360016 0.24193665385246277
9 0.9273388385772705 0.13527610898017883 0.2253282517194748 0.19654330611228943 0.28469154238700867
4 0.8986563086509705 0.12094641476869583 -0.0026813894510269165 0.20401591062545776 0.184427872300148
7 0.8297968506813049 0.4331991374492645 0.1314752846956253 0.5059822797775269 0.32861047983169556
7 0.742479145526886 0.22888413071632385 0.3610103726387024 0.31101712584495544 0.5330560803413391
9 0.49665698409080505 0.2691323161125183 0.43820956349372864 0.3282702565193176 0.5064032673835754
7 0.36959514021873474 -0.020586103200912476 0.03716328740119934 0.2644907534122467 0.5381608009338379
8 0.3421500623226166 0.34127599000930786 0.32160520553588867 0.4089199900627136 0.3720475435256958
8 0.32764971256256104 0.15876421332359314 0.18562643229961395 0.233832448720932 0.2184370905160904
7 0.29062286019325256 0.28831717371940613 0.06320229172706604 0.4289034903049469 0.31912359595298767
