7 0.9999635219573975 -0.022944822907447815 -0.06435149908065796 0.08777333796024323 0.22245192527770996
7 0.9996411204338074 0.05799323320388794 0.24672140181064606 0.1431555151939392 0.4590282440185547
7 0.995444655418396 0.163778156042099 0.07252347469329834 0.3139747679233551 0.329565167427063
7 0.9950221180915833 0.08427964895963669 0.04502822458744049 0.2248828411102295 0.3064756989479065
9 0.970694899559021 0.15581825375556946 0.3133796155452728 0.2274162471294403 0.36094287037849426
9 0.9652284383773804 0.04500679299235344 0.11869218945503235 0.10960520803928375 0.17409762740135193
9 0.9430088400840759 0.04996209964156151 0.1843108832836151 0.11888200044631958 0.23896029591560364
7 0.9377246499061584 0.08273983001708984 0.5192727446556091 0.21532303094863892 0.7494285702705383
9 0.9001755714416504 0.07330088317394257 0.026287183165550232 0.14819349348545074 0.06346197426319122
3 0.8836426138877869 0.2272881120443344 0.07933680713176727 0.2879708707332611 0.13541622459888458
7 0.8039941191673279 0.2082383632659912 -0.016337022185325623 0.2862929105758667 0.17793463170528412
3 0.7576343417167664 0.37374454736709595 0.24634729325771332 0.43749767541885376 0.2963850796222687
5 0.7417461276054382 0.3368043899536133 0.03934646397829056 0.4006121754646301 0.1851220726966858
3 0.7263463139533997 0.36187875270843506 0.36739709973335266 0.4220390319824219 0.43145760893821716
4 0.7053878903388977 0.05295905843377113 -0.055367611348629 0.13972559571266174 0.14102980494499207
7 0.5960896611213684 0.005538430064916611 0.06296951323747635 0.10044160485267639 0.303618848323822
7 0.4931919574737549 -0.0024475902318954468 0.12962333858013153 0.15125416219234467 0.4164242148399353
8 0.43886488676071167 0.33148419857025146 0.45184674859046936 0.3926684856414795 0.5182476043701172
7 0.33833929896354675 0.47278544306755066 0.12375155836343765 0.5484858155250549 0.31695106625556946
7 0.28106117248535156 0.11800667643547058 0.05463556945323944 0.20779207348823547 0.24031521379947662
