4 0.9997463822364807 0.5243940353393555 0.021424628794193268 0.5922156572341919 0.2054130733013153
11 0.9984437823295593 0.12180512398481369 -0.005140803754329681 0.17562150955200195 0.08283021301031113
7 0.9904853105545044 0.0019952580332756042 -0.047064393758773804 0.15041989088058472 0.24121275544166565
9 0.9870611429214478 0.212076336145401 -0.008626855909824371 0.2583039104938507 0.09441462904214859
8 0.9708474278450012 0.08793706446886063 0.11515789479017258 0.14038139581680298 0.16029250621795654
3 0.9551808834075928 0.5483835339546204 0.3160417377948761 0.6157662272453308 0.3482362926006317
3 0.9203274250030518 0.5860279202461243 -0.0010907836258411407 0.6282662749290466 0.08920462429523468
3 0.9110891222953796 0.56867516040802 0.0799100399017334 0.6194225549697876 0.14194810390472412
9 0.9102006554603577 0.12751621007919312 0.12661045789718628 0.18936407566070557 0.16444933414459229
7 0.8993205428123474 0.06684452295303345 0.1707625389099121 0.15708744525909424 0.3762667179107666
7 0.8791168928146362 0.012319613248109818 0.4602254629135132 0.12226678431034088 0.6597976684570312
7 0.8674877882003784 0.47350454330444336 0.16943219304084778 0.5497901439666748 0.38872238993644714
5 0.8538098335266113 0.6651508212089539 -0.005682148039340973 0.7109664082527161 0.08750144392251968
4 0.8382698893547058 0.46784257888793945 -0.010165728628635406 0.5302354097366333 0.19122907519340515
3 0.832443356513977 0.42044883966445923 0.16959193348884583 0.4965946674346924 0.19288370013237
8 0.8246082067489624 0.17794670164585114 0.13796144723892212 0.2259516566991806 0.20513379573822021
0 0.7659803032875061 0.6696904897689819 0.12455248832702637 0.7176414728164673 0.16692239046096802
8 0.7566852569580078 0.07362323254346848 0.12075771391391754 0.12850141525268555 0.17003868520259857
8 0.6960412263870239 0.675106406211853 0.08019670844078064 0.7236822843551636 0.1543079912662506
1 0.6821775436401367 0.5237353444099426 0.06063561141490936 0.5993312001228333 0.28845709562301636
