7 0.9999464750289917 -0.020067740231752396 -0.06868211925029755 0.09960810840129852 0.23630665242671967
9 0.999900221824646 0.07478231191635132 0.12912681698799133 0.14216476678848267 0.19091257452964783
7 0.9997780323028564 0.13944444060325623 0.13287019729614258 0.2675110399723053 0.38094496726989746
7 0.9994097948074341 0.054239869117736816 0.2420516312122345 0.15309596061706543 0.4722709357738495
3 0.9709569215774536 0.24713420867919922 0.0758608803153038 0.30765366554260254 0.13250580430030823
5 0.9580633044242859 0.3036108613014221 0.12935087084770203 0.43762439489364624 0.3136880695819855
7 0.9563495516777039 0.0802115797996521 0.5129803419113159 0.21929025650024414 0.7507971525192261
9 0.9226498007774353 0.16364017128944397 0.3666987419128418 0.2366316020488739 0.4096507430076599
7 0.8439955711364746 0.21421997249126434 -0.017839446663856506 0.2945660948753357 0.17753680050373077
9 0.7829543352127075 0.07538773119449615 0.035915568470954895 0.15773986279964447 0.06526170670986176
5 0.7747340202331543 0.34237611293792725 0.04012215882539749 0.4060785174369812 0.18497949838638306
3 0.7399856448173523 0.3635140061378479 0.26383236050605774 0.4293297529220581 0.31092604994773865
3 0.7128354907035828 0.36675766110420227 0.38864442706108093 0.42664000391960144 0.4503457248210907
4 0.5327394604682922 0.05592983216047287 -0.05793076008558273 0.1463632583618164 0.1423032283782959
7 0.4732467532157898 0.4637115001678467 0.1102212592959404 0.5432226657867432 0.31354039907455444
8 0.40897271037101746 0.3286345899105072 0.46178439259529114 0.3904714286327362 0.5245848298072815
7 0.3932467997074127 0.004790790379047394 0.1305585354566574 0.13186043500900269 0.3890753984451294
9 0.29829683899879456 0.08105238527059555 0.2633354663848877 0.14730265736579895 0.3177405595779419
7 0.2535404860973358 0.08533535897731781 0.20011702179908752 0.1897803097963333 0.41355201601982117
