9 0.9989221692085266 0.17806923389434814 0.20982250571250916 0.25034934282302856 0.24765029549598694
7 0.9947007894515991 0.05923104286193848 -0.013153284788131714 0.2352197766304016 0.36296603083610535
9 0.9906806349754333 0.09766870737075806 0.38177168369293213 0.1647440791130066 0.42507225275039673
7 0.982528567314148 -0.0000718832015991211 -0.029858805239200592 0.07802695035934448 0.1434856355190277
7 0.980857253074646 0.07629621028900146 0.25220221281051636 0.19249606132507324 0.4598936438560486
7 0.9804051518440247 0.26230382919311523 0.031187325716018677 0.3853878378868103 0.2878914177417755
7 0.9566987156867981 0.24090978503227234 0.347271203994751 0.3625032603740692 0.5867887735366821
7 0.8320000767707825 0.24054542183876038 0.07657468318939209 0.31384536623954773 0.2542300224304199
5 0.7644604444503784 0.5723902583122253 0.5336087346076965 0.6461166739463806 0.6851279139518738
9 0.5953419804573059 0.1913919299840927 0.04854315519332886 0.24824394285678864 0.11722111701965332
7 0.5091289281845093 0.1716361939907074 0.06970562040805817 0.2687055766582489 0.28905820846557617
9 0.49497130513191223 0.2482355684041977 0.13770362734794617 0.310519278049469 0.19817861914634705
3 0.45575761795043945 0.46266812086105347 0.1810637265443802 0.5153742432594299 0.2614148259162903
7 0.44811952114105225 0.010727405548095703 0.17897889018058777 0.1567665934562683 0.464498907327652
7 0.42281895875930786 0.02750498428940773 -0.04633845388889313 0.10288882255554199 0.1379839926958084
7 0.34432581067085266 0.029701579362154007 0.04837349057197571 0.1403859406709671 0.30040696263313293
7 0.2576415240764618 -0.8510522246360779 -0.5940029621124268 2.0052318572998047 1.6967406272888184
