7 0.9991787672042847 0.04279474541544914 0.0691521167755127 0.12734194099903107 0.2998969554901123
7 0.9940900802612305 0.02725614607334137 -0.00425218790769577 0.10712771117687225 0.16129547357559204
7 0.9757059812545776 0.01578017696738243 0.3030873239040375 0.12582173943519592 0.5411742925643921
7 0.974628210067749 0.05610880255699158 0.15099388360977173 0.1308562457561493 0.33143216371536255
3 0.9017972946166992 0.46699658036231995 0.35590866208076477 0.5258756279945374 0.42452725768089294
5 0.8993658423423767 0.7166637778282166 0.6610819101333618 0.7774227261543274 0.7801309823989868
7 0.8955026268959045 0.07845424115657806 -0.0145249143242836 0.16356898844242096 0.20059379935264587
3 0.8325244188308716 0.2689724266529083 0.23778514564037323 0.34940508008003235 0.2700992226600647
7 0.8194641470909119 0.5144465565681458 0.20783910155296326 0.5991829037666321 0.42375364899635315
9 0.745859682559967 0.130353182554245 0.11353529989719391 0.19044825434684753 0.18168775737285614
8 0.7328080534934998 0.09821882843971252 0.10912046581506729 0.15393415093421936 0.15208986401557922
8 0.689758837223053 0.47144433856010437 0.0774201899766922 0.5217455625534058 0.15089069306850433
8 0.669863760471344 0.19713853299617767 0.056114427745342255 0.24544842541217804 0.12141341716051102
7 0.5559302568435669 0.4681411385536194 0.14172515273094177 0.538413941860199 0.3201753795146942
7 0.5130274295806885 0.2312454879283905 0.1864774227142334 0.32953253388404846 0.38076627254486084
9 0.4255048930644989 0.11896070837974548 0.20499855279922485 0.18008694052696228 0.26844632625579834
8 0.4069918990135193 0.4475409984588623 0.11378078907728195 0.495073139667511 0.1665205955505371
7 0.38614124059677124 0.48729127645492554 0.3034268021583557 0.5573957562446594 0.48584288358688354
7 0.3700958788394928 0.4345532953739166 0.04062788933515549 0.5384190082550049 0.2734260559082031
9 0.334075003862381 0.2191106677055359 0.62955641746521 0.27739810943603516 0.7103469371795654
