7 0.9966076612472534 0.1523565649986267 0.05909343063831329 0.3005434274673462 0.34387779235839844
7 0.9849098324775696 0.27400875091552734 0.09020183980464935 0.4272122383117676 0.3973402976989746
7 0.9257161617279053 0.02377987653017044 0.022097401320934296 0.092555932700634 0.16040951013565063
9 0.9219573736190796 0.13067546486854553 0.3077465295791626 0.18759283423423767 0.3804755210876465
7 0.8034759759902954 0.23775388300418854 0.2133689969778061 0.4008188247680664 0.4971526861190796
9 0.6734372973442078 0.07584713399410248 0.11955823004245758 0.131222203373909 0.17397789657115936
7 0.6634113192558289 0.02268131822347641 0.03138244152069092 0.19010260701179504 0.3649604320526123
3 0.6417768597602844 0.43768614530563354 0.21705785393714905 0.49201488494873047 0.2925339639186859
7 0.2746446132659912 0.043138641864061356 0.15715105831623077 0.12986443936824799 0.35703521966934204
7 0.20481303334236145 0.11079566180706024 0.2509969472885132 0.18733663856983185 0.42263638973236084
