7 0.9999977350234985 -0.01132296770811081 0.051549747586250305 0.106380395591259 0.35316765308380127
7 0.9999669790267944 -0.039507411420345306 0.057073041796684265 0.19973012804985046 0.41811424493789673
7 0.9996793866157532 0.08150722086429596 -0.014030277729034424 0.2014779895544052 0.21886885166168213
7 0.9994008541107178 -0.03514999896287918 0.2646174132823944 0.16849762201309204 0.6009615659713745
7 0.99896240234375 0.28830015659332275 0.031223192811012268 0.3885279893875122 0.27457141876220703
9 0.9979491829872131 0.2432912439107895 0.0970977246761322 0.30271634459495544 0.1669284999370575
7 0.9956560730934143 0.3295024335384369 0.16350382566452026 0.43970152735710144 0.39644891023635864
9 0.9936992526054382 0.036548029631376266 0.160663440823555 0.1174006313085556 0.19722293317317963
9 0.9909493923187256 0.32228967547416687 0.012718822807073593 0.369488388299942 0.10362526774406433
9 0.9544073343276978 0.04708890616893768 0.23919616639614105 0.12379641830921173 0.2797607481479645
5 0.952029287815094 0.6948584914207458 0.6474530100822449 0.7567400336265564 0.7724936604499817
7 0.9519192576408386 0.3235871195793152 0.31333211064338684 0.4410433769226074 0.5484017133712769
3 0.9440333843231201 0.23130148649215698 0.14627331495285034 0.32542020082473755 0.16187012195587158
3 0.8983157277107239 0.348630428314209 0.3741562068462372 0.4101294279098511 0.42948779463768005
5 0.8817316889762878 0.5698660016059875 0.027808237820863724 0.6179918646812439 0.1421687752008438
7 0.8510158061981201 0.1797313392162323 -0.026903048157691956 0.24185886979103088 0.15999288856983185
9 0.8437908887863159 0.08845634758472443 0.013461681082844734 0.14660708606243134 0.0593697726726532
4 0.7540081143379211 0.05334347486495972 -0.07527786493301392 0.157589852809906 0.14960497617721558
3 0.5737794041633606 0.4571513533592224 0.2079295516014099 0.5105427503585815 0.28270232677459717
9 0.48367419838905334 0.10651052743196487 0.43627095222473145 0.17479336261749268 0.4749513268470764
