7 0.9999868273735046 -0.03270360082387924 -0.06949833035469055 0.13252249360084534 0.34496280550956726
11 0.9999481439590454 0.10316877067089081 -0.03164329007267952 0.1561296135187149 0.06246514990925789
9 0.9999159574508667 0.21478424966335297 0.15092340111732483 0.27776724100112915 0.20104262232780457
7 0.9996398687362671 0.16815119981765747 0.0870501697063446 0.3084436058998108 0.34520021080970764
3 0.9996345639228821 0.6033884882926941 0.1341770887374878 0.658076822757721 0.20237529277801514
3 0.9994763135910034 0.6594072580337524 0.058768242597579956 0.7024217844009399 0.1689833104610443
7 0.9994256496429443 -0.02543891966342926 0.1794288009405136 0.1391962319612503 0.46641218662261963
7 0.9989547729492188 0.03372076898813248 0.0001272261142730713 0.1612754762172699 0.3263448178768158
9 0.9977782368659973 0.0795859768986702 0.08337092399597168 0.14591330289840698 0.11685025691986084
9 0.9946498870849609 0.20811022818088531 -0.03576621040701866 0.25386154651641846 0.07069900631904602
3 0.9922610521316528 0.4495699405670166 -0.0239410363137722 0.4930332899093628 0.08504432439804077
7 0.986839234828949 0.09560780972242355 -0.0259249210357666 0.22903650999069214 0.24667268991470337
5 0.9701979756355286 0.5147036910057068 -0.05269882082939148 0.5555902123451233 0.08626827597618103
7 0.9408239722251892 0.045523934066295624 0.2896607518196106 0.16535824537277222 0.49482882022857666
3 0.8786381483078003 0.16600733995437622 0.36033937335014343 0.31964272260665894 0.3662467300891876
4 0.8682622909545898 0.4612884819507599 0.05648575723171234 0.529137909412384 0.24633164703845978
7 0.8097840547561646 0.46008536219596863 0.31560102105140686 0.5414565205574036 0.4982709586620331
4 0.7129588723182678 0.32139909267425537 0.025968089699745178 0.40765225887298584 0.20345275104045868
9 0.7102022767066956 0.21762774884700775 0.5458866953849792 0.2893331050872803 0.5933684706687927
3 0.6769620180130005 0.23427116870880127 0.3837568461894989 0.3292804956436157 0.4118644893169403
