7 0.9999736547470093 0.09814776480197906 -0.029435977339744568 0.2058425396680832 0.22262530028820038
7 0.9999567270278931 0.030032232403755188 -0.03410038352012634 0.15588341653347015 0.30024173855781555
11 0.9999449253082275 0.11480546742677689 -0.03311958163976669 0.16667991876602173 0.059642694890499115
7 0.9997569918632507 0.18606716394424438 0.10365477204322815 0.3038005232810974 0.33438757061958313
9 0.9991063475608826 0.17169514298439026 0.15100716054439545 0.2420618236064911 0.19268979132175446
3 0.9989404678344727 0.5698903203010559 0.16367854177951813 0.6290498375892639 0.22025959193706512
9 0.9985915422439575 0.1042926013469696 0.06327800452709198 0.16059336066246033 0.10719932615756989
9 0.9963078498840332 0.21220016479492188 -0.04103532060980797 0.25744301080703735 0.07015910744667053
3 0.9941403269767761 0.6384971737861633 0.09365453571081161 0.6827941536903381 0.19386205077171326
3 0.98788982629776 0.4390055537223816 0.00230218842625618 0.48251789808273315 0.10362832248210907
7 0.9808981418609619 0.07130363583564758 0.35950759053230286 0.18075665831565857 0.5664710402488708
7 0.977957010269165 -0.01621120423078537 0.1763598620891571 0.1448848843574524 0.46343865990638733
3 0.961739718914032 0.16565224528312683 0.3926011025905609 0.29416921734809875 0.40639129281044006
7 0.8947110772132874 -0.022961139678955078 -0.08124522864818573 0.13186603784561157 0.31008726358413696
3 0.8399984240531921 0.3523697555065155 0.29434606432914734 0.44775786995887756 0.3091641962528229
7 0.8245329856872559 0.2612672746181488 0.027704298496246338 0.3551271855831146 0.22824084758758545
7 0.8191391825675964 0.4705532193183899 0.31604692339897156 0.5569239258766174 0.5076125860214233
4 0.8165967464447021 0.4588414132595062 0.07689918577671051 0.5282650589942932 0.2691267728805542
1 0.7569687962532043 0.4770430326461792 0.1026097908616066 0.5483325719833374 0.33593204617500305
8 0.5484491586685181 0.3023575246334076 0.004831686615943909 0.3830612003803253 0.19898299872875214
