7 0.9999980926513672 0.027770772576332092 -0.02486129105091095 0.1359143704175949 0.29326266050338745
7 0.9999916553497314 0.11140502989292145 -0.018977954983711243 0.1987481564283371 0.2147781401872635
11 0.9999477863311768 0.11429800093173981 -0.029759474098682404 0.16683612763881683 0.06149507313966751
9 0.9998877048492432 0.21893736720085144 0.14864224195480347 0.2819726765155792 0.19755059480667114
9 0.9983037114143372 0.09870630502700806 0.05349421501159668 0.15760201215744019 0.09373855590820312
7 0.9978803992271423 0.13554607331752777 -0.012904226779937744 0.43823516368865967 0.41476231813430786
9 0.9961955547332764 0.2165747880935669 -0.037017300724983215 0.262368381023407 0.07328779995441437
3 0.9935932755470276 0.4997076094150543 0.15284547209739685 0.5625876188278198 0.2040453851222992
7 0.9926942586898804 0.06028113514184952 0.3190256357192993 0.18747231364250183 0.5505810379981995
7 0.9908981323242188 0.09163684397935867 0.1302681565284729 0.236441969871521 0.39009177684783936
3 0.9723647832870483 0.5639004111289978 0.2398332953453064 0.6277229189872742 0.27576547861099243
3 0.892410397529602 0.41182225942611694 0.03140022233128548 0.45721864700317383 0.12216393649578094
3 0.8527935743331909 0.35741761326789856 0.341347336769104 0.4292977750301361 0.384202778339386
7 0.8159453272819519 0.28927338123321533 0.03450985252857208 0.37858569622039795 0.2355099767446518
11 0.7923017740249634 0.1932387351989746 0.285925954580307 0.440071165561676 0.6194635629653931
1 0.7480579018592834 0.45802971720695496 0.09792084991931915 0.5278269052505493 0.3338226079940796
9 0.7099035978317261 0.06813450157642365 0.3969314992427826 0.14746545255184174 0.42740562558174133
3 0.5901646614074707 0.2814469635486603 0.13969941437244415 0.3389280140399933 0.186249777674675
7 0.5535439252853394 0.4891781210899353 0.34435075521469116 0.5653631091117859 0.5064920783042908
4 0.5370355248451233 0.5013108849525452 0.1145377904176712 0.5661266446113586 0.29774564504623413
