7 0.99998939037323 0.013911239802837372 0.035299673676490784 0.13885855674743652 0.3313570022583008
9 0.9997955560684204 0.0395502895116806 0.293489545583725 0.1420726329088211 0.3173716366291046
9 0.9855685234069824 0.08796165883541107 0.21151655912399292 0.15862847864627838 0.25672394037246704
7 0.9772382974624634 0.09278950095176697 0.5119487643241882 0.21274760365486145 0.7255015969276428
7 0.9538372755050659 0.1840985268354416 -0.04659128934144974 0.25983089208602905 0.17371761798858643
7 0.9514203667640686 0.1704426109790802 0.2332214117050171 0.27934369444847107 0.4473341703414917
9 0.9327903389930725 0.32485702633857727 0.04210571199655533 0.3722885549068451 0.11167450994253159
3 0.9115414023399353 0.14898404479026794 0.09655138850212097 0.21982035040855408 0.13749858736991882
3 0.8582813143730164 0.37336838245391846 0.256582111120224 0.4411051869392395 0.3019038736820221
8 0.7673505544662476 0.42469125986099243 0.016273990273475647 0.472229540348053 0.1484147161245346
7 0.7506620287895203 0.19175374507904053 0.08418280631303787 0.2685161232948303 0.26711416244506836
4 0.7494331002235413 0.0678565725684166 -0.06649584323167801 0.17021813988685608 0.15359783172607422
7 0.7005209922790527 0.4629773497581482 0.09211406111717224 0.5412771105766296 0.29637619853019714
3 0.671555757522583 0.3541172444820404 0.3676447570323944 0.4152323305606842 0.4255248010158539
8 0.6507496237754822 0.0573895238339901 0.04185906797647476 0.14104768633842468 0.06671609729528427
7 0.5459989309310913 0.3705802857875824 0.036054037511348724 0.4474438726902008 0.2174210250377655
7 0.4403143525123596 0.13200464844703674 0.10629475116729736 0.3045041263103485 0.369388222694397
7 0.42929768562316895 -0.0032067373394966125 -0.08437423408031464 0.1338152289390564 0.22739844024181366
8 0.3984105885028839 0.349179208278656 0.4364010989665985 0.41020601987838745 0.5036427974700928
8 0.2963455319404602 0.2626597285270691 0.09561144560575485 0.31939607858657837 0.15662069618701935
