7 1 -0.022267475724220276 -0.0798550546169281 0.09357334673404694 0.22512707114219666
7 0.9999696016311646 0.059481218457221985 0.015524342656135559 0.33383387327194214 0.46345794200897217
9 0.999538779258728 0.0537581667304039 0.12452546507120132 0.1207871213555336 0.17964614927768707
7 0.9982092380523682 0.05847349390387535 0.23323339223861694 0.1425967514514923 0.44384104013442993
9 0.9952648878097534 0.06281362473964691 0.03242519125342369 0.1472923904657364 0.062153611332178116
9 0.9560012817382812 0.1752554327249527 0.3012681007385254 0.24265848100185394 0.35681086778640747
7 0.9542769193649292 0.13864192366600037 -0.008669838309288025 0.31883659958839417 0.2881673574447632
7 0.908387303352356 0.07617073506116867 0.5108283758163452 0.21741920709609985 0.7514005899429321
7 0.7058813571929932 0.23266614973545074 0.11293549835681915 0.3166356086730957 0.2907145023345947
7 0.5896561145782471 0.4584314525127411 0.0971914529800415 0.5357491970062256 0.3029182553291321
7 0.5726895928382874 0.009027477353811264 0.14702856540679932 0.11833041906356812 0.3671684265136719
3 0.5244366526603699 0.33130988478660583 0.35631826519966125 0.3938336670398712 0.41381964087486267
8 0.4684518277645111 0.323519229888916 0.4376109838485718 0.3812296390533447 0.5131512880325317
7 0.40680521726608276 0.028633400797843933 0.060544729232788086 0.12218661606311798 0.27497410774230957
4 0.33511883020401 0.20784005522727966 -0.02249159663915634 0.29811230301856995 0.17570504546165466
5 0.2775287628173828 0.14761008322238922 -0.0062050893902778625 0.20765046775341034 0.11100674420595169
7 0.25154638290405273 0.09607376903295517 -0.10465827584266663 0.27181681990623474 0.23194989562034607
7 0.23626652359962463 0.01115395873785019 -0.04327711462974548 0.08404890447854996 0.14625319838523865
7 0.23043620586395264 -0.019890666007995605 -0.004760459065437317 0.12545007467269897 0.3264474868774414
8 0.2007155567407608 0.39420124888420105 0.2717326581478119 0.4508173167705536 0.32876744866371155
