7 1 -0.04011950641870499 -0.10832500457763672 0.10904411226511002 0.266853392124176
9 0.999855637550354 0.06084129959344864 0.11686541885137558 0.1255747377872467 0.18325474858283997
9 0.9993579983711243 0.13125500082969666 0.2981112599372864 0.19705012440681458 0.3506293296813965
7 0.9981363415718079 0.12910936772823334 0.038052499294281006 0.3319529891014099 0.38980287313461304
9 0.9948569536209106 0.05395396798849106 0.03284277021884918 0.14255747199058533 0.05930881202220917
7 0.9936124086380005 0.17334361374378204 0.029903806746006012 0.2953001856803894 0.2585825026035309
7 0.9582428932189941 0.12123841047286987 0.1919064074754715 0.21780842542648315 0.3646290898323059
7 0.8886615633964539 0.029814045876264572 0.06166992336511612 0.11983545124530792 0.2983619272708893
7 0.774084746837616 0.42222607135772705 0.08581012487411499 0.5002003312110901 0.3036494851112366
8 0.5319252014160156 0.3098606467247009 0.3092929422855377 0.37313514947891235 0.36057791113853455
9 0.5104829668998718 0.27679872512817383 0.4374559223651886 0.33593738079071045 0.5026251077651978
10 0.4010049104690552 0.20812560617923737 -0.016211174428462982 0.2903929054737091 0.17098203301429749
7 0.39516177773475647 0.23312731087207794 0.36179468035697937 0.3185667097568512 0.5401889085769653
7 0.3294734060764313 0.024152420461177826 0.14923472702503204 0.20718297362327576 0.4921107292175293
8 0.2791031301021576 0.2016163170337677 0.08401383459568024 0.26408717036247253 0.13534007966518402
7 0.23705238103866577 0.10795874893665314 -0.09268899261951447 0.2654876708984375 0.21940018236637115
7 0.21877169609069824 0.10578741133213043 0.5068687796592712 0.2196052521467209 0.7163127064704895
7 0.21645492315292358 0.007945261895656586 -0.046459197998046875 0.08609984070062637 0.15401911735534668
5 0.20555715262889862 0.146638885140419 -0.002879541367292404 0.2049184888601303 0.11324302852153778
