7 0.9999891519546509 0.052318401634693146 -0.005099773406982422 0.16265857219696045 0.2872573733329773
7 0.9997274875640869 0.11997417360544205 -0.044185131788253784 0.28038290143013 0.275811105966568
9 0.9881123304367065 0.20243825018405914 0.16066637635231018 0.2702943682670593 0.19751939177513123
9 0.958833634853363 0.2589985430240631 -0.012753181159496307 0.30448922514915466 0.09535836428403854
9 0.9448061585426331 0.12355628609657288 0.10872304439544678 0.1906038224697113 0.14049428701400757
7 0.9348035454750061 0.18928520381450653 0.07821251451969147 0.3782930374145508 0.3812972903251648
5 0.9076654314994812 0.5987176299095154 0.49852561950683594 0.6558791995048523 0.6221863031387329
11 0.9072877764701843 0.19191664457321167 0.28727203607559204 0.4265172481536865 0.6034569144248962
3 0.8650357127189636 0.36802688241004944 0.31353139877319336 0.4364605247974396 0.3620760440826416
9 0.8155934810638428 0.12776131927967072 0.3397000730037689 0.189614936709404 0.40021345019340515
3 0.7796218991279602 0.5093721151351929 0.17663031816482544 0.5679001808166504 0.23026978969573975
3 0.6663604974746704 0.23646925389766693 0.15859973430633545 0.30372875928878784 0.19827985763549805
7 0.660710871219635 0.1429343819618225 0.17389637231826782 0.26614320278167725 0.3957299590110779
3 0.6416976451873779 0.5165945291519165 0.33391809463500977 0.5938968658447266 0.3609156608581543
7 0.6253336668014526 0.3907518982887268 0.18242676556110382 0.5772201418876648 0.5892818570137024
7 0.6002076864242554 0.20875556766986847 0.2537138760089874 0.31668752431869507 0.45858344435691833
1 0.5912051200866699 0.43228816986083984 0.1541142761707306 0.4978604316711426 0.36191973090171814
1 0.5247880816459656 0.3891381025314331 0.185469388961792 0.4582861661911011 0.39767444133758545
4 0.4215056896209717 0.38050389289855957 -0.026312917470932007 0.6020384430885315 0.3593299686908722
4 0.35531672835350037 -0.038672834634780884 -0.024040624499320984 0.14305052161216736 0.273301899433136
