7 0.9999485015869141 0.056713804602622986 -0.04635456204414368 0.23679806292057037 0.349896639585495
7 0.9995923042297363 -0.007041752338409424 -0.053212523460388184 0.16609728336334229 0.37400245666503906
9 0.994028627872467 0.17820307612419128 0.15055279433727264 0.2444271743297577 0.19772012531757355
9 0.9860196709632874 0.10098063945770264 0.3660118579864502 0.1652160882949829 0.4127897024154663
7 0.9840805530548096 0.2487812042236328 0.029689475893974304 0.4058222770690918 0.3408588767051697
7 0.9111443161964417 -0.0004365071654319763 -0.01119638979434967 0.09630092233419418 0.15929652750492096
7 0.8992194533348083 0.07251711189746857 0.2501320242881775 0.18029503524303436 0.4542086720466614
7 0.8707168698310852 0.19155432283878326 0.20386028289794922 0.34714388847351074 0.47431689500808716
9 0.8104649782180786 0.04951982945203781 0.11019128561019897 0.1111113503575325 0.1502813696861267
7 0.6892659664154053 0.09993064403533936 -0.007309585809707642 0.21945488452911377 0.2738514244556427
3 0.6591747999191284 0.43264952301979065 0.21334387362003326 0.487061470746994 0.2833392322063446
8 0.5664771795272827 0.26385200023651123 0.1113533303141594 0.3381432294845581 0.14940714836120605
9 0.5305940508842468 0.2695935368537903 0.16854572296142578 0.3263961672782898 0.22935229539871216
