7 0.9999997615814209 -0.0310538187623024 -0.07245975732803345 0.10377571731805801 0.2554709315299988
9 0.9992536902427673 0.062453653663396835 0.15639670193195343 0.13099709153175354 0.21611981093883514
7 0.9973524808883667 0.023915480822324753 0.05791895091533661 0.1309109777212143 0.32282137870788574
7 0.9963265061378479 0.1489218771457672 0.05689159035682678 0.3305862247943878 0.35691210627555847
9 0.9904518723487854 0.055406540632247925 0.04586276412010193 0.1464041769504547 0.0704202950000763
7 0.9761008024215698 0.1427845060825348 0.1876029670238495 0.257397323846817 0.3884446918964386
7 0.795295000076294 0.4321502447128296 0.1324048489332199 0.5026823878288269 0.323397696018219
7 0.765404462814331 0.22188355028629303 0.33152297139167786 0.3105049133300781 0.516577959060669
9 0.6631497144699097 0.1428685188293457 0.343648225069046 0.20631510019302368 0.38937851786613464
11 0.569499135017395 0.18342190980911255 0.0669279620051384 0.3002750873565674 0.27099788188934326
9 0.5507856011390686 0.26116374135017395 0.4155074954032898 0.3228210508823395 0.47835689783096313
9 0.49503615498542786 0.12699073553085327 0.27110540866851807 0.20062071084976196 0.31026697158813477
4 0.4701584577560425 0.21952280402183533 -0.010492242872714996 0.30149009823799133 0.17272111773490906
8 0.4045031666755676 0.3272499442100525 0.27652060985565186 0.39490145444869995 0.3273094892501831
5 0.28125283122062683 0.14366428554058075 -0.007043134421110153 0.20298625528812408 0.10965277254581451
