7 0.9999734163284302 0.02907310053706169 0.0690252035856247 0.13472922146320343 0.3339999318122864
9 0.9995768070220947 0.08155690878629684 0.2141515165567398 0.15449970960617065 0.2629041075706482
7 0.9976275563240051 0.08773857355117798 0.1293615698814392 0.22552955150604248 0.3834916949272156
7 0.9785323143005371 0.09047085791826248 0.4818447530269623 0.23166006803512573 0.7236087322235107
3 0.9745427370071411 0.16253367066383362 0.10235145688056946 0.2392505705356598 0.13498029112815857
3 0.9722722768783569 0.30258625745773315 0.0786122977733612 0.360626220703125 0.13876202702522278
9 0.9462158679962158 0.04824737459421158 0.3083604872226715 0.13001427054405212 0.3445076644420624
9 0.9435517191886902 0.3508318364620209 0.047730471938848495 0.3979070484638214 0.11637011170387268
7 0.9136442542076111 0.1944100260734558 -0.04014834761619568 0.2675553560256958 0.17347171902656555
3 0.886395275592804 0.35477182269096375 0.3500211536884308 0.4177089035511017 0.4072076380252838
7 0.8639325499534607 0.4482976794242859 0.0645548403263092 0.5291178226470947 0.28620198369026184
4 0.720838725566864 0.06720738857984543 -0.06385233253240585 0.16505050659179688 0.1512140929698944
8 0.6233015656471252 0.06936400383710861 0.031042857095599174 0.14697080850601196 0.06320209801197052
8 0.5631738901138306 0.46508729457855225 0.008077658712863922 0.5121678709983826 0.1365354359149933
7 0.5290716290473938 0.11719965189695358 0.23070722818374634 0.35941678285598755 0.5707876086235046
8 0.5165784358978271 0.34249407052993774 0.4166906476020813 0.4037932753562927 0.4842708706855774
3 0.44635283946990967 0.3688076138496399 0.2903560698032379 0.43225836753845215 0.3400960862636566
7 0.42923128604888916 0.5142151117324829 0.2968499958515167 0.5833102464675903 0.47268030047416687
5 0.3598650395870209 0.29303476214408875 0.11943533271551132 0.3838067948818207 0.2793221175670624
4 0.3363979458808899 0.42381417751312256 0.09390607476234436 0.502280592918396 0.284913569688797
