7 0.9999778866767883 0.01290961354970932 -0.03556869924068451 0.1426943838596344 0.311290442943573
3 0.9998608827590942 0.6809684634208679 0.04476422443985939 0.7239107489585876 0.15235620737075806
3 0.9998313188552856 0.607521116733551 0.1111735999584198 0.662849485874176 0.1774292290210724
11 0.9998173713684082 0.09482471644878387 -0.03085527941584587 0.14783860743045807 0.06556157767772675
7 0.9997024536132812 0.20053884387016296 0.11921864748001099 0.33661624789237976 0.38566672801971436
9 0.9993553757667542 0.24617217481136322 0.165794238448143 0.3069439232349396 0.2157890945672989
9 0.997090756893158 0.2046377956867218 -0.03051898255944252 0.2503718435764313 0.07777819037437439
7 0.9927533864974976 -0.015766717493534088 0.209122896194458 0.1298290193080902 0.4724494218826294
9 0.9923499822616577 0.07514519989490509 0.10600116848945618 0.15287385880947113 0.13174405694007874
3 0.9913727045059204 0.47648149728775024 -0.025031350553035736 0.5198481678962708 0.08494129031896591
7 0.9827055335044861 0.08208119869232178 -0.04308760166168213 0.30675679445266724 0.33770984411239624
7 0.9807001352310181 0.06540338695049286 0.2968330383300781 0.19030602276325226 0.5110922455787659
3 0.9580147862434387 0.15263678133487701 0.3866954743862152 0.28355729579925537 0.40061452984809875
4 0.9388853907585144 0.4522923231124878 0.041198283433914185 0.5205170512199402 0.23526576161384583
5 0.9355730414390564 0.5232774019241333 -0.05314810574054718 0.5636018514633179 0.08559955656528473
3 0.9350703358650208 0.2612975537776947 0.31137990951538086 0.38510170578956604 0.32017457485198975
7 0.8256568312644958 0.23111872375011444 0.34976887702941895 0.4014055132865906 0.6066685318946838
7 0.8018491864204407 0.5104962587356567 0.34252214431762695 0.5913645029067993 0.5244441628456116
7 0.7814486622810364 0.3126685917377472 0.016998164355754852 0.38972029089927673 0.19927823543548584
9 0.7475144863128662 0.07964847981929779 0.40511202812194824 0.14866788685321808 0.44641101360321045
