7 0.9997052550315857 -0.004941657185554504 0.14582787454128265 0.14228321611881256 0.4315947890281677
7 0.9995924830436707 -0.004597209393978119 -0.02196766436100006 0.14984175562858582 0.3422619104385376
3 0.9994617700576782 0.6626065373420715 0.03540504723787308 0.7057899832725525 0.13004696369171143
7 0.9990818500518799 -0.003863085061311722 -0.022744320333003998 0.10741613805294037 0.20944836735725403
7 0.9988592863082886 0.029320601373910904 0.13115622103214264 0.1324445605278015 0.35249263048171997
11 0.9984544515609741 0.10766666382551193 -0.013928867876529694 0.16206812858581543 0.07679996639490128
4 0.998420238494873 0.49097511172294617 0.0228196382522583 0.5560275316238403 0.20748186111450195
7 0.9943004250526428 0.18694882094860077 0.09608957171440125 0.32432156801223755 0.35461291670799255
8 0.9879332184791565 0.0835253894329071 0.08648046851158142 0.13042566180229187 0.13728812336921692
9 0.9871031641960144 0.21499201655387878 -0.010133091360330582 0.2614891827106476 0.09704822301864624
3 0.9748542904853821 0.5300914645195007 0.1162707507610321 0.589769184589386 0.16262897849082947
9 0.9518943428993225 0.23476769030094147 0.5873355865478516 0.3034209907054901 0.6474497318267822
9 0.8274106979370117 0.11091748625040054 0.09389451891183853 0.16930051147937775 0.13990725576877594
5 0.8172609210014343 0.7032926678657532 -0.0142739936709404 0.7476027607917786 0.09243559092283249
8 0.7764176726341248 0.49615466594696045 0.09828688204288483 0.5443408489227295 0.1834544986486435
3 0.7490876317024231 0.6369849443435669 -0.022274769842624664 0.6768697500228882 0.08806047588586807
3 0.7329980731010437 0.2912174463272095 0.34227925539016724 0.41189897060394287 0.3522675633430481
7 0.7254876494407654 0.07418954372406006 0.3905995786190033 0.18873435258865356 0.589701771736145
0 0.7069833278656006 0.7210984230041504 0.12417937070131302 0.7694178819656372 0.16161255538463593
9 0.6192830204963684 0.10784634947776794 0.14821162819862366 0.1633942425251007 0.21791890263557434
