7 0.9998270273208618 -0.018137145787477493 -0.06523415446281433 0.1017557829618454 0.23465225100517273
7 0.9996432065963745 0.13085013628005981 0.14933490753173828 0.25690019130706787 0.38892942667007446
9 0.9992923736572266 0.0829533040523529 0.14983625710010529 0.14801332354545593 0.21185724437236786
7 0.982125461101532 0.08434838056564331 0.5006940960884094 0.20434516668319702 0.7159548401832581
3 0.9819803237915039 0.25488027930259705 0.06577958166599274 0.31517139077186584 0.12365888059139252
5 0.9619343876838684 0.2893894910812378 0.11979683488607407 0.43560969829559326 0.31432870030403137
9 0.9529088139533997 0.1307007372379303 0.4028339684009552 0.2079503834247589 0.43704572319984436
7 0.9128902554512024 0.054045408964157104 0.25722479820251465 0.1810983121395111 0.5225225687026978
7 0.8368823528289795 0.21853633224964142 -0.019528470933437347 0.302121639251709 0.18150880932807922
9 0.8310012221336365 0.08380583673715591 0.26573145389556885 0.15055933594703674 0.3190300464630127
9 0.7722862362861633 0.08214003592729568 0.03209587186574936 0.1608891487121582 0.06414524465799332
5 0.6939564347267151 0.35025081038475037 0.037623219192028046 0.41426387429237366 0.1818983554840088
3 0.6304501295089722 0.35097360610961914 0.40513765811920166 0.4159473180770874 0.45807361602783203
4 0.562232494354248 0.05529356375336647 -0.05584686994552612 0.1438717246055603 0.14136773347854614
3 0.5416310429573059 0.36583319306373596 0.25172629952430725 0.4294493496417999 0.3014361560344696
7 0.5392285585403442 0.4784753918647766 0.08571061491966248 0.5604727864265442 0.29468443989753723
8 0.4313286244869232 0.34494268894195557 0.4549696743488312 0.4063923954963684 0.5198744535446167
7 0.41992610692977905 0.3132733404636383 0.025002315640449524 0.4411335289478302 0.2879471182823181
7 0.31282684206962585 0.026631835848093033 0.10996013879776001 0.10868227481842041 0.32201552391052246
7 0.2864868938922882 0.020233336836099625 0.20868486166000366 0.13917791843414307 0.44325631856918335
