7 0.9990492463111877 0.048314809799194336 -0.0786646157503128 0.36305874586105347 0.42131519317626953
7 0.9668934345245361 0.05124630033969879 0.03757292032241821 0.21404890716075897 0.3466271162033081
7 0.9598888754844666 0.015608575195074081 0.02128361165523529 0.0918796956539154 0.16605336964130402
7 0.9598860144615173 0.2729750871658325 0.05469842255115509 0.451924204826355 0.3942497968673706
9 0.9397796392440796 0.13554485142230988 0.29699280858039856 0.19179598987102509 0.3716517388820648
7 0.863347589969635 0.23573410511016846 0.21002590656280518 0.3963063955307007 0.4992324113845825
9 0.8541147708892822 0.0689224898815155 0.12386209517717361 0.12667152285575867 0.17221307754516602
3 0.6179090738296509 0.43081891536712646 0.22382983565330505 0.4850078821182251 0.29394856095314026
8 0.3426746129989624 0.26808011531829834 0.14052222669124603 0.34507668018341064 0.1750105768442154
7 0.2739645838737488 0.11899891495704651 0.01696816086769104 0.2817719280719757 0.36221781373023987
7 0.2342768907546997 0.11505196988582611 0.2412095069885254 0.1892653852701187 0.4122040867805481
