11 0.9999253749847412 0.1194346696138382 -0.027918871492147446 0.1717613786458969 0.06300371885299683
7 0.9999182224273682 0.12072296440601349 -0.013505607843399048 0.24307970702648163 0.25797203183174133
7 0.9998841881752014 0.18572163581848145 0.10656385868787766 0.3053457736968994 0.3467905521392822
7 0.9997298717498779 0.05073198676109314 -0.00989040732383728 0.17921492457389832 0.30660322308540344
3 0.9997262358665466 0.5841942429542542 0.12047791481018066 0.6394137740135193 0.18822705745697021
9 0.9989376068115234 0.16244257986545563 0.18377314507961273 0.24086664617061615 0.21486027538776398
3 0.9976552724838257 0.6496383547782898 0.07145631313323975 0.6927860379219055 0.17589974403381348
9 0.9943494200706482 0.11644691228866577 0.0819532498717308 0.17313933372497559 0.1270245760679245
9 0.9937872290611267 0.22434060275554657 -0.036953892558813095 0.2701472043991089 0.07598081231117249
3 0.9917369484901428 0.4617118537425995 0.0013877302408218384 0.5053752660751343 0.1010814756155014
7 0.9820529818534851 -0.040712274610996246 0.16517971456050873 0.1534964144229889 0.49978405237197876
7 0.978674590587616 0.004537716507911682 -0.04392954707145691 0.13589416444301605 0.2872602641582489
7 0.9783870577812195 0.048990726470947266 0.3128741383552551 0.16151458024978638 0.5119346976280212
3 0.9730457067489624 0.17689427733421326 0.3780730962753296 0.2986898124217987 0.39434969425201416
3 0.9444369673728943 0.25093722343444824 0.3158019483089447 0.3771001100540161 0.32432857155799866
4 0.9287852644920349 0.45563116669654846 0.04119391739368439 0.5228201746940613 0.2307390421628952
7 0.8686220049858093 0.5003784894943237 0.32799357175827026 0.5819101333618164 0.5129537582397461
7 0.849605143070221 0.28410136699676514 0.018223673105239868 0.36595237255096436 0.20947417616844177
1 0.7316345572471619 0.46754220128059387 0.12792059779167175 0.5396637320518494 0.35741522908210754
3 0.7057227492332458 0.2629203796386719 0.12501031160354614 0.321170449256897 0.17865413427352905
