7 0.9999136924743652 0.05597708374261856 -0.013055697083473206 0.18392708897590637 0.298389196395874
7 0.9990723729133606 0.11857761442661285 -0.07098768651485443 0.3373063802719116 0.3226732611656189
7 0.9971686601638794 0.1867620199918747 0.11231951415538788 0.3040359318256378 0.3457280397415161
9 0.9855902791023254 0.1776605099439621 0.15261879563331604 0.2549511790275574 0.18266919255256653
9 0.9647673964500427 0.256395548582077 -0.01726909726858139 0.30187365412712097 0.09376605600118637
9 0.9472211003303528 0.13616494834423065 0.11944029480218887 0.20037604868412018 0.15374895930290222
11 0.9019847512245178 0.18997785449028015 0.27776461839675903 0.43277105689048767 0.5997406244277954
5 0.8999561667442322 0.6092285513877869 0.4900315999984741 0.6668203473091125 0.6152331829071045
3 0.8387826681137085 0.19884216785430908 0.39298874139785767 0.31044089794158936 0.40822821855545044
3 0.8245304822921753 0.5288195610046387 0.1574019491672516 0.5856975317001343 0.2164384424686432
7 0.7939414381980896 0.21029400825500488 0.2638443410396576 0.3183298110961914 0.4686117470264435
9 0.7782213091850281 0.12996616959571838 0.33105945587158203 0.19190886616706848 0.3919592499732971
7 0.714466392993927 0.36760297417640686 0.1750820279121399 0.5316221714019775 0.5439320206642151
3 0.703464686870575 0.2503829598426819 0.13533449172973633 0.31579655408859253 0.17913508415222168
1 0.594134509563446 0.37614667415618896 0.16296511888504028 0.4449681043624878 0.3799428343772888
3 0.4355030953884125 0.4047614634037018 0.36890164017677307 0.4984651505947113 0.38251492381095886
4 0.42227786779403687 0.4194234609603882 0.0014076530933380127 0.5626198649406433 0.28515419363975525
4 0.3717203438282013 0.40397340059280396 0.13339656591415405 0.47105932235717773 0.33458411693573
4 0.3592023253440857 -0.040485210716724396 -0.027737945318222046 0.14285564422607422 0.2721204459667206
4 0.33270180225372314 0.42906907200813293 0.14188821613788605 0.4910685122013092 0.3112906217575073
