7 0.9999809265136719 -0.038938961923122406 -0.09540410339832306 0.15192583203315735 0.37386125326156616
11 0.9999560117721558 0.07775768637657166 -0.0296422578394413 0.13327500224113464 0.05988642945885658
9 0.9994686245918274 0.16988062858581543 -0.0284830741584301 0.21616393327713013 0.07705442607402802
7 0.9992198944091797 -0.012458879500627518 -0.043897032737731934 0.08596529066562653 0.16271263360977173
7 0.9989217519760132 0.00016590207815170288 0.18432201445102692 0.13215693831443787 0.4415803551673889
3 0.9988222718238831 0.662701427936554 0.0397651344537735 0.7050279974937439 0.14070390164852142
9 0.9978251457214355 0.21925361454486847 0.1542309820652008 0.2817515432834625 0.20125684142112732
7 0.9978172779083252 0.15610899031162262 0.033447906374931335 0.3386532664299011 0.3495507836341858
4 0.9837262630462646 0.4749870300292969 0.03667222708463669 0.5406432151794434 0.22103124856948853
3 0.9806646108627319 0.569962203502655 0.11813108623027802 0.6257525086402893 0.17360879480838776
5 0.95159912109375 0.5513398051261902 -0.0378694087266922 0.592858612537384 0.08761973679065704
3 0.9501487612724304 0.5254286527633667 -0.00730176642537117 0.5675625801086426 0.09657652676105499
9 0.9491276144981384 0.2335178703069687 0.610239565372467 0.3051117956638336 0.6617541909217834
3 0.8761627674102783 0.4926786720752716 0.38184303045272827 0.5689330697059631 0.41465646028518677
3 0.8516443967819214 0.29461294412612915 0.33349910378456116 0.4210585355758667 0.34234651923179626
7 0.8513549566268921 0.057498425245285034 0.3702607750892639 0.1695910394191742 0.5676570534706116
9 0.788824737071991 0.08313266932964325 0.06485296040773392 0.14733834564685822 0.10292934626340866
8 0.7878645062446594 0.5208503603935242 0.07227060198783875 0.5674182772636414 0.16760501265525818
3 0.7747496962547302 0.3604717552661896 0.09741118550300598 0.4140101373195648 0.17513534426689148
8 0.7585077285766602 0.12229426205158234 -0.05702958256006241 0.251586377620697 0.17415568232536316
