9 0.9914162755012512 0.09422934055328369 0.37091970443725586 0.16102778911590576 0.4165264368057251
7 0.9847147464752197 0.07991296052932739 0.24116982519626617 0.19084417819976807 0.4407848119735718
7 0.9707241058349609 0.11573797464370728 0.08401669561862946 0.21520674228668213 0.31548237800598145
11 0.8599419593811035 0.24740715324878693 0.4342068135738373 0.36334851384162903 0.6409726142883301
7 0.8557799458503723 0.265514999628067 0.06102555990219116 0.40622052550315857 0.3227112293243408
7 0.8493233323097229 0.18717831373214722 0.12114176154136658 0.34994471073150635 0.41475316882133484
9 0.8442312479019165 0.21267519891262054 0.22156880795955658 0.27491295337677 0.2714880108833313
7 0.825778603553772 0.29490214586257935 0.29043543338775635 0.43930763006210327 0.6050992608070374
7 0.6962852478027344 -0.020855210721492767 -0.03440193831920624 0.09937336295843124 0.16838602721691132
7 0.6819387078285217 0.013708122074604034 -0.013840138912200928 0.1663600206375122 0.3507080674171448
8 0.6501513123512268 0.17729943990707397 0.04118696227669716 0.22939783334732056 0.1217058002948761
9 0.5819205045700073 0.18144544959068298 0.07740963995456696 0.23659011721611023 0.14919613301753998
7 0.5099746584892273 0.3573185205459595 0.2281891107559204 0.4711223840713501 0.49479585886001587
8 0.41211533546447754 0.2851138412952423 0.21604685485363007 0.34881529211997986 0.2616216540336609
8 0.3368295133113861 0.40871572494506836 0.2274279147386551 0.4630240201950073 0.29632285237312317
5 0.28283604979515076 0.6186519265174866 0.5930207967758179 0.6920303702354431 0.7346161603927612
7 0.2539066970348358 0.0279899463057518 0.20691192150115967 0.14214465022087097 0.4435763359069824
7 0.24372945725917816 -2.949070930480957 -1.7550921440124512 4.1386308670043945 2.827515125274658
7 0.2313479781150818 0.01317424327135086 0.1323133409023285 0.12308280915021896 0.373916357755661
7 0.21491725742816925 0.15372712910175323 0.050554774701595306 0.22272716462612152 0.21827355027198792
