7 1 -0.025265101343393326 -0.07463937997817993 0.0867425799369812 0.22313594818115234
7 0.9999653100967407 0.07887734472751617 -0.013823002576828003 0.30852532386779785 0.3754185140132904
7 0.9993748068809509 0.05736861750483513 0.2388918548822403 0.14046134054660797 0.4455820322036743
9 0.9983479380607605 0.01813006028532982 0.15105953812599182 0.10347247123718262 0.179528146982193
9 0.9925752282142639 0.07840282469987869 0.02716987021267414 0.15101408958435059 0.06386889517307281
9 0.9625040292739868 0.09745631366968155 0.1521340161561966 0.16525688767433167 0.18398438394069672
9 0.9260649681091309 0.16450998187065125 0.3045147657394409 0.2332368791103363 0.35850775241851807
10 0.7965655326843262 0.19573074579238892 -0.033679768443107605 0.28482991456985474 0.16701076924800873
7 0.7899665236473083 0.08766435086727142 0.5204903483390808 0.22530771791934967 0.7552009224891663
8 0.7886567115783691 0.14402151107788086 0.06373518705368042 0.21133697032928467 0.10471415519714355
7 0.766094446182251 0.21283447742462158 0.07556263357400894 0.2912524938583374 0.23937353491783142
7 0.6325771808624268 0.06162776052951813 -0.13404978811740875 0.25088125467300415 0.24024327099323273
7 0.5892266631126404 0.4427585303783417 0.07604264467954636 0.5236591696739197 0.29433369636535645
3 0.5879279971122742 0.3389497697353363 0.3540932238101959 0.40070781111717224 0.41476085782051086
7 0.5561176538467407 0.0001381412148475647 0.15762567520141602 0.11333747953176498 0.3816898465156555
8 0.4197601079940796 0.32854488492012024 0.44628894329071045 0.38709792494773865 0.5204940438270569
7 0.37985000014305115 0.2372022569179535 0.0016123652458190918 0.41578736901283264 0.28844720125198364
7 0.33511826395988464 0.014469888061285019 0.08084317296743393 0.1128566563129425 0.2980128824710846
7 0.32976943254470825 -0.00696873664855957 -0.026520773768424988 0.19971752166748047 0.30351245403289795
7 0.28454336524009705 0.007854368537664413 -0.04520092159509659 0.08134141564369202 0.1430300772190094
