7 0.999997615814209 -0.03742141276597977 -0.06879352033138275 0.14164048433303833 0.38334107398986816
11 0.9998819828033447 0.08603312820196152 -0.027548883110284805 0.14109395444393158 0.06001255288720131
7 0.9997340440750122 -0.02462824434041977 0.17582634091377258 0.146738201379776 0.4702913463115692
9 0.999091625213623 0.17562036216259003 -0.026278380304574966 0.22208000719547272 0.07791006565093994
3 0.9987576007843018 0.6626017093658447 0.04075063392519951 0.7050119638442993 0.13819818198680878
7 0.9985980987548828 0.17241211235523224 0.05909454822540283 0.35170048475265503 0.3686264157295227
7 0.9973660111427307 -0.013352680951356888 -0.024143531918525696 0.08919058740139008 0.1878729611635208
9 0.9972406029701233 0.2234654724597931 0.17059609293937683 0.28762689232826233 0.2158450186252594
3 0.9907486438751221 0.5750389695167542 0.1137733981013298 0.6314591765403748 0.16801035404205322
5 0.9713687896728516 0.5511374473571777 -0.041445717215538025 0.5924109220504761 0.08529190719127655
3 0.9635851383209229 0.5152300000190735 -0.011826593428850174 0.5573715567588806 0.09300060570240021
9 0.945944607257843 0.24204808473587036 0.556296169757843 0.3087638020515442 0.6163085103034973
9 0.9061757922172546 0.08886933326721191 0.06640587747097015 0.15225762128829956 0.10564161837100983
4 0.8848541975021362 0.4765866696834564 0.03760858625173569 0.5428765416145325 0.2240906059741974
3 0.8814261555671692 0.22874173521995544 0.3488539457321167 0.36938348412513733 0.3555517792701721
7 0.8519694209098816 0.05623558536171913 0.3127879500389099 0.18015238642692566 0.5243902802467346
3 0.8159977793693542 0.3600887358188629 0.10672765970230103 0.41487541794776917 0.18052184581756592
8 0.8095837235450745 0.5227696299552917 0.0663166344165802 0.5698243975639343 0.15884491801261902
8 0.6606709957122803 0.14174118638038635 -0.05472802370786667 0.26943239569664 0.17546916007995605
9 0.6582292914390564 0.07360447943210602 0.42730164527893066 0.14714406430721283 0.4619644284248352
