7 0.9999758005142212 0.10241865366697311 -0.015368528664112091 0.19588786363601685 0.213559091091156
11 0.9999525547027588 0.11109893023967743 -0.03181662783026695 0.16328801214694977 0.05956175550818443
7 0.9999023079872131 0.024101726710796356 -0.046213120222091675 0.16947805881500244 0.32427844405174255
7 0.9995483756065369 0.18728896975517273 0.10297022759914398 0.29924264550209045 0.3230132460594177
9 0.9991310238838196 0.19036896526813507 0.13621775805950165 0.25626689195632935 0.18560440838336945
9 0.9983027577400208 0.10446726530790329 0.07123590260744095 0.16119223833084106 0.11324166506528854
3 0.9980310797691345 0.5750516653060913 0.15930621325969696 0.6319468021392822 0.2205498367547989
9 0.997248649597168 0.20826858282089233 -0.03967124596238136 0.25384223461151123 0.06911778450012207
3 0.9892149567604065 0.6385691165924072 0.09264218807220459 0.6823098659515381 0.1956392526626587
3 0.987816333770752 0.45253440737724304 0.0052959732711315155 0.49602702260017395 0.10593302547931671
3 0.9791375994682312 0.12466369569301605 0.40581852197647095 0.2755463123321533 0.4156838655471802
7 0.9784289002418518 0.05840548872947693 0.35488325357437134 0.17658671736717224 0.5687819123268127
7 0.9727789759635925 -0.019302695989608765 0.17755556106567383 0.1403578221797943 0.4702385663986206
7 0.8633653521537781 0.2716944217681885 0.03638096898794174 0.3675057888031006 0.24197128415107727
7 0.8464041352272034 0.47179096937179565 0.3236677646636963 0.5556249022483826 0.5117685198783875
4 0.8164660930633545 0.4756196439266205 0.07239405065774918 0.543926477432251 0.2635895907878876
3 0.7855883240699768 0.3228549063205719 0.30068954825401306 0.427011638879776 0.31269803643226624
3 0.6493312120437622 0.26161903142929077 0.13012368977069855 0.32000643014907837 0.18461929261684418
8 0.41536906361579895 0.3206528425216675 0.00856054574251175 0.40842270851135254 0.21469753980636597
4 0.40444618463516235 0.4491860568523407 0.08466479182243347 0.5138619542121887 0.26869097352027893
