7 0.999977707862854 0.09963484108448029 -0.024538077414035797 0.20074866712093353 0.21692350506782532
11 0.9999535083770752 0.11327176541090012 -0.03223469480872154 0.16537314653396606 0.05864342674612999
7 0.9999029636383057 0.030304178595542908 -0.03357653319835663 0.16110576689243317 0.312167227268219
7 0.9996523857116699 0.1905357837677002 0.10080717504024506 0.3059256672859192 0.3271617889404297
9 0.9993215203285217 0.17853274941444397 0.13893139362335205 0.24661299586296082 0.18418258428573608
9 0.9987838864326477 0.10581330955028534 0.06557854264974594 0.16270972788333893 0.10747823864221573
3 0.9984140396118164 0.5614720582962036 0.16796311736106873 0.6212084293365479 0.2229156196117401
9 0.9969837069511414 0.2094794660806656 -0.03972199186682701 0.25489190220832825 0.06903383135795593
3 0.9937489032745361 0.6369214653968811 0.09724336117506027 0.6812208294868469 0.19644248485565186
7 0.9904705286026001 -0.01563696563243866 0.17605151236057281 0.13898251950740814 0.45888322591781616
3 0.9877888560295105 0.442897230386734 0.0031820647418498993 0.48636749386787415 0.10466067492961884
7 0.9690718054771423 0.05892379209399223 0.3626896142959595 0.17380981147289276 0.5731388330459595
3 0.9480544924736023 0.1177087128162384 0.40333378314971924 0.26786985993385315 0.41333699226379395
4 0.8989492654800415 0.45792004466056824 0.07048521935939789 0.5280147790908813 0.26552116870880127
7 0.8779462575912476 0.26401811838150024 0.029351405799388885 0.36325782537460327 0.23824363946914673
7 0.8009016513824463 0.4848688244819641 0.3384568393230438 0.5713207125663757 0.5284755229949951
3 0.7940407395362854 0.2869047224521637 0.31273943185806274 0.40281400084495544 0.32237428426742554
1 0.7047044038772583 0.47146520018577576 0.1036776527762413 0.5437711477279663 0.3368818461894989
3 0.6130500435829163 0.26037701964378357 0.12803101539611816 0.3187123239040375 0.18052923679351807
8 0.48710283637046814 0.31105682253837585 0.007321849465370178 0.3943467438220978 0.20578812062740326
