7 0.9982428550720215 0.02337493747472763 0.056288957595825195 0.1281702220439911 0.3219764828681946
7 0.9978787302970886 -0.026393085718154907 -0.03920847177505493 0.14682063460350037 0.2756209969520569
9 0.9972013235092163 0.11741918325424194 0.31960615515708923 0.18670499324798584 0.36192557215690613
9 0.9969291687011719 0.06999503076076508 0.19505509734153748 0.14367128908634186 0.2413412630558014
7 0.996570348739624 0.1525193154811859 0.05699792504310608 0.328378289937973 0.3571038544178009
7 0.983970046043396 0.11024491488933563 0.17932772636413574 0.2262224704027176 0.3754914402961731
7 0.8331644535064697 0.03525601327419281 -0.11273179948329926 0.3118089437484741 0.29825854301452637
7 0.7584535479545593 0.43412959575653076 0.1363590955734253 0.504430890083313 0.3262694478034973
7 0.7341220378875732 0.23125147819519043 0.3553258180618286 0.3188358545303345 0.5383526682853699
8 0.7059476971626282 0.11122257262468338 0.27393096685409546 0.18462175130844116 0.3116181492805481
4 0.6579149961471558 0.25909602642059326 0.023734189569950104 0.34973788261413574 0.21233484148979187
7 0.5633048415184021 0.1797521710395813 0.0696447566151619 0.3003883361816406 0.27874666452407837
8 0.44389963150024414 0.3125404119491577 0.2822149395942688 0.3824934959411621 0.3282989263534546
9 0.40813249349594116 0.26619794964790344 0.4470212459564209 0.32610365748405457 0.511761486530304
7 0.27786773443222046 0.14618858695030212 -0.024981051683425903 0.30871954560279846 0.2704085409641266
