7 0.9989084005355835 0.09849905967712402 -0.05622544884681702 0.3246018886566162 0.31724175810813904
7 0.9921072721481323 0.2424992024898529 0.12236670404672623 0.36299267411231995 0.34948477149009705
9 0.9888664484024048 0.18160666525363922 0.1757698357105255 0.2626933157444 0.20303884148597717
7 0.9433958530426025 0.09339551627635956 0.024040043354034424 0.20660020411014557 0.3045635223388672
11 0.9418624043464661 0.18889865279197693 0.2884983420372009 0.4196528494358063 0.6015564203262329
5 0.9304966926574707 0.609618067741394 0.47107869386672974 0.6668710708618164 0.596262514591217
3 0.8900658488273621 0.3630107641220093 0.3447921872138977 0.43164145946502686 0.3943474292755127
7 0.8253631591796875 0.33315369486808777 0.2075996994972229 0.5312283039093018 0.6247456669807434
3 0.78923100233078 0.5321387648582458 0.17612168192863464 0.5887822508811951 0.23503610491752625
9 0.640069305896759 0.24464276432991028 0.001315522938966751 0.290376752614975 0.10444958508014679
3 0.5283508896827698 0.26607757806777954 0.16312828660011292 0.33211833238601685 0.20450952649116516
7 0.38250836730003357 0.4236908257007599 0.1868869960308075 0.48878738284111023 0.38073787093162537
7 0.3749207854270935 -0.09529444575309753 -0.1842348575592041 0.3737262189388275 0.37419867515563965
7 0.3599405884742737 0.025426745414733887 0.08459451049566269 0.12432777881622314 0.3320361077785492
3 0.3529694080352783 0.5163870453834534 0.3303442895412445 0.5796895623207092 0.37080708146095276
9 0.32235997915267944 0.13497279584407806 0.3406577408313751 0.1956849843263626 0.4035322368144989
4 0.3009876608848572 0.4098213016986847 0.005996033549308777 0.6053992509841919 0.34867358207702637
4 0.28744953870773315 0.08167208731174469 -0.0164710134267807 0.17813347280025482 0.20025043189525604
8 0.2812798321247101 0.101282998919487 0.1849551796913147 0.1772853285074234 0.20383435487747192
7 0.23226629197597504 0.041776567697525024 0.2780402898788452 0.25629934668540955 0.6136661767959595
