7 0.9999871253967285 0.009888339787721634 0.02548806369304657 0.1087011843919754 0.2921202778816223
9 0.9996488690376282 0.050993550568819046 0.23801492154598236 0.13236285746097565 0.2761852741241455
9 0.9990161657333374 0.08001117408275604 0.16339804232120514 0.14745326340198517 0.21609239280223846
7 0.9798787832260132 0.08654871582984924 0.49442258477211 0.21418514847755432 0.719005823135376
9 0.9672125577926636 0.33590051531791687 0.030327744781970978 0.3822779357433319 0.10281478613615036
7 0.9500181674957275 0.1326124668121338 0.09087899327278137 0.2910042405128479 0.33569958806037903
7 0.9336819648742676 0.18501368165016174 -0.04359539598226547 0.25810113549232483 0.16924044489860535
7 0.922849714756012 0.418351948261261 0.06562037020921707 0.4998132586479187 0.28532183170318604
3 0.8588411808013916 0.3055354952812195 0.06696103513240814 0.3612958788871765 0.13453395664691925
3 0.8452432155609131 0.15064787864685059 0.09373767673969269 0.2222435474395752 0.132302924990654
7 0.8066588640213013 0.20672911405563354 0.07231330871582031 0.27675068378448486 0.24887526035308838
8 0.7834976315498352 0.061742205172777176 0.04150623455643654 0.14261864125728607 0.06809252500534058
4 0.7529606223106384 0.06660031527280807 -0.06724479049444199 0.16756504774093628 0.15105673670768738
3 0.6779635548591614 0.33051297068595886 0.3638852536678314 0.3945886194705963 0.4170924127101898
3 0.5662378668785095 0.3650204539299011 0.2814016342163086 0.4287753701210022 0.3303840756416321
8 0.5146582126617432 0.4834594130516052 0.006019920110702515 0.530758798122406 0.13533809781074524
7 0.4939134418964386 0.18246927857398987 0.23688587546348572 0.2893429696559906 0.43948855996131897
9 0.4791366755962372 0.18857409060001373 0.3502197563648224 0.25016772747039795 0.4047797620296478
8 0.43071720004081726 0.332316130399704 0.43180137872695923 0.39495447278022766 0.4962884187698364
7 0.4047092795372009 0.003136802464723587 0.16438648104667664 0.0987318903207779 0.39227262139320374
