0 0.578228235244751 0.17471501231193542 0.0791463851928711 0.5471218824386597 1.1075152158737183
1 0.5163814425468445 0.11123529076576233 0.6962698698043823 0.14899787306785583 0.810523509979248
1 0.5154246687889099 0.10392612218856812 0.6587558388710022 0.14508777856826782 0.7713975310325623
0 0.510955274105072 0.06391622126102448 0.1257288157939911 0.4417843818664551 0.9737112522125244
1 0.5103427171707153 0.11335219442844391 0.5740865468978882 0.16208307445049286 0.6948657035827637
1 0.500249981880188 0.189337357878685 0.5975186228752136 0.22472383081912994 0.7474778294563293
0 0.49884700775146484 0.824296772480011 -1.232826590538025 1.0210915803909302 2.296053409576416
0 0.4987659156322479 0.22115600109100342 -0.38873612880706787 0.7322502732276917 1.0220450162887573
0 0.49819740653038025 0.3484737277030945 -0.8796411156654358 0.7969288229942322 1.5414443016052246
0 0.49777501821517944 -9.196367263793945 0.30081841349601746 9.950437545776367 0.3064340651035309
0 0.49754494428634644 -8.847285270690918 0.3200000524520874 9.731572151184082 0.3266862630844116
0 0.4974933862686157 0.9081258773803711 -0.5866574048995972 0.9729635715484619 1.660286784172058
1 0.49737322330474854 0.1030154898762703 0.6290184259414673 0.1458272933959961 0.7058645486831665
0 0.4973525404930115 -9.262001037597656 0.3060530722141266 10.040653228759766 0.3130006492137909
0 0.4971618056297302 -2.313525676727295 0.30809059739112854 3.5423741340637207 0.31688711047172546
0 0.49715834856033325 -3.626730442047119 0.30023741722106934 4.4838080406188965 0.3088724613189697
1 0.4952894151210785 0.0753467008471489 0.5747957229614258 0.1148565486073494 0.6459290981292725
0 0.4884931445121765 -0.690712571144104 0.21506258845329285 1.2975249290466309 0.22718188166618347
1 0.45431777834892273 0.45646461844444275 0.5004943609237671 0.5100884437561035 0.6010735034942627
1 0.4123309254646301 0.25544193387031555 0.5446574687957764 0.3201213777065277 0.6284457445144653
