0 0.5734401941299438 0.18691639602184296 0.03817468881607056 0.5889535546302795 1.0897612571716309
1 0.5288867354393005 0.11151198297739029 0.6829823851585388 0.1493147909641266 0.7985139489173889
0 0.5240243673324585 0.058078616857528687 0.12781861424446106 0.4506097137928009 0.9905309677124023
1 0.5199835300445557 0.10237737745046616 0.6490684747695923 0.1429556906223297 0.7321213483810425
1 0.5195322632789612 0.11990562826395035 0.6541130542755127 0.16196182370185852 0.7667632102966309
1 0.5163252949714661 0.3166584074497223 0.15956515073776245 0.5496999621391296 1.0054585933685303
0 0.5073460340499878 0.20338600873947144 0.5962170958518982 0.23903048038482666 0.7489107251167297
1 0.5035494565963745 0.13038583099842072 0.6043410897254944 0.18222086131572723 0.7305157780647278
0 0.4987407922744751 0.23637552559375763 -0.4141404628753662 0.6888110041618347 1.0741550922393799
0 0.498634397983551 0.8137779235839844 -1.0791041851043701 1.0186762809753418 2.170466899871826
0 0.4985763430595398 0.8836906552314758 -1.1332470178604126 0.9724740386009216 2.325329303741455
0 0.4982137084007263 0.3572654724121094 -1.0359461307525635 0.8046611547470093 1.6662876605987549
0 0.4979352355003357 -6.024771213531494 0.2788843810558319 6.77730131149292 0.28379419445991516
0 0.49787676334381104 -4.310996055603027 0.30287113785743713 5.226426124572754 0.3096470534801483
0 0.49781912565231323 -6.3699951171875 0.2945816218852997 7.241949081420898 0.300099641084671
0 0.49754974246025085 -2.1299471855163574 0.3260514736175537 3.337656021118164 0.3344200849533081
0 0.49752646684646606 -3.2598705291748047 0.3061402142047882 4.091639041900635 0.31227025389671326
0 0.49750882387161255 -7.443739414215088 0.29908883571624756 8.197330474853516 0.3043674826622009
0 0.497164785861969 0.9000003337860107 -0.647576093673706 0.9634363651275635 1.7299456596374512
0 0.4962962567806244 0.07633101940155029 0.5960672497749329 0.11674880981445312 0.6694625020027161
