1 0.8145685195922852 0.17155379056930542 0.1432638168334961 0.24334126710891724 0.3345245122909546
1 0.7935065627098083 0.22207792103290558 0.33089712262153625 0.2637469470500946 0.4320138394832611
1 0.7833818197250366 0.2611781656742096 0.12488844990730286 0.3039797842502594 0.21643581986427307
1 0.778622567653656 0.21143916249275208 0.42010802030563354 0.25213423371315 0.5180206298828125
1 0.7677701115608215 0.16857990622520447 0.22632426023483276 0.2429264485836029 0.4327494502067566
0 0.755510151386261 0.6068807244300842 0.06967196613550186 0.6553282141685486 0.16016331315040588
0 0.7549365758895874 0.7645233869552612 0.2990572452545166 0.8611210584640503 0.4723055362701416
0 0.7462643980979919 0.6458651423454285 0.30732104182243347 0.6926062703132629 0.3961273729801178
0 0.7403431534767151 0.6494780778884888 0.14158646762371063 0.7055968046188354 0.24516738951206207
1 0.7367711663246155 0.17688573896884918 0.01627282053232193 0.21252767741680145 0.1171746477484703
0 0.7262146472930908 0.6587523221969604 0.0347442664206028 0.6933469772338867 0.12399512529373169
1 0.7212364673614502 0.23169460892677307 0.04191937670111656 0.26134195923805237 0.13002696633338928
0 0.7160000205039978 0.6434234976768494 0.43187814950942993 0.6888955235481262 0.5251691341400146
0 0.7145253419876099 0.5710000991821289 0.1596420258283615 0.6209726333618164 0.2655818462371826
0 0.7143554091453552 0.6920614838600159 0.6951990127563477 0.7430364489555359 0.7895621061325073
1 0.7143211364746094 0.20197494328022003 0.5742287039756775 0.26125529408454895 0.6888142228126526
1 0.7095867991447449 0.18655170500278473 0.04089002311229706 0.23172496259212494 0.17596657574176788
1 0.7037211656570435 0.2871323227882385 0.06925085932016373 0.33266836404800415 0.1624702513217926
1 0.7011110782623291 0.19084271788597107 0.14468024671077728 0.2323133647441864 0.26326411962509155
0 0.6888978481292725 0.7454826831817627 0.19359411299228668 0.8336296081542969 0.3512221574783325
