1 0.9160544872283936 0.12100376188755035 0.21355323493480682 0.20415948331356049 0.4105169177055359
1 0.9149344563484192 0.39387133717536926 0.348364919424057 0.4519267976284027 0.49741455912590027
0 0.8514550924301147 0.5243550539016724 0.5820232033729553 0.5873885154724121 0.6933373808860779
1 0.8221332430839539 0.22688819468021393 0.08861614763736725 0.28375670313835144 0.19816456735134125
1 0.7996734380722046 0.2973485291004181 0.0675855502486229 0.37386879324913025 0.22322407364845276
0 0.7942817807197571 0.5463329553604126 0.4527939260005951 0.6127457618713379 0.5736850500106812
1 0.7714462280273438 0.3917989134788513 0.23108358681201935 0.46438539028167725 0.36473947763442993
1 0.7482723593711853 0.23274758458137512 0.25179916620254517 0.29790136218070984 0.35218411684036255
0 0.7153118848800659 0.7286956906318665 0.21853578090667725 0.8154415488243103 0.3956066966056824
1 0.65103679895401 0.3786391317844391 0.5646958947181702 0.44809767603874207 0.7275258898735046
1 0.6447601318359375 0.2968549430370331 0.5355206727981567 0.3632165491580963 0.656286358833313
0 0.6161482334136963 0.6366375088691711 0.27780866622924805 0.6812030673027039 0.399019718170166
0 0.5481877326965332 0.24141880869865417 0.031243838369846344 0.3069726526737213 0.15574154257774353
0 0.5386045575141907 0.5960265398025513 0.24639341235160828 0.6482746601104736 0.37818852066993713
1 0.4995079040527344 0.13254033029079437 0.701120913028717 0.16264446079730988 0.7638995051383972
0 0.4984869062900543 0.3850703835487366 -0.841926097869873 0.8553734421730042 1.4233958721160889
0 0.49823594093322754 -9.792881965637207 0.35257261991500854 10.562926292419434 0.35939693450927734
0 0.49809539318084717 0.8635534644126892 -1.5208630561828613 0.9679902195930481 2.655085563659668
0 0.49809420108795166 -9.81859302520752 0.3627679944038391 10.591689109802246 0.3696386218070984
0 0.4978923797607422 0.8085867762565613 -4.744582176208496 0.9729562401771545 5.788883209228516
