0 0.5778635144233704 0.17931945621967316 0.04001671075820923 0.5479070544242859 1.1274981498718262
1 0.53722083568573 0.1069556176662445 0.6833086609840393 0.14504101872444153 0.8031159043312073
1 0.5263432860374451 0.09647512435913086 0.6396695971488953 0.13970255851745605 0.7240883708000183
0 0.522340714931488 0.06234103441238403 0.1473352611064911 0.4297894835472107 0.984197735786438
1 0.520957350730896 0.11329177021980286 0.6416217088699341 0.16007646918296814 0.7518560886383057
0 0.5127586722373962 0.12612764537334442 0.5911074280738831 0.1758294254541397 0.7189491391181946
1 0.5069597959518433 0.3330480456352234 0.15006747841835022 0.532035231590271 0.9875611066818237
1 0.5006138682365417 0.1960037797689438 0.556322455406189 0.23271621763706207 0.7095472812652588
0 0.49913960695266724 0.07201386988162994 0.606879711151123 0.11293487250804901 0.682833194732666
0 0.498769074678421 0.8217256665229797 -0.8780964612960815 1.0237257480621338 1.932040810585022
0 0.49875131249427795 0.2137834131717682 -0.4546945095062256 0.7451702356338501 1.1450982093811035
0 0.49824362993240356 0.3466421961784363 -0.931988000869751 0.8076620697975159 1.614314317703247
0 0.4978829026222229 -7.499942302703857 0.29215171933174133 8.253701210021973 0.29763296246528625
0 0.4975937008857727 -7.557863235473633 0.302203893661499 8.429827690124512 0.30826622247695923
0 0.49748390913009644 -4.420428276062012 0.313412070274353 5.261833190917969 0.3214823007583618
0 0.4974464476108551 -9.30209732055664 0.31026118993759155 10.06814956665039 0.3171786665916443
0 0.49742454290390015 -5.234600067138672 0.2926958203315735 6.110128402709961 0.299896776676178
0 0.49701470136642456 0.8970369100570679 -0.6702089905738831 0.9627922773361206 1.7740423679351807
0 0.49093708395957947 -0.8466349840164185 0.22535178065299988 1.4650312662124634 0.23570701479911804
0 0.43749552965164185 0.5941511988639832 0.5125788450241089 0.6589556336402893 0.6513406038284302
