0 0.5739311575889587 0.17561635375022888 -0.0023539066314697266 0.5857141017913818 1.1297690868377686
0 0.5384305119514465 0.06221948564052582 0.12247630953788757 0.44437646865844727 1.001234531402588
1 0.5363855361938477 0.11673612892627716 0.6494956612586975 0.1588284820318222 0.7564079165458679
1 0.5329355597496033 0.09466438740491867 0.647943913936615 0.13605380058288574 0.73028165102005
1 0.5312803983688354 0.1069561168551445 0.6813293099403381 0.14285928010940552 0.7995354533195496
1 0.5218836665153503 0.07155422121286392 0.6105570793151855 0.11038228124380112 0.6862484216690063
1 0.5020415782928467 0.12696582078933716 0.6110663414001465 0.17556989192962646 0.7295743227005005
0 0.4987806975841522 0.25191110372543335 -0.42167502641677856 0.7214670777320862 1.0849239826202393
0 0.4987351596355438 0.7787562608718872 -0.7047693729400635 1.0444632768630981 1.66288423538208
0 0.4984016418457031 0.8800777196884155 -0.9861789345741272 0.9776182174682617 2.1756808757781982
0 0.49828681349754333 0.365871787071228 -0.9634064435958862 0.8075095415115356 1.6069828271865845
0 0.49753665924072266 -3.369666337966919 0.3143216669559479 4.164015769958496 0.32039734721183777
0 0.4973258078098297 -4.426823616027832 0.29650458693504333 5.133356094360352 0.3021092712879181
0 0.4972638189792633 -5.327701091766357 0.3080883324146271 6.052062511444092 0.31343838572502136
0 0.49710899591445923 -2.1976537704467773 0.28619879484176636 3.0842971801757812 0.2948017716407776
0 0.4971020221710205 -1.4282270669937134 0.30054396390914917 2.5712175369262695 0.3101457357406616
0 0.49670684337615967 -4.175756454467773 0.3039448857307434 5.000313758850098 0.3109346032142639
1 0.4961940050125122 0.1982145607471466 0.5911462903022766 0.23050186038017273 0.7587955594062805
0 0.4956766664981842 0.30792638659477234 0.11690181493759155 0.5095165967941284 1.0363194942474365
0 0.491629958152771 -0.8573511838912964 0.22975276410579681 1.4890655279159546 0.2384314090013504
