0 0.5935887694358826 0.19304826855659485 0.023736894130706787 0.5418237447738647 1.1439623832702637
1 0.5237541198730469 0.1060992032289505 0.6917192935943604 0.14269588887691498 0.8072621822357178
1 0.5199669003486633 0.3326234221458435 0.1400717794895172 0.5422897934913635 0.9959311485290527
1 0.5188305377960205 0.09901756793260574 0.6414309144020081 0.1393292397260666 0.7208308577537537
0 0.5170283913612366 0.0654086321592331 0.13519921898841858 0.4375588297843933 0.9743055105209351
1 0.5060036778450012 0.11320532858371735 0.5646114349365234 0.16634021699428558 0.6926730871200562
1 0.5006787180900574 0.18484017252922058 0.5910062789916992 0.2252415120601654 0.7466106414794922
0 0.49875760078430176 0.8327273726463318 -1.0656534433364868 1.0230718851089478 2.135251998901367
0 0.4987553358078003 0.22862303256988525 -0.4660131335258484 0.704293966293335 1.1204729080200195
1 0.49843868613243103 0.07292500883340836 0.5978800058364868 0.1112762913107872 0.6716386079788208
0 0.49826300144195557 0.3500760793685913 -0.8992310762405396 0.7834824323654175 1.562773585319519
0 0.49765104055404663 -7.971020698547363 0.2872190475463867 8.717829704284668 0.29317331314086914
0 0.49736863374710083 0.9052589535713196 -0.5989260077476501 0.9681900143623352 1.6809461116790771
0 0.4973222017288208 -7.514764785766602 0.29486456513404846 8.378674507141113 0.3018015921115875
0 0.49725541472435 -8.779487609863281 0.29815366864204407 9.538118362426758 0.3051101863384247
0 0.4971332252025604 -3.784780979156494 0.3061157166957855 4.604592800140381 0.3140001595020294
0 0.4967319369316101 -3.062518358230591 0.2863610088825226 3.959678888320923 0.2954382002353668
0 0.4959179759025574 -1.082810878753662 0.31261926889419556 2.314969778060913 0.321571409702301
0 0.48863381147384644 -0.7530988454818726 0.22296321392059326 1.3629258871078491 0.23407357931137085
