0 0.5676046013832092 0.18270254135131836 -0.005405426025390625 0.5873628258705139 1.1379573345184326
1 0.5321627259254456 0.11976616084575653 0.6421933770179749 0.1641392856836319 0.7486397624015808
1 0.5317822694778442 0.0956612229347229 0.6509466171264648 0.1375192403793335 0.7301461696624756
0 0.5182628035545349 0.0681830495595932 0.1341683566570282 0.4474582076072693 0.9988442659378052
1 0.514297604560852 0.11108240485191345 0.6886940598487854 0.14744535088539124 0.8013231158256531
0 0.5118793845176697 0.1920885592699051 0.5867445468902588 0.22499440610408783 0.7579281330108643
1 0.5011782050132751 0.3034456968307495 0.11723530292510986 0.5040258765220642 1.0213582515716553
1 0.5010995864868164 0.0733160749077797 0.6032136082649231 0.11310227960348129 0.6778573393821716
0 0.4988052248954773 0.24002417922019958 -0.4362971782684326 0.69835364818573 1.1153967380523682
0 0.4986579716205597 0.7671687602996826 -0.744864821434021 1.047592282295227 1.7210520505905151
0 0.4984191060066223 0.8831591606140137 -1.063555359840393 0.9725019931793213 2.239549160003662
0 0.49830424785614014 0.3640621304512024 -0.9273580312728882 0.7968828082084656 1.581201434135437
0 0.4977210760116577 -5.339024066925049 0.29351362586021423 6.0662455558776855 0.29935023188591003
0 0.4976465404033661 -3.5060296058654785 0.2977907061576843 4.315918922424316 0.30362969636917114
0 0.4974803328514099 -3.0973939895629883 0.28116199374198914 4.019242763519287 0.29012545943260193
0 0.4974382817745209 -1.9769675731658936 0.31028038263320923 3.1714518070220947 0.320268452167511
0 0.4927799701690674 0.44382524490356445 0.345886766910553 0.5001096725463867 0.4565519690513611
0 0.4915233850479126 -0.7618216276168823 0.22323958575725555 1.387835144996643 0.23230208456516266
