1 0.9043236970901489 0.4081788957118988 0.3624885082244873 0.47005215287208557 0.49401092529296875
1 0.9011454582214355 0.11428177356719971 0.21471281349658966 0.18886446952819824 0.4121721386909485
1 0.8572880625724792 0.37927520275115967 0.2594270706176758 0.45288729667663574 0.3814277648925781
1 0.8080251812934875 0.2464854121208191 0.11862483620643616 0.31321245431900024 0.22994360327720642
1 0.7996912002563477 0.23187004029750824 0.2669733464717865 0.2962406873703003 0.4010242521762848
0 0.785548746585846 0.5805903077125549 0.2794259488582611 0.6300644278526306 0.3903041183948517
0 0.7542669773101807 0.5066945552825928 0.6036614775657654 0.5703349113464355 0.7282519936561584
0 0.7390172481536865 0.32999810576438904 0.37511441111564636 0.3856647312641144 0.49271026253700256
0 0.593500554561615 0.523149311542511 0.6222048401832581 0.5898190140724182 0.7419388890266418
1 0.5747109651565552 0.35680705308914185 0.5034201741218567 0.4133763909339905 0.6117402911186218
1 0.5667174458503723 0.13876938819885254 0.6222223043441772 0.18002545833587646 0.6886254549026489
1 0.5600578188896179 0.10680602490901947 0.6219790577888489 0.15203525125980377 0.6758020520210266
0 0.5575083494186401 0.24636182188987732 0.02472333237528801 0.31110599637031555 0.14409680664539337
0 0.5527229905128479 0.048383623361587524 0.0927712619304657 0.5877630710601807 1.0328916311264038
0 0.534881055355072 0.7273241281509399 0.24034404754638672 0.8112821578979492 0.436850368976593
1 0.5313054919242859 0.32342663407325745 0.09045498818159103 0.39043208956718445 0.24920958280563354
1 0.5236189961433411 0.14827750623226166 0.68337082862854 0.18706555664539337 0.768633246421814
0 0.49877479672431946 0.3056824803352356 -0.3688544034957886 0.7434565424919128 1.0208054780960083
0 0.4984511137008667 0.3798820376396179 -1.0102437734603882 0.8698951601982117 1.6468054056167603
0 0.49837490916252136 0.7631280422210693 -1.2795279026031494 0.9998881816864014 2.323213577270508
