1 0.9219622611999512 0.1540203094482422 0.18932989239692688 0.22530144453048706 0.3720425069332123
1 0.920625627040863 0.422357439994812 0.3124527633190155 0.48393529653549194 0.4542017877101898
1 0.8618771433830261 0.4314998388290405 0.2483808547258377 0.4974339008331299 0.37611204385757446
1 0.8316410183906555 0.2643307149410248 0.09548862278461456 0.31734541058540344 0.22323666512966156
1 0.7944812774658203 0.2484687715768814 0.21875503659248352 0.3005714416503906 0.33539828658103943
0 0.793795645236969 0.5315109491348267 0.5962603688240051 0.596319317817688 0.7239846587181091
1 0.7357065677642822 0.3134366273880005 0.07102193683385849 0.378464937210083 0.22106584906578064
0 0.7304929494857788 0.5829382538795471 0.2602267265319824 0.6384909749031067 0.3831341862678528
1 0.7153107523918152 0.35619282722473145 0.31040602922439575 0.4193878769874573 0.45293909311294556
1 0.6010187268257141 0.3431601822376251 0.4881278872489929 0.4053584635257721 0.6208057999610901
0 0.5449996590614319 0.2334531843662262 0.023951608687639236 0.2979123294353485 0.14813373982906342
0 0.5329421162605286 0.5086904764175415 0.6244083642959595 0.5793766975402832 0.739314079284668
0 0.5314471125602722 0.7498900294303894 0.26975059509277344 0.833973228931427 0.45656818151474
0 0.50432950258255 0.422558069229126 0.4951308071613312 0.4824639558792114 0.5898846983909607
0 0.4984201192855835 0.3244420886039734 -0.6334831714630127 0.8391955494880676 1.2815946340560913
0 0.4979299008846283 0.8705272674560547 -1.9948203563690186 0.9431252479553223 3.1572654247283936
0 0.4976324141025543 0.7842110395431519 -3.979621410369873 0.9831775426864624 5.013350009918213
0 0.49761098623275757 -3.1588306427001953 0.3477131128311157 4.005579471588135 0.3561992049217224
0 0.4975621700286865 -1.9881454706192017 0.24044489860534668 2.8809733390808105 0.25124502182006836
0 0.4974578619003296 0.7245270013809204 -2.4323782920837402 1.0504487752914429 3.4536843299865723
