1 0.8234374523162842 0.08568718284368515 0.4879528284072876 0.16941174864768982 0.6324143409729004
0 0.8117781281471252 0.570066511631012 0.06962805986404419 0.6249765753746033 0.15181416273117065
0 0.7785361409187317 0.5805104970932007 0.15758588910102844 0.6336047649383545 0.2612054646015167
1 0.7779824137687683 0.14307719469070435 0.2631102204322815 0.23539668321609497 0.44613558053970337
0 0.7728610634803772 0.4170870780944824 0.25966811180114746 0.48520952463150024 0.41132330894470215
1 0.7706409692764282 0.1671249270439148 0.17029812932014465 0.24805307388305664 0.3623318374156952
1 0.7610490918159485 0.25199276208877563 0.026481647044420242 0.28436750173568726 0.11477755010128021
0 0.7564153075218201 0.6534927487373352 0.30634358525276184 0.7153658270835876 0.40376588702201843
1 0.7284041047096252 0.14989829063415527 0.34201112389564514 0.2254306674003601 0.48504534363746643
1 0.7154962420463562 0.16159872710704803 0.011724431067705154 0.1959133893251419 0.11881648004055023
0 0.7126379609107971 0.8260796070098877 0.6476377248764038 0.910099983215332 0.7686077356338501
0 0.7045453786849976 0.6515522003173828 0.4080961346626282 0.6996171474456787 0.5034699440002441
1 0.684600830078125 0.20673859119415283 0.6688000559806824 0.2943958044052124 0.7981107831001282
0 0.6695300340652466 0.7393494248390198 0.24287357926368713 0.8311673998832703 0.43341609835624695
1 0.6661359071731567 0.1797066479921341 0.5196465253829956 0.23074321448802948 0.6333692073822021
0 0.6529543399810791 0.6109960675239563 0.6574469804763794 0.657830536365509 0.7645621299743652
1 0.648884654045105 0.23368436098098755 0.4382609724998474 0.2745820879936218 0.5417003035545349
1 0.6215014457702637 0.2918601632118225 0.3656083643436432 0.3448548913002014 0.4746696650981903
1 0.6175510883331299 0.266501784324646 0.15489646792411804 0.321555495262146 0.2573794424533844
1 0.6132007837295532 0.39336249232292175 0.6705905795097351 0.4613557755947113 0.7632377743721008
