1 0.8687009215354919 0.13780130445957184 0.054699480533599854 0.20981721580028534 0.1760408878326416
1 0.8376520276069641 0.32939860224723816 0.2351773977279663 0.3945153057575226 0.4196215867996216
0 0.8003655672073364 0.45149287581443787 0.33959609270095825 0.5190057158470154 0.5412657856941223
1 0.7836333513259888 0.10580383986234665 0.3134487271308899 0.20658349990844727 0.5358069539070129
1 0.782373309135437 0.23122070729732513 0.10371760278940201 0.29593518376350403 0.22791513800621033
0 0.7706831693649292 0.5191755294799805 0.5645203590393066 0.5806305408477783 0.6646058559417725
0 0.7558200359344482 0.726567804813385 0.00928286463022232 0.7809529900550842 0.14580032229423523
0 0.7458108067512512 0.5075237154960632 0.2921934127807617 0.5690100789070129 0.44980883598327637
1 0.7456445693969727 0.09643931686878204 0.6708250045776367 0.1742299646139145 0.7943487167358398
1 0.7117621898651123 0.24193938076496124 0.4061000645160675 0.2981151342391968 0.5187661051750183
1 0.7007704973220825 0.2522308826446533 0.26954787969589233 0.30392611026763916 0.3812188506126404
0 0.6987413763999939 0.4606640636920929 0.17338037490844727 0.5187216997146606 0.2950972318649292
0 0.6963868141174316 0.592632532119751 0.5541735887527466 0.6651217937469482 0.6875349283218384
0 0.6932023763656616 0.5519781708717346 0.4456428587436676 0.611221969127655 0.5634668469429016
0 0.6882032155990601 0.6310866475105286 0.2980203330516815 0.6810248494148254 0.41168293356895447
0 0.6818221211433411 0.5087303519248962 0.11702325940132141 0.5570028424263 0.22643831372261047
1 0.658784806728363 0.3990844488143921 0.0437145009636879 0.45424556732177734 0.13822588324546814
1 0.635511040687561 0.1116907000541687 0.5573328137397766 0.20937663316726685 0.681779682636261
1 0.6280386447906494 0.27950578927993774 0.675737738609314 0.329215943813324 0.7771725654602051
0 0.6252046823501587 0.5898821949958801 0.01764584332704544 0.6573979258537292 0.16977018117904663
