0 0.5822741985321045 0.221815288066864 -0.013572275638580322 0.5859313607215881 1.1514275074005127
1 0.5418810248374939 0.11479032039642334 0.6497272849082947 0.16789573431015015 0.7690899968147278
0 0.5395905375480652 0.07591229677200317 0.22688385844230652 0.46583789587020874 0.9218809604644775
0 0.5293198227882385 0.1905144453048706 0.5989412069320679 0.22404003143310547 0.7557815313339233
1 0.5247249007225037 0.10886187106370926 0.6850128173828125 0.15173500776290894 0.8140391111373901
1 0.5082544684410095 0.12578141689300537 0.6057743430137634 0.18024355173110962 0.7396891713142395
1 0.501940131187439 0.10627870261669159 0.6222612857818604 0.15178336203098297 0.7138901948928833
0 0.5011243224143982 0.07980331033468246 0.6156938672065735 0.12582795321941376 0.696483314037323
1 0.4998284578323364 0.30651575326919556 0.09982940554618835 0.5152978301048279 1.0328624248504639
0 0.4988160729408264 0.3071860671043396 -0.5251703262329102 0.7273173928260803 1.2438446283340454
0 0.4987655282020569 0.8482720255851746 -1.2929216623306274 0.9967910647392273 2.3431358337402344
0 0.49811679124832153 0.6759032607078552 -0.539077639579773 1.0439506769180298 1.6781522035598755
0 0.49754974246025085 -4.276682376861572 0.3187589645385742 5.053741931915283 0.32447725534439087
0 0.4974788427352905 -4.217313289642334 0.3047225773334503 4.9468092918396 0.3100186884403229
0 0.49746355414390564 -5.332717418670654 0.326556533575058 6.04047155380249 0.3310874402523041
0 0.4974372982978821 -1.4198631048202515 0.3094229996204376 2.738264560699463 0.3175531327724457
0 0.49731960892677307 -2.381869077682495 0.2899395227432251 3.261322259902954 0.2975928783416748
0 0.49699366092681885 0.9059895277023315 -0.6476001739501953 0.968347430229187 1.7605748176574707
0 0.4968143701553345 -4.822611331939697 0.311007022857666 5.644601345062256 0.31733131408691406
0 0.4917055368423462 -1.0341787338256836 0.22591695189476013 1.6669659614562988 0.23524269461631775
