0 0.8234639763832092 0.5946788787841797 0.0558491051197052 0.6527014970779419 0.15509960055351257
1 0.7882858514785767 0.08179692924022675 0.46812134981155396 0.23717309534549713 0.5925955176353455
1 0.7847049832344055 0.1079658642411232 0.351534903049469 0.20141932368278503 0.4958188533782959
1 0.7800919413566589 0.15626555681228638 0.24389126896858215 0.24770903587341309 0.4298999011516571
0 0.7800058722496033 0.3902270793914795 0.285469114780426 0.4664350748062134 0.43016737699508667
0 0.7770571112632751 0.6531683802604675 0.2973983883857727 0.7142384648323059 0.3981775641441345
1 0.7742863297462463 0.16098004579544067 0.17733407020568848 0.24356627464294434 0.3650914430618286
0 0.7653845548629761 0.6562775373458862 0.403035432100296 0.7048343420028687 0.49718937277793884
0 0.7601391077041626 0.5775741934776306 0.15348994731903076 0.6321343779563904 0.26197415590286255
0 0.7566108703613281 0.829306960105896 0.6260645985603333 0.9096723794937134 0.7541502118110657
1 0.7529430985450745 0.2393816113471985 0.02411423623561859 0.2712964415550232 0.11300481855869293
1 0.7489634156227112 0.19537419080734253 0.6307998895645142 0.3043288588523865 0.7416571378707886
1 0.7130926847457886 0.16003809869289398 0.011613897979259491 0.19514168798923492 0.11724574118852615
0 0.707602858543396 0.7229066491127014 0.23251010477542877 0.8121172785758972 0.42792558670043945
0 0.6819092631340027 0.614284098148346 0.6674923896789551 0.6653792262077332 0.7820804119110107
1 0.6598149538040161 0.2632058262825012 0.1563825160264969 0.32589560747146606 0.25966110825538635
1 0.6540396213531494 0.23407748341560364 0.5144931077957153 0.28280630707740784 0.6249023675918579
1 0.6119948625564575 0.3649657368659973 0.6296111941337585 0.42881590127944946 0.7248459458351135
0 0.5978033542633057 0.4573901891708374 0.23890763521194458 0.5056503415107727 0.3351594805717468
0 0.5546303987503052 0.553173303604126 0.5082939863204956 0.6064145565032959 0.6133875846862793
