0 0.5716753602027893 0.2148151397705078 -0.005453288555145264 0.5510118007659912 1.131509780883789
0 0.5556082725524902 0.07065404951572418 0.14138251543045044 0.44108402729034424 0.9944654107093811
1 0.5395848751068115 0.10549144446849823 0.6186884641647339 0.15135575830936432 0.7022460699081421
1 0.5345742702484131 0.11112147569656372 0.6518681049346924 0.15648120641708374 0.765575647354126
1 0.5295461416244507 0.11709357798099518 0.5900257229804993 0.17124395072460175 0.7237574458122253
1 0.528472363948822 0.19467024505138397 0.5583545565605164 0.2338935285806656 0.7234299778938293
1 0.5247432589530945 0.33093544840812683 0.15940171480178833 0.5402840375900269 0.964904248714447
0 0.4999927580356598 0.08157357573509216 0.5843660235404968 0.1277054250240326 0.6616865992546082
0 0.49879252910614014 0.24331608414649963 -0.4653748571872711 0.6911132335662842 1.12125563621521
0 0.49870413541793823 0.8334367871284485 -0.9380176067352295 1.0096956491470337 2.0219473838806152
0 0.49826374650001526 0.3548283576965332 -0.9579987525939941 0.7783440351486206 1.6096808910369873
0 0.4979485273361206 -6.2691497802734375 0.2748924791812897 7.023613929748535 0.27999183535575867
0 0.49792730808258057 0.7136125564575195 -0.5380558967590332 1.0139565467834473 1.7246408462524414
0 0.4978603720664978 -4.506481647491455 0.3073156177997589 5.4276299476623535 0.3142436444759369
0 0.4977411925792694 -6.553812026977539 0.29766935110092163 7.4237470626831055 0.3036346435546875
0 0.4977409243583679 -2.456169605255127 0.32528603076934814 3.6649394035339355 0.33333146572113037
0 0.4974832832813263 -3.6620752811431885 0.3304949104785919 4.508719444274902 0.33665236830711365
0 0.4974411427974701 -7.617700576782227 0.30420762300491333 8.37717342376709 0.3099139332771301
0 0.4972394108772278 0.9002220630645752 -0.8498958349227905 0.9712071418762207 1.9299968481063843
0 0.49070000648498535 -0.7436506748199463 0.23352330923080444 1.395400047302246 0.2423311471939087
