1 0.5997527241706848 0.846584141254425 0.7290840744972229 0.9241558909416199 0.8681747317314148
0 0.5968342423439026 0.18161243200302124 0.045677363872528076 0.5302209258079529 1.0943405628204346
1 0.5486518740653992 0.11190643161535263 0.6487892866134644 0.15648266673088074 0.7572695016860962
1 0.5485640168190002 0.11111428588628769 0.694924533367157 0.1510678231716156 0.8133025765419006
1 0.5312708020210266 0.10007025301456451 0.6545326113700867 0.14341823756694794 0.7386146187782288
1 0.5269073843955994 0.11546412110328674 0.6135416030883789 0.16678526997566223 0.740497350692749
0 0.5155611038208008 0.30099591612815857 0.18893960118293762 0.51996248960495 0.9670642614364624
0 0.5154557824134827 0.05414481461048126 0.1365613043308258 0.4452747702598572 1.0051953792572021
1 0.513084352016449 0.17624543607234955 0.6109325289726257 0.2152051478624344 0.757804811000824
0 0.49872568249702454 0.23705239593982697 -0.39584243297576904 0.7236162424087524 1.0625442266464233
0 0.4987078905105591 0.7589015364646912 -0.8404382467269897 1.0416302680969238 1.812740683555603
0 0.49844107031822205 0.8665086627006531 -1.005577564239502 0.9625728726387024 2.1808135509490967
0 0.498259961605072 0.3498743176460266 -0.9168130159378052 0.7940389513969421 1.564731478691101
0 0.4979909658432007 -6.756736755371094 0.2766807973384857 7.526869773864746 0.2822169363498688
0 0.4977370798587799 -7.026422500610352 0.29986974596977234 7.906044006347656 0.3063049018383026
0 0.49773654341697693 -5.13281774520874 0.3108460307121277 6.027061939239502 0.31788259744644165
0 0.497647762298584 -4.3001484870910645 0.3216448426246643 5.160757541656494 0.3289915919303894
0 0.4974857568740845 -2.286820888519287 0.3177248239517212 3.4952311515808105 0.32576310634613037
1 0.49747732281684875 0.07350536435842514 0.6097778677940369 0.11302868276834488 0.686085045337677
0 0.492423951625824 -0.6113132238388062 0.22282353043556213 1.2626756429672241 0.23166325688362122
