0 0.7471053600311279 0.31451189517974854 0.3968065679073334 0.37311887741088867 0.496263712644577
1 0.7416896820068359 0.2516852617263794 0.27710360288619995 0.30422496795654297 0.39077329635620117
1 0.7335747480392456 0.10505146533250809 0.3191277086734772 0.1951359510421753 0.5119527578353882
0 0.6886800527572632 0.5631412267684937 0.29927605390548706 0.6215122938156128 0.4245114326477051
0 0.661736011505127 0.5051948428153992 0.6224644780158997 0.568757951259613 0.7457244992256165
1 0.5979665517807007 0.3774554431438446 0.521905243396759 0.42377832531929016 0.6311816573143005
0 0.5659154653549194 0.7291853427886963 0.2418346107006073 0.8150231838226318 0.4244967997074127
0 0.5614635348320007 0.0498715341091156 0.11742258071899414 0.5837306976318359 1.0199713706970215
1 0.5535771250724792 0.15893733501434326 0.6691049933433533 0.19690293073654175 0.7504811882972717
1 0.5507711172103882 0.14091148972511292 0.6186729669570923 0.18031463027000427 0.6842538118362427
1 0.5488393902778625 0.1037798523902893 0.6102179884910583 0.1457045078277588 0.663773238658905
1 0.5280359387397766 0.1614292711019516 0.6524043679237366 0.19964028894901276 0.7200116515159607
1 0.5015282034873962 0.7109686732292175 0.13317441940307617 0.7938526272773743 0.2622781991958618
0 0.498764306306839 0.28874146938323975 -0.3732970952987671 0.7462434768676758 1.0443034172058105
0 0.4984503984451294 0.34587472677230835 -1.157045841217041 0.8679961562156677 1.7720165252685547
0 0.4982418119907379 0.7485083937644958 -1.377220869064331 1.0191311836242676 2.4305126667022705
0 0.4981955289840698 0.882691502571106 -1.8764622211456299 0.9528759717941284 3.077411413192749
0 0.4977395534515381 -8.892952919006348 0.3977360725402832 9.696057319641113 0.4054619073867798
0 0.49772733449935913 0.6733347177505493 -0.6062653064727783 1.1146458387374878 1.585646390914917
0 0.49750614166259766 -3.3166306018829346 0.33277711272239685 4.110984802246094 0.34249356389045715
