0 0.571503758430481 0.1819171905517578 0.05917167663574219 0.5369894504547119 1.112304925918579
1 0.5257216691970825 0.10000748187303543 0.650468647480011 0.14620792865753174 0.7589269280433655
0 0.5248255729675293 0.05972611904144287 0.14251115918159485 0.4373205304145813 0.9768998622894287
1 0.5163056254386902 0.10797154903411865 0.6866436004638672 0.14781498908996582 0.8011302947998047
1 0.5080742835998535 0.1117708683013916 0.5832776427268982 0.1628580093383789 0.6977842450141907
0 0.507416307926178 0.07250671088695526 0.6054348349571228 0.11186714470386505 0.6793681979179382
1 0.49971407651901245 0.09867170453071594 0.627147376537323 0.14249011874198914 0.7105082869529724
0 0.49879956245422363 0.2190093845129013 -0.3501856327056885 0.7068657875061035 1.0117210149765015
0 0.498776376247406 0.8175137042999268 -0.9818436503410339 1.021650791168213 2.06217622756958
0 0.49871236085891724 0.8722102046012878 -1.2785670757293701 0.9849453568458557 2.440420389175415
0 0.498546838760376 0.2961285710334778 -0.8924904465675354 0.7487422823905945 1.4607107639312744
0 0.4976670742034912 -8.746919631958008 0.2900501787662506 9.505746841430664 0.2956560552120209
0 0.49749842286109924 -8.475194931030273 0.3060128092765808 9.34727668762207 0.31219881772994995
0 0.4972958564758301 -2.3798062801361084 0.3093118369579315 3.6204044818878174 0.31726816296577454
0 0.49724429845809937 0.9026555418968201 -0.6283142566680908 0.9692487120628357 1.6922099590301514
0 0.49720925092697144 -5.322352886199951 0.29304540157318115 6.248452663421631 0.3004149794578552
0 0.4971819221973419 -3.979062080383301 0.30485546588897705 4.874094009399414 0.3134165406227112
0 0.4970858097076416 -9.1404447555542 0.3029375374317169 9.930121421813965 0.31017783284187317
0 0.49665892124176025 0.19380678236484528 0.6064846515655518 0.22785387933254242 0.7346146106719971
0 0.48918917775154114 -0.8551371097564697 0.21210676431655884 1.4838042259216309 0.22371071577072144
