0 0.5871602892875671 0.22887378931045532 0.09398919343948364 0.5529622435569763 1.0022492408752441
1 0.550347089767456 0.1067400798201561 0.69101482629776 0.1463647186756134 0.8046239018440247
1 0.5432007908821106 0.0999779999256134 0.6449203491210938 0.14358267188072205 0.7259953022003174
1 0.5276318192481995 0.11316356807947159 0.6537989974021912 0.15931817889213562 0.7644241452217102
1 0.5138047337532043 0.0745694488286972 0.6005744934082031 0.11574943363666534 0.6725597381591797
0 0.5125737190246582 0.04978229105472565 0.1389109492301941 0.44214314222335815 0.9952437281608582
1 0.5058640241622925 0.1986924260854721 0.5694993734359741 0.23577071726322174 0.7307219505310059
0 0.5019950270652771 0.12300913035869598 0.6047786474227905 0.17766548693180084 0.7329212427139282
0 0.49871891736984253 0.22003506124019623 -0.40899646282196045 0.7016844749450684 1.0896986722946167
0 0.498659610748291 0.7512583136558533 -0.7550740242004395 1.0464955568313599 1.7556545734405518
0 0.49853047728538513 0.8769059777259827 -0.9910039901733398 0.9786228537559509 2.1913633346557617
0 0.49824830889701843 0.35104531049728394 -0.9949742555618286 0.8075342774391174 1.6425126791000366
0 0.49800968170166016 -6.039248466491699 0.2737866938114166 6.81171989440918 0.27907493710517883
0 0.4978991150856018 -5.566652774810791 0.32181915640830994 6.485977649688721 0.32857468724250793
0 0.49778473377227783 -7.310528755187988 0.30173587799072266 8.191473960876465 0.3080754280090332
0 0.49777692556381226 -2.858280658721924 0.32399770617485046 4.032288551330566 0.33170846104621887
0 0.4973364472389221 -2.962440013885498 0.3125624358654022 3.8003835678100586 0.31934306025505066
0 0.4972989559173584 -6.653800964355469 0.29010307788848877 7.413577079772949 0.29636216163635254
0 0.49702218174934387 0.8995770215988159 -0.6019142866134644 0.9673894643783569 1.6969960927963257
0 0.49026554822921753 -0.5554093718528748 0.21973556280136108 1.178727626800537 0.22934186458587646
