0 0.5707537531852722 0.2123318314552307 -0.02598172426223755 0.5752861499786377 1.1597480773925781
0 0.5476317405700684 0.06720653176307678 0.12221235036849976 0.42900535464286804 0.9871233105659485
1 0.5384796857833862 0.11901580542325974 0.6372159123420715 0.162572979927063 0.7466173768043518
1 0.5246757864952087 0.11391043663024902 0.698262095451355 0.14952212572097778 0.8066588640213013
1 0.519374668598175 0.10056747496128082 0.6451221108436584 0.14167265594005585 0.7211160063743591
1 0.5114262104034424 0.1270212084054947 0.5955666899681091 0.176025852560997 0.7279323935508728
0 0.4991784989833832 0.20229744911193848 0.5908799171447754 0.23325234651565552 0.7563459873199463
0 0.4987015128135681 0.23053643107414246 -0.3986322283744812 0.7401278018951416 1.0907087326049805
0 0.4986691474914551 0.7869569063186646 -0.7556215524673462 1.0387117862701416 1.7335208654403687
0 0.4983084797859192 0.35550200939178467 -0.9158589839935303 0.8016432523727417 1.572514533996582
0 0.4983059763908386 0.8855666518211365 -0.9218725562095642 0.974491536617279 2.11507511138916
0 0.4976884424686432 -4.664464473724365 0.2873503267765045 5.391942501068115 0.29241785407066345
0 0.4976661801338196 -3.4580349922180176 0.30716240406036377 4.269585609436035 0.31261879205703735
0 0.497623085975647 -5.743430137634277 0.29737576842308044 6.462275505065918 0.3019085228443146
0 0.49736154079437256 -2.689671516418457 0.28690990805625916 3.607203960418701 0.2951832115650177
0 0.4973601698875427 -1.7974414825439453 0.3270895183086395 3.0350494384765625 0.3362559378147125
0 0.49703580141067505 -4.976184368133545 0.29191163182258606 5.8189778327941895 0.2984077036380768
1 0.4957016408443451 0.07281525433063507 0.5988655090332031 0.1153169721364975 0.6726713180541992
1 0.49508291482925415 0.3139352798461914 0.1137080192565918 0.5181949734687805 1.0269396305084229
0 0.49194997549057007 -0.8245895504951477 0.23193565011024475 1.4597244262695312 0.24067804217338562
