0 0.5866199135780334 0.23575666546821594 0.05576753616333008 0.51019287109375 1.133758783340454
1 0.5341929793357849 0.08081533014774323 0.6566228270530701 0.11994998157024384 0.7452800869941711
1 0.5285812616348267 0.11708667874336243 0.567139208316803 0.15249553322792053 0.6886833310127258
1 0.5209099650382996 0.17951561510562897 0.5828108191490173 0.20696108043193817 0.7362537980079651
0 0.5174329280853271 0.07438933849334717 0.17958417534828186 0.48167794942855835 0.984978437423706
1 0.5112767219543457 0.12210603803396225 0.657302737236023 0.1594003289937973 0.7667542695999146
1 0.5103564858436584 0.10978283733129501 0.6452186107635498 0.14645031094551086 0.7658764123916626
1 0.507890522480011 0.12111324816942215 0.6898945569992065 0.1539032906293869 0.8246685266494751
0 0.4989790618419647 0.30542171001434326 -0.23961809277534485 0.6890137791633606 0.9830209016799927
0 0.49875348806381226 0.8108134269714355 -1.1562118530273438 1.026625394821167 2.191833734512329
0 0.4983960688114166 0.3729702830314636 -0.8901380300521851 0.812905490398407 1.5292142629623413
0 0.49782809615135193 0.7029197216033936 -0.6857791543006897 1.0868474245071411 1.7738568782806396
0 0.4973090887069702 0.863655686378479 -1.0160713195800781 0.9727388620376587 2.220985174179077
0 0.4938850998878479 -3.7048239707946777 0.3028343617916107 4.48087739944458 0.3098321259021759
0 0.4933757185935974 -5.25158166885376 0.3319967985153198 6.047911167144775 0.33946382999420166
0 0.4921708405017853 -3.4908876419067383 0.3522372841835022 4.278086185455322 0.3596194386482239
0 0.49212896823883057 -0.9986733198165894 0.34772101044654846 2.3588738441467285 0.36750873923301697
0 0.4911230206489563 -1.2929805517196655 0.3159412741661072 2.1138229370117188 0.33139222860336304
0 0.49111396074295044 0.3535665273666382 -0.3609645664691925 0.8922455310821533 0.7355378866195679
0 0.4899727702140808 0.3056058883666992 0.2703452706336975 0.485209584236145 0.8884409070014954
