0 0.5812695622444153 0.17214275896549225 0.062461018562316895 0.5315456390380859 1.0913373231887817
0 0.5310822129249573 0.05897931754589081 0.13266190886497498 0.4229789972305298 0.9833950996398926
1 0.5272800326347351 0.47139686346054077 0.35673055052757263 0.5306317210197449 0.538334846496582
1 0.5174883604049683 0.10771173238754272 0.6925527453422546 0.14642274379730225 0.8082740902900696
1 0.5134828090667725 0.0920255035161972 0.6246327757835388 0.1356852799654007 0.708954393863678
1 0.508337676525116 0.11143071949481964 0.6012973785400391 0.1601184457540512 0.7220935821533203
1 0.5069758296012878 0.10714514553546906 0.6474378108978271 0.15137116611003876 0.7562246322631836
1 0.49971047043800354 0.1860349476337433 0.5708102583885193 0.22260209918022156 0.7257158160209656
0 0.4987877309322357 0.8299458622932434 -1.0384340286254883 1.0225926637649536 2.102321147918701
1 0.49876365065574646 0.3100889027118683 0.1887620985507965 0.5226260423660278 0.9566764831542969
0 0.49872028827667236 0.22945892810821533 -0.41441988945007324 0.7454014420509338 1.0790488719940186
0 0.4983154237270355 0.35434025526046753 -0.9359850883483887 0.795327365398407 1.6076006889343262
0 0.4979666769504547 -8.488165855407715 0.2832302749156952 9.230557441711426 0.2886129319667816
0 0.4979596734046936 0.07041461765766144 0.5868118405342102 0.11076979339122772 0.664625346660614
0 0.4977145791053772 -7.920320510864258 0.301839143037796 8.811769485473633 0.3081863820552826
0 0.4974299669265747 -5.038867950439453 0.28707873821258545 5.955810546875 0.29491478204727173
0 0.4973740577697754 -3.631723165512085 0.296377569437027 4.468914985656738 0.3043862283229828
0 0.49733299016952515 -2.3380160331726074 0.30899980664253235 3.5715179443359375 0.3174688518047333
0 0.4970463514328003 0.9010162353515625 -0.6611353158950806 0.9723132848739624 1.7358626127243042
0 0.4892513155937195 -0.7030149698257446 0.2091371715068817 1.3180409669876099 0.22062614560127258
