1 0.8545935153961182 0.20643742382526398 0.660270631313324 0.2892056703567505 0.7910817265510559
1 0.8323659300804138 0.10569914430379868 0.4836145043373108 0.2270762026309967 0.6091160178184509
0 0.8320170044898987 0.5797598361968994 0.05184009671211243 0.6361360549926758 0.16361859440803528
1 0.8141388297080994 0.2663172781467438 0.1352691352367401 0.3242355287075043 0.23332706093788147
0 0.8136898279190063 0.7869974970817566 0.6312495470046997 0.8775990605354309 0.768166184425354
0 0.8090363144874573 0.34982532262802124 0.33624255657196045 0.4289711117744446 0.47558385133743286
1 0.8024953603744507 0.29665130376815796 0.16778090596199036 0.3704640865325928 0.36233124136924744
0 0.7883232831954956 0.48473048210144043 0.20694629848003387 0.5380547046661377 0.2957058548927307
0 0.7781856060028076 0.583535373210907 0.13634571433067322 0.6469481587409973 0.25559642910957336
0 0.7761538624763489 0.639773964881897 0.33898499608039856 0.6973737478256226 0.43901678919792175
1 0.7743562459945679 0.4133188724517822 0.22913974523544312 0.4587458372116089 0.3352486491203308
0 0.7600850462913513 0.5428372025489807 0.18066349625587463 0.6254140734672546 0.36193713545799255
1 0.7537137866020203 0.18254750967025757 0.010512858629226685 0.23104071617126465 0.1232779324054718
1 0.7468627095222473 0.2505289912223816 0.030661046504974365 0.29133468866348267 0.11598795652389526
1 0.7177783846855164 0.14076782763004303 0.26188746094703674 0.21011750400066376 0.4666944444179535
1 0.6791122555732727 0.12464197725057602 0.3805714249610901 0.20925608277320862 0.5197392106056213
0 0.6729570627212524 0.46218594908714294 0.04390300437808037 0.5027804374694824 0.15420971810817719
0 0.5652292966842651 0.7361826300621033 0.2521549165248871 0.8274844288825989 0.45300236344337463
0 0.5555562376976013 0.5204952359199524 0.036181095987558365 0.5612429976463318 0.15151482820510864
0 0.5520853996276855 0.5380833745002747 0.05101495236158371 0.5879508852958679 0.18498605489730835
