0 0.5667279958724976 0.23182877898216248 0.06756967306137085 0.5639764070510864 1.0346367359161377
1 0.5588298439979553 0.10991644859313965 0.641043484210968 0.16095685958862305 0.7598801255226135
0 0.5334389805793762 0.08970235288143158 0.21324938535690308 0.47515082359313965 0.9396265149116516
0 0.529758632183075 0.20231232047080994 0.5871594548225403 0.2391202747821808 0.7320463061332703
1 0.5214574933052063 0.10617289692163467 0.6685431003570557 0.14904744923114777 0.7985329627990723
0 0.5137889981269836 0.11158515512943268 0.6193910837173462 0.15479408204555511 0.714067816734314
0 0.5133938193321228 0.08943046629428864 0.6267962455749512 0.13492678105831146 0.7148083448410034
1 0.5104328393936157 0.12180452048778534 0.6056958436965942 0.17520226538181305 0.7283488512039185
0 0.49879395961761475 0.28416240215301514 -0.45648327469825745 0.6923037767410278 1.1390665769577026
0 0.4987574815750122 0.7719128131866455 -1.1445937156677246 1.0269420146942139 2.0750269889831543
0 0.49853676557540894 0.8759154677391052 -1.1592283248901367 0.9734037518501282 2.3176352977752686
0 0.4981486201286316 -5.646302223205566 0.327488511800766 6.428813934326172 0.33180364966392517
0 0.49813908338546753 0.3512624502182007 -0.9505941271781921 0.8002303838729858 1.5845694541931152
0 0.4979991912841797 -6.510885238647461 0.31123998761177063 7.277588844299316 0.3156604468822479
0 0.4979979991912842 0.6488032341003418 -0.5207234025001526 1.055265188217163 1.631901741027832
0 0.49797680974006653 -7.250319957733154 0.33099594712257385 8.00020980834961 0.33492597937583923
0 0.497575044631958 -1.4714794158935547 0.3043282628059387 2.862135887145996 0.3128925561904907
0 0.49755874276161194 -2.895482063293457 0.2929532527923584 3.8110814094543457 0.3009456396102905
0 0.4973282217979431 -6.317692279815674 0.31248316168785095 7.168833255767822 0.31844231486320496
0 0.49420273303985596 -1.7279407978057861 0.2405107319355011 2.355947256088257 0.24721691012382507
