1 0.6111000776290894 0.8401892781257629 0.725176215171814 0.9181217551231384 0.8668055534362793
0 0.5829378366470337 0.18591560423374176 0.0007004737854003906 0.5345213413238525 1.1346105337142944
1 0.54298996925354 0.11506149917840958 0.5948716402053833 0.16834880411624908 0.7207337617874146
1 0.5368006825447083 0.11039938032627106 0.6922608017921448 0.14904116094112396 0.8075904250144958
1 0.5287646651268005 0.0973253846168518 0.6403496861457825 0.14136499166488647 0.723578155040741
1 0.5192029476165771 0.1746813803911209 0.6015118956565857 0.21490220725536346 0.7338863015174866
0 0.5130393505096436 0.058149948716163635 0.1387833058834076 0.43660449981689453 0.9919495582580566
0 0.49870434403419495 0.20634737610816956 -0.4354792833328247 0.7168388366699219 1.1094162464141846
0 0.4987034201622009 0.7635770440101624 -0.8399369716644287 1.0398495197296143 1.8280389308929443
0 0.49847522377967834 0.8831912875175476 -1.1177470684051514 0.9655554890632629 2.290478229522705
0 0.4982595443725586 0.3534896969795227 -0.9537472724914551 0.7967771887779236 1.6124088764190674
0 0.4980281889438629 -7.840521812438965 0.29023024439811707 8.603764533996582 0.2951693832874298
0 0.4977818727493286 -8.00379753112793 0.3054690957069397 8.882417678833008 0.3117184638977051
0 0.4977734684944153 -5.691389083862305 0.317201167345047 6.594625473022461 0.3243596851825714
0 0.497524619102478 -2.430324077606201 0.3226557672023773 3.605508327484131 0.33104947209358215
0 0.4975135922431946 -4.07535457611084 0.31142866611480713 4.9258222579956055 0.31840741634368896
0 0.4974827170372009 -8.633624076843262 0.30015498399734497 9.397873878479004 0.3060893416404724
0 0.49653729796409607 0.07258746773004532 0.6012291312217712 0.11240377277135849 0.6819408535957336
0 0.49446165561676025 0.3166689872741699 0.11117467284202576 0.517066240310669 0.997228741645813
0 0.49203068017959595 -0.6792116165161133 0.21730859577655792 1.2994250059127808 0.22625009715557098
