0 0.588591992855072 0.1535361260175705 -0.011487960815429688 0.5842668414115906 1.121294379234314
1 0.5420314073562622 0.1198461651802063 0.6371304988861084 0.16151756048202515 0.7457560300827026
0 0.5279962420463562 0.0550355464220047 0.12126675248146057 0.4390646815299988 0.9952589273452759
1 0.5277471542358398 0.1110273003578186 0.6927371621131897 0.14607149362564087 0.7963414788246155
1 0.52327960729599 0.1018732413649559 0.6703372001647949 0.14295241236686707 0.7449417114257812
1 0.5128176808357239 0.12910306453704834 0.61733478307724 0.17977899312973022 0.7395694851875305
0 0.5105574727058411 0.31198108196258545 0.10642215609550476 0.5222230553627014 1.0185712575912476
0 0.49868571758270264 0.2383115589618683 -0.44654539227485657 0.7247244119644165 1.1095917224884033
0 0.498604416847229 0.7588146924972534 -0.7311937808990479 1.0379730463027954 1.71262788772583
0 0.4984947443008423 0.8738517761230469 -1.1023664474487305 0.9637753963470459 2.305953025817871
0 0.49828195571899414 0.366327166557312 -0.9477062225341797 0.7997168302536011 1.6084065437316895
0 0.4978060722351074 -4.867753028869629 0.29245656728744507 5.616138458251953 0.2978300452232361
0 0.4977293610572815 -3.6562414169311523 0.3083099126815796 4.482958793640137 0.3142405152320862
0 0.4976723790168762 -6.361346244812012 0.30312132835388184 7.110852241516113 0.3082314729690552
0 0.4975337088108063 -3.116870164871216 0.30415329337120056 4.047164440155029 0.3115302622318268
0 0.49750185012817383 -1.9148921966552734 0.3325158357620239 3.1285462379455566 0.3409731388092041
0 0.49731987714767456 -4.884531497955322 0.30670464038848877 5.751431941986084 0.31298595666885376
0 0.49712345004081726 0.903807520866394 -0.7655974626541138 0.9616886377334595 1.8752259016036987
1 0.49697092175483704 0.20328740775585175 0.5916675329208374 0.2362624555826187 0.754090428352356
1 0.4948188066482544 0.07671249657869339 0.5917389392852783 0.11671894043684006 0.6630542278289795
