1 0.8884871006011963 0.21963542699813843 0.27434253692626953 0.29801684617996216 0.37945330142974854
1 0.8657447099685669 0.1338241547346115 0.07544676959514618 0.2111596018075943 0.1999199539422989
1 0.8492738604545593 0.2578409016132355 0.12024464458227158 0.32268068194389343 0.2358705699443817
0 0.7949812412261963 0.647634744644165 0.2513701915740967 0.7080163955688477 0.3860521912574768
0 0.7696173787117004 0.5087077617645264 0.6087813377380371 0.5679556131362915 0.7260003089904785
1 0.7525021433830261 0.2524057626724243 0.34686988592147827 0.32386237382888794 0.44683343172073364
1 0.7274175882339478 0.2996216416358948 0.39410337805747986 0.37682896852493286 0.5188791751861572
1 0.7242774963378906 0.3069356083869934 0.09343015402555466 0.3921501040458679 0.2416856288909912
1 0.7042033076286316 0.12935402989387512 0.3172486424446106 0.2202112376689911 0.4980946183204651
0 0.6907987594604492 0.5869829654693604 0.4756931662559509 0.6499747037887573 0.5962017178535461
1 0.6900285482406616 0.1861598640680313 0.7436685562133789 0.27945512533187866 0.872546911239624
0 0.6840975880622864 0.36888664960861206 0.17732536792755127 0.45258909463882446 0.306759774684906
0 0.6723930835723877 0.3896828293800354 0.11071053892374039 0.4422650933265686 0.22191503643989563
0 0.6136085987091064 0.7222931385040283 0.20095103979110718 0.8099501132965088 0.3682686686515808
0 0.5828130841255188 0.6995882391929626 0.7402213215827942 0.779009997844696 0.8520252108573914
1 0.5775172114372253 0.4293995201587677 0.04615209624171257 0.49514421820640564 0.1450541764497757
0 0.5648407936096191 0.5688177347183228 0.06526613235473633 0.6327764987945557 0.19560027122497559
0 0.555657148361206 0.46002665162086487 0.128549724817276 0.5124515295028687 0.24070599675178528
1 0.5334843397140503 0.2632373869419098 0.5314972400665283 0.32426217198371887 0.6685339212417603
0 0.4984281659126282 0.390430212020874 -0.9020114541053772 0.853904128074646 1.5311191082000732
