0 0.5708785653114319 0.17771223187446594 0.05640441179275513 0.5337822437286377 1.1045920848846436
1 0.536550760269165 0.109614796936512 0.6773561835289001 0.15094918012619019 0.8001015782356262
1 0.5294923186302185 0.09875685721635818 0.6290342211723328 0.14509718120098114 0.7124946713447571
0 0.5286486744880676 0.057701557874679565 0.15538254380226135 0.4445972740650177 0.9826810359954834
1 0.5114274621009827 0.3228975236415863 0.14328265190124512 0.5339020490646362 0.9806731939315796
1 0.507328987121582 0.11235548555850983 0.6499606966972351 0.15690414607524872 0.7638247609138489
0 0.5039475560188293 0.12026973813772202 0.5680463910102844 0.1717630922794342 0.6982643008232117
0 0.4987812042236328 0.81645667552948 -0.9881730079650879 1.018229603767395 2.0581748485565186
0 0.49874794483184814 0.22990135848522186 -0.4035935401916504 0.7150437235832214 1.0713260173797607
0 0.49870234727859497 0.8752921223640442 -1.3740792274475098 0.979084312915802 2.5585391521453857
0 0.49829262495040894 0.07130484282970428 0.5919709801673889 0.11129130423069 0.6701974272727966
0 0.49828702211380005 0.3540147542953491 -0.896721363067627 0.7925747632980347 1.5589768886566162
0 0.497967004776001 -8.080604553222656 0.28790199756622314 8.854238510131836 0.2934191823005676
1 0.4977349042892456 0.19577562808990479 0.559882640838623 0.23304706811904907 0.7159816026687622
0 0.49766576290130615 -7.883017063140869 0.3099769651889801 8.790434837341309 0.3165847957134247
0 0.4975835084915161 -8.971915245056152 0.3015442490577698 9.758801460266113 0.3078739047050476
0 0.4974888265132904 -5.541800022125244 0.3060944974422455 6.480867862701416 0.3139828145503998
0 0.49742838740348816 -2.428302764892578 0.3148209750652313 3.6486825942993164 0.32299450039863586
0 0.49739348888397217 -4.00724983215332 0.29351571202278137 4.892097473144531 0.30110976099967957
0 0.49716806411743164 0.8988361358642578 -0.7581042051315308 0.9676671028137207 1.838593602180481
