1 0.8101438879966736 0.1789517104625702 0.1443880796432495 0.2484678328037262 0.3334277272224426
1 0.7855892181396484 0.2049001306295395 0.425335168838501 0.24881936609745026 0.5275092124938965
1 0.7810647487640381 0.2563614845275879 0.14293381571769714 0.2994275689125061 0.23407110571861267
1 0.7720471024513245 0.23375149071216583 0.3300554156303406 0.27837735414505005 0.4319119453430176
0 0.7711498141288757 0.615755558013916 0.06265105307102203 0.6659152507781982 0.15258269011974335
1 0.7697908878326416 0.1708037257194519 0.22149533033370972 0.23867172002792358 0.4343520402908325
0 0.7641797661781311 0.6543071866035461 0.32495254278182983 0.6996796727180481 0.4196925163269043
0 0.7587516903877258 0.6529284119606018 0.1388174146413803 0.7076818346977234 0.24445827305316925
0 0.7528076171875 0.7686103582382202 0.27285948395729065 0.8667031526565552 0.44773194193840027
1 0.7429916262626648 0.19723549485206604 0.5770635604858398 0.2597586214542389 0.6889114379882812
1 0.7402275204658508 0.17319054901599884 0.016870345920324326 0.2090122550725937 0.12151691317558289
0 0.7369028329849243 0.6474976539611816 0.441809743642807 0.6913852691650391 0.5413400530815125
1 0.7351246476173401 0.23511603474617004 0.047369349747896194 0.2645774185657501 0.14038975536823273
0 0.723979651927948 0.5652404427528381 0.15544776618480682 0.6171296238899231 0.2612795829772949
0 0.7184392213821411 0.6563315391540527 0.03420373797416687 0.6916571855545044 0.12115827202796936
1 0.7176181077957153 0.20175136625766754 0.04269760102033615 0.24514178931713104 0.175675630569458
1 0.7169891595840454 0.1879255324602127 0.15376435220241547 0.22952024638652802 0.26902878284454346
0 0.710795521736145 0.7023205757141113 0.6941244602203369 0.7506951093673706 0.7888917922973633
1 0.7097903490066528 0.2982620596885681 0.07735776901245117 0.3425547480583191 0.1724281907081604
0 0.6916677355766296 0.7420806884765625 0.1860797107219696 0.8350777626037598 0.34153202176094055
