0 0.6967787146568298 0.4911545217037201 0.26017752289772034 0.5470030903816223 0.3767978847026825
1 0.6908573508262634 0.12929630279541016 0.3085780739784241 0.2112751603126526 0.5209657549858093
0 0.6491314768791199 0.6619656085968018 0.5116006135940552 0.710212230682373 0.6268516778945923
0 0.5992549061775208 0.4860420227050781 0.47719913721084595 0.5472104549407959 0.6468793749809265
1 0.5622978210449219 0.31682735681533813 0.5048959255218506 0.39432352781295776 0.6233181953430176
0 0.5587963461875916 0.10302907228469849 0.12403106689453125 0.7539591193199158 1.0063952207565308
0 0.5490684509277344 0.37920382618904114 0.09012193232774734 0.4563572108745575 0.26227980852127075
1 0.5356343388557434 0.16785335540771484 0.7227597832679749 0.20018726587295532 0.7971143126487732
1 0.5331480503082275 0.46655386686325073 0.04556700587272644 0.5426139235496521 0.20660004019737244
1 0.5258889198303223 0.1402588039636612 0.7274332046508789 0.16886650025844574 0.7941466569900513
0 0.5222966074943542 0.4618871808052063 0.4507735073566437 0.5352840423583984 0.6250365376472473
1 0.5115390419960022 0.1899736523628235 0.6570678353309631 0.22622543573379517 0.7433492541313171
0 0.49852266907691956 0.31568610668182373 -0.6086063385009766 0.7838791608810425 1.253835916519165
0 0.49824148416519165 0.8471854329109192 -1.069476842880249 0.9939472079277039 2.1508095264434814
0 0.49777400493621826 0.8108133673667908 -3.5922837257385254 0.9945269227027893 4.596731662750244
0 0.49761539697647095 -1.0574047565460205 0.284980833530426 2.52347993850708 0.2944234013557434
0 0.497555136680603 0.7214722633361816 -2.600886344909668 1.06446373462677 3.601813793182373
0 0.4973074793815613 -1.4049384593963623 0.2584802508354187 2.3360326290130615 0.2690311074256897
0 0.4969186782836914 0.5838896036148071 -0.81991046667099 1.123752236366272 1.853440761566162
0 0.49665164947509766 -3.472081184387207 0.32815083861351013 4.2394890785217285 0.3391229212284088
