0 0.8668728470802307 0.3518732190132141 0.3036465346813202 0.4203522205352783 0.47074106335639954
0 0.8173694014549255 0.7859920859336853 0.6355722546577454 0.8769596219062805 0.7704889178276062
1 0.8039337992668152 0.25706666707992554 0.15033787488937378 0.3281136155128479 0.2498064637184143
0 0.7829402685165405 0.6035436391830444 0.1565190851688385 0.657133936882019 0.2722814381122589
0 0.7803864479064941 0.6435582637786865 0.32747337222099304 0.7122830152511597 0.4289703071117401
1 0.7796106338500977 0.3532083332538605 0.16291722655296326 0.4329439699649811 0.38244709372520447
0 0.7783742547035217 0.5613783001899719 0.4387987554073334 0.6257848143577576 0.5513865351676941
0 0.7755545973777771 0.604453444480896 0.06126140430569649 0.6649560928344727 0.1600903421640396
0 0.7741571664810181 0.4967721104621887 0.21496856212615967 0.5448175072669983 0.3233978748321533
0 0.7693995833396912 0.5226295590400696 0.16549938917160034 0.5890141129493713 0.34547507762908936
1 0.7648628354072571 0.24807217717170715 0.6571140289306641 0.33185961842536926 0.7785289287567139
1 0.7384008169174194 0.4383764863014221 0.19245083630084991 0.48676663637161255 0.29907506704330444
1 0.7254301905632019 0.18131521344184875 0.008686594665050507 0.22538259625434875 0.13178282976150513
1 0.715209424495697 0.2556019723415375 0.026692397892475128 0.2989601194858551 0.12017988413572311
0 0.6885790228843689 0.4552043676376343 0.036006487905979156 0.4920310378074646 0.13434270024299622
1 0.6876540184020996 0.38841989636421204 0.5011505484580994 0.457526296377182 0.658616840839386
1 0.6551077365875244 0.1142822653055191 0.44238710403442383 0.20658759772777557 0.6123698949813843
0 0.6165897250175476 0.7268392443656921 0.24663156270980835 0.8118793368339539 0.45858705043792725
1 0.6160871982574463 0.2790382206439972 0.521307647228241 0.3315584361553192 0.6191410422325134
1 0.5476832389831543 0.29210877418518066 0.11940169334411621 0.3615211248397827 0.2822861075401306
