1 0.6235048770904541 0.836696982383728 0.7314823865890503 0.9160524606704712 0.8694273233413696
0 0.587756335735321 0.1800767034292221 -0.0017322301864624023 0.5353208780288696 1.1187074184417725
1 0.534645676612854 0.10729809105396271 0.6498700976371765 0.15435324609279633 0.7623637318611145
0 0.5251433253288269 0.05195878446102142 0.1378028690814972 0.43900537490844727 0.9937961101531982
1 0.5211158394813538 0.10432174056768417 0.6767703294754028 0.14633598923683167 0.7930727005004883
1 0.5163455605506897 0.09661052376031876 0.6355756521224976 0.14192238450050354 0.718113899230957
1 0.5163036584854126 0.12195093929767609 0.5980890989303589 0.17523519694805145 0.7291008234024048
1 0.5125949382781982 0.33887872099876404 0.0925426185131073 0.5586011409759521 0.9751112461090088
1 0.5049154758453369 0.1838127225637436 0.5687604546546936 0.2226981669664383 0.6927053332328796
1 0.5019354224205017 0.0726032555103302 0.5886818170547485 0.11420652270317078 0.6634823083877563
0 0.49871689081192017 0.22080613672733307 -0.4622591733932495 0.7085622549057007 1.1123318672180176
0 0.49871206283569336 0.8225743174552917 -1.0819716453552246 1.0054857730865479 2.1860404014587402
0 0.4985617399215698 0.878786563873291 -1.2168011665344238 0.960971474647522 2.3355178833007812
0 0.4982485771179199 0.35809651017189026 -0.9320181012153625 0.7894710302352905 1.580284595489502
0 0.49795448780059814 0.7234500646591187 -0.5753940343856812 1.0244636535644531 1.7861768007278442
0 0.49786055088043213 -6.833609580993652 0.2724438011646271 7.594598770141602 0.2782551348209381
0 0.49764513969421387 -4.608701705932617 0.30026566982269287 5.519706726074219 0.3081974387168884
0 0.49763065576553345 -7.181303024291992 0.29475417733192444 8.062043190002441 0.301850289106369
0 0.4975856840610504 -2.3043007850646973 0.31926289200782776 3.5686025619506836 0.3275146186351776
0 0.49752169847488403 -4.691468715667725 0.30738887190818787 5.529962062835693 0.31477752327919006
