1 0.8484808802604675 0.1280960589647293 0.07909027487039566 0.19703076779842377 0.20203211903572083
1 0.8022506833076477 0.08658433705568314 0.38845404982566833 0.18605005741119385 0.5723146200180054
1 0.7560634016990662 0.10305282473564148 0.6461045742034912 0.18708541989326477 0.7575018405914307
0 0.7427708506584167 0.6806296110153198 0.008161820471286774 0.7287226915359497 0.14738252758979797
1 0.725165069103241 0.2768886089324951 0.23448331654071808 0.3444979190826416 0.39670926332473755
0 0.7134087681770325 0.47157472372055054 0.5954413414001465 0.5510069727897644 0.7063742876052856
1 0.6790042519569397 0.22999627888202667 0.11527925729751587 0.27928608655929565 0.22080343961715698
0 0.67502361536026 0.58208829164505 0.2569369971752167 0.6433245539665222 0.3849458396434784
0 0.662685751914978 0.7382580637931824 0.19585993885993958 0.8091673254966736 0.3610285222530365
0 0.6611922383308411 0.6595669388771057 0.3060530722141266 0.7354127764701843 0.4592551290988922
1 0.6542925834655762 0.2624126076698303 0.5960518717765808 0.307773232460022 0.6969781517982483
0 0.6474792957305908 0.5173525214195251 0.13954675197601318 0.5652571320533752 0.25149625539779663
0 0.6446342468261719 0.6129196286201477 0.6062116026878357 0.690891683101654 0.715189516544342
0 0.6262156367301941 0.5439574122428894 0.4675523638725281 0.6067934632301331 0.5848047137260437
1 0.6216338872909546 0.41066092252731323 0.03343670442700386 0.47037655115127563 0.13746632635593414
0 0.6198632717132568 0.81874018907547 0.7083912491798401 0.9024483561515808 0.8464357256889343
1 0.6087414622306824 0.20275849103927612 0.12976405024528503 0.27862244844436646 0.27180442214012146
1 0.5998036861419678 0.412942111492157 0.4380030930042267 0.47124946117401123 0.5716007947921753
1 0.5967573523521423 0.10756613314151764 0.5576149821281433 0.19465969502925873 0.6681202054023743
0 0.5962445735931396 0.7218478918075562 0.7657561302185059 0.7694361209869385 0.8500049114227295
