0 0.5646697878837585 0.19204974174499512 0.009412407875061035 0.5668371319770813 1.1100457906723022
0 0.5380268096923828 0.0749642550945282 0.12216487526893616 0.43546298146247864 0.9963575601577759
1 0.5379853248596191 0.11189939081668854 0.6379678249359131 0.15601204335689545 0.7509020566940308
1 0.5362012386322021 0.09730226546525955 0.6463056802749634 0.14098620414733887 0.7284101247787476
1 0.530202329158783 0.10198649764060974 0.6875011920928955 0.14029911160469055 0.8005092144012451
0 0.5104668736457825 0.3102729618549347 0.12458300590515137 0.5178287029266357 1.0198326110839844
0 0.5038109421730042 0.2013281285762787 0.5915666818618774 0.23294112086296082 0.7586934566497803
1 0.5027111768722534 0.12277847528457642 0.5997569561004639 0.17273420095443726 0.7246519327163696
0 0.4987756609916687 0.22450147569179535 -0.4051104784011841 0.6925118565559387 1.073683500289917
0 0.49862927198410034 0.8234376907348633 -1.0213088989257812 1.013373851776123 2.106248378753662
0 0.4985361099243164 0.8844503164291382 -1.0396194458007812 0.9716191291809082 2.2532858848571777
0 0.4983276426792145 0.3627456724643707 -0.9656159281730652 0.7941018342971802 1.628810167312622
1 0.49818742275238037 0.07494985312223434 0.5986071228981018 0.11638057976961136 0.6769651770591736
0 0.49785947799682617 0.7203589677810669 -0.516398549079895 1.0223995447158813 1.6847137212753296
0 0.49756497144699097 -3.622823715209961 0.27370110154151917 4.399972915649414 0.2799393832683563
0 0.4975619912147522 -2.8163936138153076 0.3135722577571869 3.6556355953216553 0.31982508301734924
0 0.4974707067012787 -2.118204116821289 0.3273967504501343 3.330598831176758 0.3355703353881836
0 0.49743062257766724 -4.68588924407959 0.29931342601776123 5.4646501541137695 0.30485641956329346
0 0.4973921775817871 -2.8768310546875 0.2869822382926941 3.7960410118103027 0.2944437861442566
0 0.49706125259399414 -4.148845195770264 0.2895068824291229 5.02876615524292 0.29625967144966125
