0 0.5880993008613586 0.18189066648483276 0.04175001382827759 0.569256603717804 1.086094617843628
0 0.5459966659545898 0.053053662180900574 0.13712924718856812 0.4379216432571411 0.9796306490898132
1 0.5387517213821411 0.10060706734657288 0.651490330696106 0.1409635841846466 0.7291871309280396
1 0.5330749154090881 0.10873299092054367 0.6993340253829956 0.1447351723909378 0.809515118598938
1 0.5319848656654358 0.11578734964132309 0.6310719847679138 0.1589623987674713 0.741387665271759
1 0.5179139971733093 0.07524125277996063 0.5669856071472168 0.11640889942646027 0.642337441444397
1 0.5176209211349487 0.12821106612682343 0.5957062840461731 0.18060465157032013 0.7145687937736511
0 0.4987265467643738 0.2237965613603592 -0.4318404197692871 0.6976870894432068 1.0990782976150513
0 0.49863260984420776 0.7355897426605225 -0.7407554388046265 1.0614680051803589 1.7318617105484009
1 0.49853000044822693 0.3203625977039337 0.1561768651008606 0.5359075665473938 0.9889437556266785
0 0.4985074996948242 0.874110758304596 -1.1876219511032104 0.9704543948173523 2.3995041847229004
0 0.49828797578811646 0.3744049072265625 -0.9580316543579102 0.8005980253219604 1.5975725650787354
0 0.49796175956726074 -5.467466831207275 0.2910507321357727 6.221141338348389 0.2961426377296448
0 0.49782997369766235 -4.239580154418945 0.3118526041507721 5.176286697387695 0.31893834471702576
0 0.4977833032608032 -6.179279327392578 0.30883151292800903 7.0507354736328125 0.31462353467941284
0 0.4975866675376892 -2.3193252086639404 0.32712218165397644 3.5452511310577393 0.3353128135204315
0 0.4974971413612366 -7.1070942878723145 0.3063414692878723 7.853916645050049 0.31151872873306274
0 0.49687594175338745 0.8997440338134766 -0.7007182240486145 0.9626697301864624 1.7725887298583984
0 0.4961291551589966 0.20085076987743378 0.6035453081130981 0.23577626049518585 0.7578750848770142
0 0.49099165201187134 -0.6973199844360352 0.22663052380084991 1.328939437866211 0.23521839082241058
