1 0.8409919142723083 0.1419525146484375 0.07894226163625717 0.20719528198242188 0.196767657995224
1 0.8205456137657166 0.31877994537353516 0.20656177401542664 0.3911639451980591 0.40493324398994446
1 0.8039478659629822 0.10214787721633911 0.37775954604148865 0.19658172130584717 0.5746766328811646
0 0.789430558681488 0.71878582239151 0.007678873836994171 0.7644059062004089 0.13944947719573975
1 0.7692893743515015 0.22172529995441437 0.10424240678548813 0.27713704109191895 0.22676607966423035
1 0.7571837306022644 0.09560448676347733 0.6365854144096375 0.18203556537628174 0.7513538002967834
0 0.7567874193191528 0.4939553141593933 0.5210098028182983 0.5543912053108215 0.6170148849487305
0 0.7226240634918213 0.605068027973175 0.2489432692527771 0.659280002117157 0.38136225938796997
0 0.703051745891571 0.7517272233963013 0.19675332307815552 0.8215192556381226 0.3744305372238159
0 0.6798614859580994 0.6471340656280518 0.29142630100250244 0.7217551469802856 0.43961095809936523
1 0.6781160235404968 0.24447853863239288 0.606305718421936 0.2941456437110901 0.7026625871658325
0 0.6672767996788025 0.5336893200874329 0.5057101249694824 0.6000832915306091 0.6214319467544556
1 0.6629206538200378 0.2018135040998459 0.12952612340450287 0.2629263401031494 0.26607340574264526
1 0.6610562205314636 0.33281293511390686 0.4044906497001648 0.3900785744190216 0.5093786716461182
1 0.6436856389045715 0.2193717658519745 0.40269845724105835 0.2743699252605438 0.5256770253181458
0 0.6360867619514465 0.5221941471099854 0.30814269185066223 0.5876924991607666 0.4473446309566498
1 0.6297300457954407 0.40851128101348877 0.057350851595401764 0.4612478017807007 0.15455958247184753
1 0.6289034485816956 0.35194724798202515 0.17554998397827148 0.3950852155685425 0.2932630777359009
0 0.6218481659889221 0.823928713798523 0.7007708549499512 0.9085284471511841 0.8379206657409668
1 0.6148707866668701 0.28073370456695557 0.2744438350200653 0.3238469958305359 0.39089229702949524
