1 0.840898334980011 0.18880216777324677 0.6552510261535645 0.2768931984901428 0.7757865190505981
0 0.828360378742218 0.5916959047317505 0.04957277327775955 0.649214506149292 0.14459949731826782
1 0.8276156783103943 0.09719721972942352 0.49049919843673706 0.21538998186588287 0.6150268912315369
0 0.7981423139572144 0.6733101606369019 0.2999163568019867 0.7339040040969849 0.39381149411201477
1 0.7924797534942627 0.2458333522081375 0.15494458377361298 0.29899346828460693 0.25794872641563416
0 0.7921558618545532 0.3847888708114624 0.28598541021347046 0.46327102184295654 0.43587273359298706
0 0.7760692834854126 0.8224772214889526 0.6255295276641846 0.9077225923538208 0.7554187774658203
1 0.7525171637535095 0.13599222898483276 0.2577311396598816 0.20790868997573853 0.4470784068107605
0 0.7505107522010803 0.5868299007415771 0.14869454503059387 0.6415108442306519 0.24987533688545227
1 0.7367250919342041 0.24053853750228882 0.02707875519990921 0.2820577025413513 0.11596881598234177
1 0.7354977130889893 0.16190215945243835 0.006811425089836121 0.2062825858592987 0.12474091351032257
0 0.7086321115493774 0.6936663389205933 0.40920695662498474 0.7433785200119019 0.4968876540660858
1 0.7042148113250732 0.1084798201918602 0.38045307993888855 0.1943289339542389 0.5216008424758911
0 0.6662364602088928 0.7050999402999878 0.561646580696106 0.7930591106414795 0.6992484331130981
0 0.6495588421821594 0.7313684225082397 0.2460719347000122 0.8211127519607544 0.43600165843963623
1 0.6189880967140198 0.38997355103492737 0.657974123954773 0.4563314616680145 0.7588863372802734
0 0.6098845601081848 0.5384608507156372 0.13483265042304993 0.616072416305542 0.3154941499233246
0 0.6047898530960083 0.47008436918258667 0.24029503762722015 0.5136815309524536 0.3374704122543335
1 0.5992878079414368 0.2294333577156067 0.5372233390808105 0.2756029963493347 0.6411373615264893
0 0.5978298187255859 0.45101219415664673 0.04363106191158295 0.48844021558761597 0.1467975527048111
