1 0.8861916065216064 0.22350849211215973 0.20815300941467285 0.28244978189468384 0.32726049423217773
1 0.8758301138877869 0.1368514597415924 0.07463926076889038 0.2171529233455658 0.19848811626434326
1 0.8453012704849243 0.2606115937232971 0.10648664832115173 0.3190307021141052 0.2156144082546234
0 0.830208420753479 0.6228640675544739 0.244307741522789 0.6833943724632263 0.36136090755462646
1 0.8083911538124084 0.26877015829086304 0.29943031072616577 0.32412588596343994 0.40410834550857544
1 0.7422915697097778 0.31779229640960693 0.07943285256624222 0.39816272258758545 0.22945243120193481
0 0.7248892188072205 0.4346606135368347 0.11774774640798569 0.4961315393447876 0.2316581904888153
0 0.7206042408943176 0.4088807702064514 0.37159043550491333 0.5011971592903137 0.5080553293228149
1 0.7047125101089478 0.12735290825366974 0.3207470774650574 0.2329527586698532 0.5090542435646057
0 0.7043655514717102 0.520020067691803 0.5917767882347107 0.5733842253684998 0.7017665505409241
1 0.7009041905403137 0.2771150469779968 0.347522109746933 0.3513299822807312 0.5072956085205078
0 0.6999509930610657 0.5143498182296753 0.32110661268234253 0.590725302696228 0.42761534452438354
0 0.678024172782898 0.5393291115760803 0.09628023207187653 0.5916911959648132 0.24948851764202118
1 0.6654396057128906 0.40232914686203003 0.029447607696056366 0.4686892032623291 0.14310109615325928
0 0.6617391705513 0.5628064274787903 0.44922178983688354 0.6203771233558655 0.5695464015007019
1 0.6557217240333557 0.18625520169734955 0.7367629408836365 0.2819303274154663 0.8640927672386169
0 0.6539610624313354 0.6887253522872925 0.20341134071350098 0.7706092596054077 0.3780299425125122
0 0.5753704309463501 0.47164374589920044 0.19480888545513153 0.5259714126586914 0.29914015531539917
0 0.5705216526985168 0.6971340179443359 0.7364813685417175 0.7762770652770996 0.8454025387763977
1 0.5502161979675293 0.1805739402770996 0.6060638427734375 0.26376330852508545 0.7212496995925903
