1 0.8580468893051147 0.3204030394554138 0.19635160267353058 0.39712172746658325 0.40728074312210083
1 0.8413418531417847 0.13628526031970978 0.07126542925834656 0.20937828719615936 0.19482526183128357
0 0.7962565422058105 0.4541650116443634 0.3313142657279968 0.5214335322380066 0.5417882204055786
1 0.7826303839683533 0.10510481894016266 0.3475898802280426 0.19949345290660858 0.5591493844985962
0 0.7501301169395447 0.5948961973190308 0.5488107800483704 0.67787766456604 0.6848688721656799
0 0.7410392761230469 0.500087559223175 0.6081432104110718 0.5605209469795227 0.6982954740524292
1 0.7326533198356628 0.1058068573474884 0.6485631465911865 0.17719551920890808 0.7747722864151001
0 0.731730043888092 0.7114577889442444 0.019372686743736267 0.7708671689033508 0.13923664391040802
1 0.7201188206672668 0.20611806213855743 0.09958586096763611 0.2608684301376343 0.21992328763008118
0 0.688771665096283 0.5666154623031616 0.48530080914497375 0.618146538734436 0.5937626361846924
0 0.6885852813720703 0.5030683875083923 0.3023805022239685 0.5668917298316956 0.46786993741989136
0 0.6705557703971863 0.4695456326007843 0.19649507105350494 0.5371626615524292 0.31915995478630066
0 0.6703749895095825 0.5193160772323608 0.1115066409111023 0.570461630821228 0.2418384552001953
1 0.649300754070282 0.3515509366989136 0.1503114402294159 0.4015681743621826 0.2795164883136749
1 0.6483018398284912 0.27909746766090393 0.6418415307998657 0.3291347920894623 0.7476785182952881
1 0.6460528373718262 0.270200252532959 0.28095102310180664 0.3223057985305786 0.3989992141723633
0 0.6296796202659607 0.6262148022651672 0.33552414178848267 0.6816918253898621 0.4583955407142639
1 0.6258958578109741 0.22770437598228455 0.4079984724521637 0.2871069014072418 0.5238888263702393
1 0.6236473321914673 0.12950611114501953 0.563870906829834 0.2284787893295288 0.6887155771255493
0 0.6225271224975586 0.8261122107505798 0.7018895149230957 0.9124470353126526 0.8354783058166504
