0 0.601938009262085 0.15420319139957428 0.09890913963317871 0.631351113319397 0.9876123666763306
1 0.5653042197227478 0.09928993880748749 0.6432111859321594 0.1437002569437027 0.7423879504203796
1 0.5622168779373169 0.09899473190307617 0.6818246245384216 0.13402128219604492 0.7666104435920715
1 0.560341477394104 0.13430918753147125 0.5999486446380615 0.18614666163921356 0.7439781427383423
1 0.5394763946533203 0.11413973569869995 0.6160797476768494 0.1539318561553955 0.6810559630393982
1 0.5305172204971313 0.19491609930992126 0.5628535747528076 0.2339175045490265 0.7281801700592041
1 0.5269726514816284 0.32392242550849915 0.14060437679290771 0.5233402252197266 0.9513711929321289
0 0.5242109298706055 0.05248722434043884 0.1463082730770111 0.45593705773353577 0.9709588289260864
1 0.5121521949768066 0.0930209755897522 0.5837658047676086 0.13006430864334106 0.6454511284828186
0 0.4986450672149658 0.3024015426635742 -0.751792311668396 0.699323296546936 1.4027904272079468
0 0.49852627515792847 0.8322994709014893 -1.1366422176361084 0.9833035469055176 2.2197227478027344
0 0.4983985424041748 0.7071855664253235 -0.701227068901062 1.054323673248291 1.6492143869400024
0 0.4978046417236328 -5.576999187469482 0.2667430341243744 6.3322834968566895 0.2719886600971222
0 0.4976574182510376 -4.656217575073242 0.3034181296825409 5.590366363525391 0.3103921711444855
0 0.4976111054420471 -2.670801877975464 0.3305085301399231 3.8645684719085693 0.3383433222770691
0 0.4975963830947876 -3.4126577377319336 0.31484952569007874 4.262497425079346 0.32079753279685974
0 0.497510701417923 -6.28053092956543 0.288335382938385 7.16701602935791 0.2946162819862366
0 0.4974386692047119 -6.926987648010254 0.29601284861564636 7.681971549987793 0.30126264691352844
0 0.49725115299224854 0.8810953497886658 -0.7304924726486206 0.968433678150177 1.7778571844100952
0 0.49073493480682373 -0.6758660078048706 0.21380403637886047 1.326470971107483 0.2233125865459442
