1 0.8813059329986572 0.13732445240020752 0.058648042380809784 0.21156811714172363 0.17856091260910034
1 0.8528132438659668 0.2678763270378113 0.1940610110759735 0.3419042229652405 0.37130025029182434
1 0.8183736801147461 0.2301083654165268 0.0994928777217865 0.2871803045272827 0.2218380868434906
0 0.7916033864021301 0.40409862995147705 0.28827914595603943 0.495209276676178 0.4403134882450104
1 0.7807571291923523 0.0984644666314125 0.27581438422203064 0.20253047347068787 0.4974645674228668
0 0.7717722058296204 0.6205480098724365 0.2511330246925354 0.6947025060653687 0.37176430225372314
0 0.7684029936790466 0.5293692946434021 0.5652079582214355 0.5923911929130554 0.6674742698669434
1 0.7500733137130737 0.22529807686805725 0.370747447013855 0.2814180552959442 0.5041817426681519
0 0.7347412109375 0.6855712532997131 0.19094371795654297 0.7616590857505798 0.38904446363449097
1 0.7189083099365234 0.21924234926700592 0.2569332718849182 0.2744813859462738 0.3863375782966614
0 0.7180550694465637 0.5443430542945862 0.2853589951992035 0.6127554774284363 0.39956197142601013
1 0.7059733271598816 0.3000100553035736 0.07497967034578323 0.38051721453666687 0.22736352682113647
0 0.7029237151145935 0.5935091376304626 0.553989052772522 0.6665846705436707 0.6803606748580933
1 0.6907359957695007 0.4142041504383087 0.0339878648519516 0.47258713841438293 0.1406164914369583
0 0.6893489956855774 0.42796945571899414 0.1042819395661354 0.48436403274536133 0.21728381514549255
0 0.6737317442893982 0.5551317930221558 0.07753849774599075 0.6096199750900269 0.2299836277961731
0 0.6717746257781982 0.4681914746761322 0.1899893581867218 0.5200583934783936 0.2964414656162262
0 0.6644437909126282 0.2483711689710617 0.44889646768569946 0.36193472146987915 0.5767049193382263
0 0.6637809872627258 0.5508854389190674 0.43735045194625854 0.6080136299133301 0.5575699806213379
0 0.6307902336120605 0.7207117676734924 0.7322269082069397 0.7768897414207458 0.8376374840736389
