1 0.848698079586029 0.13127708435058594 0.06897136569023132 0.20119726657867432 0.18862423300743103
1 0.8205289244651794 0.29675614833831787 0.21349242329597473 0.36726927757263184 0.3782678544521332
1 0.8157480955123901 0.09449777007102966 0.3760700821876526 0.18882521986961365 0.5556194186210632
0 0.7917478680610657 0.48286524415016174 0.6163773536682129 0.5608121156692505 0.7164827585220337
1 0.7593411207199097 0.09349291026592255 0.654245913028717 0.17450650036334991 0.7726802229881287
0 0.7477081418037415 0.7030501961708069 0.004723399877548218 0.7587944865226746 0.1456795036792755
1 0.7211410403251648 0.21567893028259277 0.09859931468963623 0.26907312870025635 0.21684765815734863
0 0.7207033038139343 0.6085846424102783 0.2851671874523163 0.6643326282501221 0.3879723846912384
0 0.7144484519958496 0.5982309579849243 0.5102657675743103 0.6663262844085693 0.6094537377357483
0 0.6664896607398987 0.4671986997127533 0.18039096891880035 0.5273946523666382 0.29039520025253296
0 0.6617441177368164 0.6119867563247681 0.5966395735740662 0.7065106630325317 0.7047514319419861
1 0.657765805721283 0.2598062753677368 0.6011889576911926 0.31287169456481934 0.6886840462684631
1 0.6527081727981567 0.10959009826183319 0.5710703134536743 0.19517304003238678 0.6869775056838989
1 0.6442579030990601 0.23836806416511536 0.3968955874443054 0.2876945436000824 0.5152158141136169
1 0.6416957974433899 0.18788298964500427 0.13928553462028503 0.25559934973716736 0.27946850657463074
0 0.6395334005355835 0.5395464301109314 0.1233871802687645 0.5931429266929626 0.23481497168540955
1 0.6296604871749878 0.3697957694530487 0.1889091581106186 0.41642406582832336 0.3086410164833069
1 0.6254881620407104 0.39998871088027954 0.039098020642995834 0.461283802986145 0.14511418342590332
0 0.6218507885932922 0.8209356665611267 0.722067654132843 0.9068565964698792 0.8557860255241394
1 0.6153115630149841 0.2296135574579239 0.26910877227783203 0.2738066613674164 0.3905165195465088
