0 0.5996202230453491 0.19150054454803467 0.024257659912109375 0.536522388458252 1.1337472200393677
0 0.5206698179244995 0.12280057370662689 0.5645431280136108 0.17469514906406403 0.6917276382446289
0 0.5178535580635071 0.07051849365234375 0.12252247333526611 0.4303584098815918 0.9970494508743286
0 0.5165889859199524 0.07366997748613358 0.5849999189376831 0.11430429667234421 0.6620150804519653
1 0.5152055621147156 0.10632222890853882 0.6860513687133789 0.14466893672943115 0.8051737546920776
1 0.5120425820350647 0.11084720492362976 0.6373111605644226 0.15647205710411072 0.7505881190299988
1 0.5117077231407166 0.09580400586128235 0.6356433033943176 0.14042779803276062 0.7225866913795471
1 0.5107824206352234 0.30889958143234253 0.16149675846099854 0.5339137315750122 0.971956729888916
0 0.510200560092926 0.19562265276908875 0.5664477944374084 0.23303750157356262 0.7195534110069275
0 0.49871647357940674 0.22386234998703003 -0.4473375976085663 0.7237284779548645 1.13516104221344
0 0.4987020790576935 0.8728203177452087 -1.2035164833068848 0.9824281334877014 2.388185977935791
0 0.4986240863800049 0.7584787607192993 -0.8085576295852661 1.047270655632019 1.8279393911361694
0 0.4982442855834961 0.35811054706573486 -0.9976727366447449 0.7971502542495728 1.6722602844238281
0 0.49781739711761475 -7.194096565246582 0.2802645266056061 7.948698043823242 0.2858898341655731
0 0.49762198328971863 -3.9881529808044434 0.29604372382164 4.828246593475342 0.3037199079990387
0 0.4975782036781311 -7.167070388793945 0.3001422584056854 8.045513153076172 0.30638638138771057
0 0.4974479079246521 -9.183327674865723 0.2902434766292572 9.939854621887207 0.296998530626297
0 0.4973326325416565 -2.2685928344726562 0.3215262293815613 3.4744696617126465 0.3294453024864197
0 0.4972195029258728 0.8987897634506226 -0.6253758072853088 0.9648183584213257 1.709242820739746
1 0.4917623996734619 0.4765236973762512 0.4432865381240845 0.5434224009513855 0.6116073131561279
