0 0.7889012694358826 0.305588036775589 0.36563482880592346 0.37239953875541687 0.47337964177131653
1 0.7736952304840088 0.3296024203300476 0.5176809430122375 0.4022459387779236 0.620305597782135
1 0.7277767658233643 0.11362561583518982 0.302850604057312 0.19802334904670715 0.5097429752349854
1 0.6915451884269714 0.23473185300827026 0.2634911835193634 0.2930416464805603 0.3803311884403229
0 0.6651526093482971 0.5135319232940674 0.6173926591873169 0.5827958583831787 0.7297327518463135
0 0.654728353023529 0.5660075545310974 0.32884249091148376 0.6203681826591492 0.43646040558815
0 0.5976768732070923 0.7384392023086548 0.24881935119628906 0.825731635093689 0.44146794080734253
0 0.5584077835083008 -0.023346006870269775 0.23861464858055115 0.6106794476509094 0.8528169393539429
1 0.5482102632522583 0.11566226184368134 0.621958315372467 0.1490146666765213 0.6802840828895569
1 0.5464156270027161 0.14508317410945892 0.691969633102417 0.17738695442676544 0.7571406364440918
1 0.5258569121360779 0.7082027792930603 0.14113947749137878 0.7856453061103821 0.2763737142086029
1 0.5255512595176697 0.1509293019771576 0.6711487770080566 0.18318918347358704 0.7384436130523682
1 0.517774224281311 0.09982582926750183 0.6304672956466675 0.14332905411720276 0.6874337196350098
1 0.5006113052368164 0.16421957314014435 0.5644148588180542 0.1986168473958969 0.6458874940872192
0 0.4986312985420227 0.2977101802825928 -0.655205488204956 0.7840441465377808 1.3516416549682617
0 0.4983268976211548 0.415405809879303 -1.0236420631408691 0.9027971625328064 1.6430881023406982
0 0.49811458587646484 0.8773953318595886 -1.7106833457946777 0.9486055970191956 2.9271225929260254
0 0.4980039596557617 0.7943888306617737 -3.2576167583465576 0.9796239733695984 4.286415100097656
0 0.4977072477340698 -3.2905662059783936 0.34717875719070435 4.159869194030762 0.3561132550239563
0 0.4976268410682678 -2.1084563732147217 0.23806197941303253 2.9848849773406982 0.2480023354291916
