1 0.8247576355934143 0.3503713607788086 0.19976238906383514 0.427635133266449 0.3780662417411804
1 0.8179293274879456 0.24141648411750793 0.24010509252548218 0.32243677973747253 0.43415218591690063
1 0.8040597438812256 0.6188709735870361 0.6097469925880432 0.7028824090957642 0.7490310072898865
1 0.7801449298858643 0.41575077176094055 0.23543515801429749 0.4795001447200775 0.34836170077323914
0 0.768998920917511 0.4217430055141449 0.281736820936203 0.4968821704387665 0.4390091001987457
0 0.7537335753440857 0.5193802714347839 0.23903495073318481 0.5783748030662537 0.3473796248435974
0 0.7467201948165894 0.6236780881881714 0.16007229685783386 0.6799007654190063 0.25507214665412903
1 0.7374931573867798 0.32946401834487915 0.11377540230751038 0.37599050998687744 0.2258639633655548
0 0.7029608488082886 0.5870034694671631 0.38238710165023804 0.6533092260360718 0.504548966884613
0 0.6677465438842773 0.5810635089874268 0.1963588297367096 0.6530230045318604 0.36135873198509216
1 0.6541620492935181 0.30566927790641785 0.028635956346988678 0.3460632860660553 0.1272697150707245
0 0.6475475430488586 0.8147436380386353 0.63912034034729 0.9089493751525879 0.7861857414245605
0 0.6361192464828491 0.6349394917488098 0.4992911219596863 0.7433146834373474 0.691972553730011
1 0.6087934374809265 0.2854110300540924 0.5069653391838074 0.34606143832206726 0.6261361241340637
0 0.5176910161972046 0.10116817057132721 0.6805318593978882 0.13763116300106049 0.7503606081008911
0 0.5141529440879822 0.08935104310512543 0.6441367268562317 0.13616372644901276 0.7609776854515076
0 0.49857667088508606 0.29074978828430176 -0.4079321622848511 0.7515003681182861 1.1673567295074463
0 0.4981689453125 0.7952461838722229 -1.4130967855453491 0.9774183630943298 2.404623508453369
0 0.4981652498245239 0.3549187183380127 -1.0040531158447266 0.8157891035079956 1.7105228900909424
0 0.4972884953022003 0.09128940105438232 0.11617588996887207 0.5333551168441772 0.9660345315933228
