0 0.858386218547821 0.4896519184112549 0.2634797990322113 0.5487680435180664 0.3705846965312958
1 0.8306796550750732 0.12967030704021454 0.19814863801002502 0.20675767958164215 0.337021142244339
1 0.8133265972137451 0.41886773705482483 0.2930627465248108 0.4813660681247711 0.3969908356666565
1 0.803933322429657 0.32034221291542053 0.33039674162864685 0.40243878960609436 0.5095460414886475
0 0.7758108377456665 0.5605599880218506 0.23964858055114746 0.6242203712463379 0.4107707738876343
0 0.7415170669555664 0.7978372573852539 0.711105465888977 0.8829405307769775 0.8504258394241333
1 0.7184665203094482 0.26849564909935 0.04168231412768364 0.3171529471874237 0.13403211534023285
0 0.6826235055923462 0.6068664789199829 0.6802349090576172 0.6815930604934692 0.8522796630859375
1 0.6819580793380737 0.35645854473114014 0.10900336503982544 0.41695767641067505 0.21248066425323486
0 0.6807957887649536 0.6372759342193604 0.22137585282325745 0.6911976337432861 0.323279470205307
0 0.6466405987739563 0.5952236652374268 0.5045802593231201 0.6623971462249756 0.6141055822372437
1 0.5867623686790466 0.22375914454460144 0.6291000843048096 0.29110512137413025 0.7433996200561523
1 0.5418907403945923 0.2391093373298645 0.591361403465271 0.2997686266899109 0.6969143152236938
0 0.5312801003456116 0.05695514380931854 0.11084935069084167 0.5147531628608704 0.9981091022491455
0 0.4987882375717163 0.31048378348350525 -0.5275890827178955 0.7512933015823364 1.2341084480285645
0 0.4985208511352539 0.8155533671379089 -1.5797109603881836 1.0042903423309326 2.606031894683838
0 0.4982643127441406 0.39985930919647217 -1.1410456895828247 0.8074822425842285 1.785737156867981
0 0.4982292056083679 0.895238995552063 -1.455610752105713 0.9547163248062134 2.5889835357666016
0 0.4981762170791626 -6.236722469329834 0.3612399995326996 6.9517903327941895 0.36549314856529236
0 0.49786120653152466 -7.5033674240112305 0.3628452718257904 8.276948928833008 0.36932864785194397
