0 0.8550996780395508 0.47940587997436523 0.31560999155044556 0.5403734445571899 0.4219968318939209
1 0.8141589164733887 0.40647950768470764 0.3068685531616211 0.4710718095302582 0.4144696593284607
1 0.806650698184967 0.31973758339881897 0.33219778537750244 0.38873347640037537 0.5083283185958862
0 0.7798926830291748 0.5419610738754272 0.24783971905708313 0.6015985012054443 0.4132935702800751
1 0.7082341909408569 0.2152063548564911 0.6122614741325378 0.290193110704422 0.7240286469459534
0 0.6685958504676819 0.8057547211647034 0.7245292067527771 0.8893415331840515 0.8637464642524719
0 0.6406642198562622 0.6300973296165466 0.21422812342643738 0.6820676922798157 0.313027948141098
1 0.5679078698158264 0.24458612501621246 0.052440445870161057 0.2915087938308716 0.1611223965883255
0 0.5351237654685974 0.01976233720779419 0.12345129251480103 0.5787213444709778 1.0230233669281006
0 0.5296232104301453 0.6293935179710388 0.43437081575393677 0.7357330918312073 0.6289872527122498
0 0.49911439418792725 0.1435396373271942 0.6420092582702637 0.18294790387153625 0.7190258502960205
0 0.4987458884716034 0.2819617986679077 -0.47857317328453064 0.754623532295227 1.1689863204956055
0 0.49833038449287415 0.7953587174415588 -1.6594409942626953 1.015043020248413 2.691680431365967
0 0.4982357323169708 0.39565980434417725 -1.0183055400848389 0.8222533464431763 1.653090476989746
1 0.49802690744400024 0.12848715484142303 0.7034951448440552 0.16933287680149078 0.7968255281448364
0 0.4978722929954529 0.8784337043762207 -1.4935475587844849 0.9533179998397827 2.6066184043884277
0 0.4976052939891815 -7.702235698699951 0.3914637565612793 8.352569580078125 0.3966500163078308
0 0.49745509028434753 -7.0555620193481445 0.4470381736755371 7.851605415344238 0.4526471495628357
0 0.49722588062286377 0.6703561544418335 -0.5787658095359802 1.0731903314590454 1.6258058547973633
0 0.4971754848957062 -3.4274537563323975 0.2999945878982544 4.3591814041137695 0.3084704279899597
