0 0.5982646942138672 0.2004076987504959 0.008703768253326416 0.5505014061927795 1.131138801574707
1 0.5552442669868469 0.1063956618309021 0.6519995927810669 0.15159815549850464 0.7700368165969849
1 0.5464416146278381 0.10160578787326813 0.6786380410194397 0.1427023857831955 0.798179566860199
1 0.5391257405281067 0.09608703851699829 0.6383229494094849 0.14277100563049316 0.7209296226501465
1 0.5333258509635925 0.11794208735227585 0.5988609790802002 0.17203229665756226 0.7305147647857666
0 0.5271083116531372 0.04282468557357788 0.13139134645462036 0.4365161061286926 0.993644654750824
1 0.5239109992980957 0.19718028604984283 0.5786462426185608 0.23542092740535736 0.7343125939369202
1 0.5172681212425232 0.32852673530578613 0.15324488282203674 0.5482995510101318 0.97942054271698
1 0.5051543712615967 0.07038292288780212 0.5937321186065674 0.1130615770816803 0.6724470853805542
0 0.4987836480140686 0.21136273443698883 -0.41089311242103577 0.6807172298431396 1.0836650133132935
0 0.49875956773757935 0.7486310005187988 -0.7466309070587158 1.037996530532837 1.755063772201538
0 0.49864625930786133 0.8811495900154114 -1.1591660976409912 0.97137051820755 2.3519198894500732
0 0.4983922243118286 0.3503190279006958 -0.8817213177680969 0.785378098487854 1.5273723602294922
0 0.49814289808273315 -7.064231872558594 0.2799626290798187 7.830020904541016 0.28440526127815247
0 0.4978756904602051 -4.779440402984619 0.3123762905597687 5.697831630706787 0.3188669979572296
0 0.4977782666683197 -7.13673210144043 0.29826995730400085 8.004691123962402 0.3038870394229889
0 0.4977458715438843 -2.586846351623535 0.3232603073120117 3.838362216949463 0.3308635950088501
0 0.49762552976608276 -3.73048996925354 0.3149648904800415 4.585981369018555 0.32120704650878906
0 0.49757981300354004 -8.04101276397705 0.2937391698360443 8.82187557220459 0.29906556010246277
0 0.49708473682403564 0.899154007434845 -0.6757187843322754 0.9588178992271423 1.772153615951538
