1 0.8407831788063049 0.13725145161151886 0.06655289977788925 0.20821325480937958 0.19128307700157166
1 0.8045702576637268 0.28543606400489807 0.24900135397911072 0.3600336015224457 0.41323867440223694
1 0.795842707157135 0.09976489096879959 0.3699391484260559 0.19024944305419922 0.5612479448318481
0 0.7588059902191162 0.5074114799499512 0.6134392023086548 0.5689853429794312 0.7062984704971313
1 0.745229184627533 0.10947319865226746 0.6693631410598755 0.18632367253303528 0.7825465202331543
1 0.72894686460495 0.2177531123161316 0.08851628005504608 0.26518458127975464 0.21033139526844025
0 0.7231277227401733 0.5841901302337646 0.5491881370544434 0.6679906845092773 0.6758170127868652
0 0.7186732888221741 0.592313289642334 0.5147410035133362 0.6480966806411743 0.6164707541465759
0 0.7169942259788513 0.6981872320175171 0.01868318021297455 0.7570925951004028 0.1492014080286026
1 0.6675587296485901 0.26867902278900146 0.621950089931488 0.3227919340133667 0.7128859162330627
0 0.6639631986618042 0.5408152341842651 0.11197757720947266 0.5892620086669922 0.23366767168045044
0 0.6546367406845093 0.60860276222229 0.2733016312122345 0.6666851043701172 0.39073076844215393
1 0.6494014263153076 0.19627872109413147 0.1227927878499031 0.26295170187950134 0.2637730836868286
1 0.6416431665420532 0.13598352670669556 0.57347172498703 0.2277793288230896 0.689459502696991
0 0.6352224349975586 0.40819063782691956 0.32838547229766846 0.4811451733112335 0.49171721935272217
0 0.6282403469085693 0.4537700414657593 0.21638436615467072 0.5116928815841675 0.3282322287559509
0 0.6253616809844971 0.8173792362213135 0.7057603597640991 0.904913067817688 0.8377590179443359
1 0.6068759560585022 0.24375194311141968 0.3857790529727936 0.3014248013496399 0.5176551342010498
1 0.602332592010498 0.2393365353345871 0.26681339740753174 0.28685277700424194 0.3986765742301941
1 0.5992713570594788 0.4012743830680847 0.04048598185181618 0.4668462872505188 0.1526297926902771
