0 0.5946198105812073 0.17903588712215424 0.05745363235473633 0.5442373752593994 1.1113258600234985
1 0.542657196521759 0.11029946058988571 0.6872640252113342 0.14645570516586304 0.807314932346344
1 0.5311045050621033 0.09617837518453598 0.6342986226081848 0.13773950934410095 0.7160826325416565
1 0.5149787664413452 0.11096517741680145 0.6441482305526733 0.15407390892505646 0.7621055841445923
0 0.5119069218635559 0.06427441537380219 0.14513608813285828 0.4394512176513672 0.9634466171264648
1 0.5118124485015869 0.3174046277999878 0.16337895393371582 0.5342479944229126 0.9841156005859375
1 0.5032411813735962 0.12863250076770782 0.5877183079719543 0.17664681375026703 0.710382878780365
1 0.5005486011505127 0.20640844106674194 0.5745529532432556 0.24296832084655762 0.7111676335334778
0 0.4987826347351074 0.8195958137512207 -1.0376079082489014 1.0285978317260742 2.1008057594299316
0 0.4987621605396271 0.2286609709262848 -0.4649319648742676 0.7570792436599731 1.1158106327056885
0 0.49832674860954285 0.35210108757019043 -0.9649664163589478 0.803619384765625 1.6532129049301147
1 0.49804216623306274 0.06924991309642792 0.6039196252822876 0.10931660234928131 0.6823277473449707
0 0.49782365560531616 -8.772336959838867 0.29760250449180603 9.522468566894531 0.3029417097568512
0 0.4974849224090576 -8.674936294555664 0.308493971824646 9.555150985717773 0.31485581398010254
0 0.4973389208316803 -9.432859420776367 0.3046019673347473 10.181921005249023 0.31140249967575073
0 0.4972572922706604 -2.3786730766296387 0.31492945551872253 3.6297335624694824 0.32340875267982483
0 0.4971919059753418 -5.4509735107421875 0.2895004451274872 6.329800605773926 0.29738810658454895
0 0.4970856010913849 -3.791391611099243 0.29788661003112793 4.624897003173828 0.3062199354171753
0 0.49693578481674194 0.8979646563529968 -0.6467442512512207 0.9707491993904114 1.7596991062164307
0 0.4881529211997986 -0.769950807094574 0.22336271405220032 1.3885786533355713 0.23506346344947815
