1 0.8697424530982971 0.1095023900270462 0.21397975087165833 0.1915026158094406 0.3852912485599518
1 0.8331266641616821 0.3715015649795532 0.3589504063129425 0.4455331563949585 0.5125126242637634
0 0.8301596641540527 0.5060824155807495 0.5972332954406738 0.5718382596969604 0.7129137516021729
1 0.7967532873153687 0.29370903968811035 0.07365768402814865 0.362125039100647 0.23179006576538086
1 0.7857323884963989 0.2419310063123703 0.2532341778278351 0.2948712408542633 0.37638840079307556
1 0.7647555470466614 0.22937768697738647 0.0759911984205246 0.29805535078048706 0.21592725813388824
0 0.7641239166259766 0.5363937616348267 0.47535276412963867 0.601868748664856 0.5946213006973267
0 0.6999720931053162 0.724428117275238 0.19124816358089447 0.8109706044197083 0.38171517848968506
0 0.6553573608398438 0.6218225955963135 0.2737385630607605 0.6673396825790405 0.3919849991798401
1 0.6531444191932678 0.1908341348171234 0.7372413277626038 0.28403446078300476 0.8667492270469666
0 0.649858832359314 0.44578680396080017 0.16447880864143372 0.5055356621742249 0.2969447672367096
1 0.6395899653434753 0.335938423871994 0.24549773335456848 0.37665489315986633 0.3719380795955658
1 0.623849093914032 0.3213580250740051 0.4723767936229706 0.37918299436569214 0.6091159582138062
1 0.5580316185951233 0.39364275336265564 0.5898337364196777 0.4753319323062897 0.7178924083709717
0 0.5011099576950073 0.4234292805194855 0.09573127329349518 0.47937920689582825 0.21354912221431732
0 0.4984627962112427 0.4094133675098419 -0.9034724235534668 0.84629225730896 1.5226266384124756
0 0.4981866478919983 0.8923678398132324 -1.65889573097229 0.9604169130325317 2.8382089138031006
0 0.49809104204177856 -9.583422660827637 0.3581755757331848 10.371804237365723 0.36533790826797485
0 0.49805477261543274 -9.783540725708008 0.3705376386642456 10.595386505126953 0.378620982170105
0 0.4978886842727661 0.3162021338939667 -0.4759379029273987 0.7841924428939819 1.1369163990020752
