0 0.8113875985145569 0.4061709940433502 0.31603753566741943 0.4870728552341461 0.49622148275375366
1 0.7991702556610107 0.27647075057029724 0.16315454244613647 0.3307495415210724 0.2713220715522766
1 0.7820358276367188 0.28525614738464355 0.22503256797790527 0.3554072976112366 0.40503841638565063
1 0.7569056153297424 0.2244275063276291 0.2504037618637085 0.31474313139915466 0.4616677761077881
0 0.7562271356582642 0.6807712316513062 0.12779459357261658 0.7335035800933838 0.2340327799320221
1 0.7504918575286865 0.1931641697883606 0.014722414314746857 0.23579812049865723 0.12402807921171188
1 0.7454099655151367 0.37500467896461487 0.5408286452293396 0.44399508833885193 0.7054893374443054
0 0.7331274747848511 0.5749936699867249 0.400759220123291 0.6170645356178284 0.5167255997657776
1 0.7322763204574585 0.2733466923236847 0.018356870859861374 0.3104332387447357 0.12517981231212616
1 0.7278822064399719 0.6155794262886047 0.6322034001350403 0.6956638693809509 0.7974366545677185
0 0.7023471593856812 0.4950532913208008 0.2117547243833542 0.5444061756134033 0.3036220669746399
0 0.6984875798225403 0.6423644423484802 0.3642542362213135 0.6726378798484802 0.47104811668395996
0 0.6641221046447754 0.5353884100914001 0.1947915256023407 0.6040516495704651 0.37711814045906067
0 0.6471199989318848 0.7857057452201843 0.6267030239105225 0.8721635937690735 0.7686225175857544
1 0.6179383397102356 0.40561315417289734 0.26344355940818787 0.4518561065196991 0.38176432251930237
1 0.5964571833610535 0.21848811209201813 0.5340579748153687 0.2831801176071167 0.6187427043914795
1 0.5693248510360718 0.3139922022819519 0.3852474093437195 0.38375145196914673 0.5508348345756531
1 0.5682246088981628 0.22860722243785858 0.6748219728469849 0.30730655789375305 0.793087363243103
0 0.5352140665054321 0.7726683616638184 0.45093321800231934 0.8690450191497803 0.6177723407745361
0 0.5146749019622803 0.4510970413684845 0.035676486790180206 0.4903530776500702 0.13780689239501953
