0 0.5595496296882629 0.18401771783828735 -0.041363418102264404 0.5880979299545288 1.1543667316436768
1 0.5417034029960632 0.1188889890909195 0.629178524017334 0.16344986855983734 0.7325631380081177
1 0.5395727157592773 0.1110026016831398 0.6881734728813171 0.14772053062915802 0.7987540364265442
1 0.5357059240341187 0.10358339548110962 0.6498289108276367 0.1454816460609436 0.726367712020874
1 0.5220351219177246 0.12807300686836243 0.6046184301376343 0.1781150996685028 0.734728217124939
0 0.5132936835289001 0.06961531937122345 0.12885507941246033 0.45004552602767944 0.9906884431838989
1 0.5031306147575378 0.3167049288749695 0.12897783517837524 0.5149047374725342 1.0125248432159424
1 0.49902957677841187 0.07845070213079453 0.601375162601471 0.11879638582468033 0.6718541979789734
0 0.4987381398677826 0.22984233498573303 -0.4039994478225708 0.7260770797729492 1.0904557704925537
0 0.498673677444458 0.7641088962554932 -0.736212968826294 1.0489840507507324 1.7100472450256348
0 0.4984131157398224 0.8800505995750427 -1.154975175857544 0.9712315201759338 2.3529460430145264
0 0.4982755482196808 0.355400025844574 -0.9004148244857788 0.8002620339393616 1.5576280355453491
0 0.4975266456604004 -3.0228357315063477 0.30832603573799133 3.9044113159179688 0.3148890435695648
0 0.4974716901779175 -1.9095995426177979 0.3262462019920349 3.143744707107544 0.3348574638366699
0 0.4972134232521057 -2.4695699214935303 0.2827669680118561 3.3610680103302 0.28992781043052673
0 0.49694836139678955 0.902429461479187 -0.6237637996673584 0.9684445858001709 1.7227072715759277
0 0.496920108795166 -5.386376857757568 0.28972360491752625 6.177809238433838 0.29674986004829407
0 0.4968487620353699 0.20238745212554932 0.5865843296051025 0.23462408781051636 0.7702534198760986
0 0.496498703956604 -4.2034807205200195 0.27091875672340393 4.943194389343262 0.2787400186061859
0 0.49615973234176636 -4.115070343017578 0.26359817385673523 4.9342756271362305 0.27116289734840393
