0 0.5789985060691833 0.20007629692554474 -0.015814900398254395 0.5702745914459229 1.1460497379302979
1 0.5450141429901123 0.1180613562464714 0.622176468372345 0.16153569519519806 0.7333083748817444
0 0.5384545922279358 0.07022342085838318 0.1288812756538391 0.439157098531723 0.9827162623405457
1 0.5318658947944641 0.1135319322347641 0.6986104846000671 0.14883489906787872 0.8100865483283997
0 0.5166473388671875 0.31574010848999023 0.10591757297515869 0.506749153137207 1.0413416624069214
0 0.5130585432052612 0.07530099153518677 0.5871759057044983 0.11812371015548706 0.6635412573814392
1 0.5108889937400818 0.10298089683055878 0.6609586477279663 0.14605148136615753 0.740099310874939
0 0.5097421407699585 0.20606547594070435 0.5894964337348938 0.23753386735916138 0.7660190463066101
0 0.49874216318130493 0.23947980999946594 -0.45664554834365845 0.7281860113143921 1.1512892246246338
0 0.4986650347709656 0.7762625813484192 -0.8283004760742188 1.0319373607635498 1.8047940731048584
0 0.4984351396560669 0.8791102766990662 -0.9066953063011169 0.969292938709259 2.094278335571289
0 0.49831628799438477 0.35801342129707336 -0.9464513659477234 0.8068095445632935 1.5962727069854736
0 0.4976954460144043 -4.8886189460754395 0.29558607935905457 5.6109490394592285 0.3008396327495575
0 0.49761366844177246 -3.9621667861938477 0.31486520171165466 4.759618759155273 0.32050684094429016
0 0.49758023023605347 -6.0134663581848145 0.30592596530914307 6.722615718841553 0.3106483221054077
0 0.4972051978111267 -2.3544647693634033 0.27388837933540344 3.2361533641815186 0.2825094163417816
0 0.49708861112594604 -1.6492220163345337 0.2996947467327118 2.8579330444335938 0.3093704283237457
0 0.49694353342056274 -4.879317283630371 0.2903904914855957 5.691932678222656 0.29732221364974976
0 0.4968793988227844 0.9046164751052856 -0.6504068374633789 0.9562822580337524 1.760169506072998
0 0.4916488528251648 -0.8920214176177979 0.23318734765052795 1.5331125259399414 0.242203027009964
