1 0.8558511137962341 0.2298741340637207 0.23630619049072266 0.29780274629592896 0.3530905246734619
1 0.848023533821106 0.142949640750885 0.20602130889892578 0.23515808582305908 0.3886665105819702
1 0.8223111629486084 0.2669852077960968 0.11289169639348984 0.3208589255809784 0.23152849078178406
0 0.8179433941841125 0.6305707693099976 0.2527863085269928 0.7011891603469849 0.36570867896080017
1 0.8179128766059875 0.1498790979385376 0.06057865917682648 0.2192968726158142 0.18617694079875946
0 0.803974986076355 0.593526303768158 0.4658477306365967 0.6583439707756042 0.5732932090759277
1 0.7753494381904602 0.253005713224411 0.333337664604187 0.3124178349971771 0.4446667432785034
0 0.7741346955299377 0.514052152633667 0.6058817505836487 0.5752003192901611 0.7166069149971008
0 0.7635715007781982 0.31150713562965393 0.3711155652999878 0.38529035449028015 0.5140345096588135
1 0.7600917220115662 0.31295323371887207 0.06974702328443527 0.3875265121459961 0.23217648267745972
0 0.7212395071983337 0.4190616309642792 0.10578365623950958 0.4691859781742096 0.22432170808315277
1 0.7141180634498596 0.29669979214668274 0.5208040475845337 0.3551771938800812 0.6248962879180908
1 0.6694598197937012 0.17882609367370605 0.7431824803352356 0.27718156576156616 0.8714599013328552
0 0.652690052986145 0.5678812265396118 0.036076806485652924 0.6273919343948364 0.17004510760307312
0 0.6040884256362915 0.6911583542823792 0.20221808552742004 0.7677637934684753 0.37345466017723083
0 0.5978659391403198 0.706307053565979 0.22052791714668274 0.7913399934768677 0.3985612094402313
0 0.5872139930725098 0.17160078883171082 0.613930344581604 0.2600661814212799 0.7450730800628662
0 0.5688459873199463 0.45189982652664185 0.24062882363796234 0.5171293020248413 0.3828907012939453
0 0.5435922145843506 0.5419080257415771 0.08877895027399063 0.5944826602935791 0.22439005970954895
0 0.49843350052833557 0.4024003744125366 -0.8808543682098389 0.8514682054519653 1.5117874145507812
