0 0.5995031595230103 0.19233936071395874 -0.0016614794731140137 0.5567876696586609 1.1374797821044922
1 0.5471322536468506 0.1089726984500885 0.652749240398407 0.1519390046596527 0.7663441300392151
1 0.5452920198440552 0.09321384131908417 0.6469660997390747 0.1356089860200882 0.7248282432556152
1 0.5430806279182434 0.10107902437448502 0.6913434863090515 0.13895627856254578 0.8058921694755554
0 0.5272272825241089 0.04402965307235718 0.1550564467906952 0.43560945987701416 0.9655724763870239
1 0.5235554575920105 0.06988479942083359 0.5792591571807861 0.11254177242517471 0.6535905599594116
1 0.5227729082107544 0.11900077760219574 0.5936984419822693 0.17136771976947784 0.7253261208534241
1 0.5081166625022888 0.18917492032051086 0.5905877351760864 0.22645875811576843 0.7538473606109619
0 0.49873125553131104 0.2276279479265213 -0.44794315099716187 0.7131734490394592 1.1179499626159668
0 0.4986654818058014 0.7492334842681885 -0.7261431217193604 1.0428411960601807 1.7401392459869385
0 0.4986622631549835 0.3167203664779663 0.1493120789527893 0.5329033136367798 0.9749345183372498
0 0.49865442514419556 0.8769110441207886 -1.1223504543304443 0.9712663888931274 2.3158535957336426
0 0.4982752799987793 0.3579888343811035 -0.9297329783439636 0.7960197925567627 1.5704827308654785
0 0.4978283643722534 -5.764865875244141 0.28083065152168274 6.525209426879883 0.2862549126148224
0 0.49775242805480957 -4.229353427886963 0.30241858959198 5.151930332183838 0.3092144727706909
0 0.4976949095726013 -4.252805233001709 0.32408812642097473 5.1053338050842285 0.33047613501548767
0 0.49768224358558655 -2.5414412021636963 0.3312550187110901 3.7262122631073 0.3391094207763672
0 0.4976047873497009 -5.7713093757629395 0.2938782572746277 6.655092716217041 0.2999071478843689
0 0.49752527475357056 -7.951006889343262 0.3095252215862274 8.719452857971191 0.31537023186683655
0 0.4973977208137512 0.9001131057739258 -0.6497340202331543 0.9650378227233887 1.7126920223236084
