1 0.7697094678878784 0.17906758189201355 0.07284628599882126 0.25045958161354065 0.20073741674423218
0 0.7172544598579407 0.6687122583389282 0.031353291124105453 0.7125132083892822 0.154981791973114
1 0.7100979089736938 0.22782088816165924 0.10521978884935379 0.26847490668296814 0.20202994346618652
0 0.6898284554481506 0.6667830944061279 0.15489499270915985 0.7405246496200562 0.3252480626106262
1 0.6873669028282166 0.14333683252334595 0.14714325964450836 0.22068393230438232 0.32391422986984253
1 0.6809167265892029 0.10732977092266083 0.6057703495025635 0.21014191210269928 0.7321014404296875
1 0.668516218662262 0.22063381969928741 0.26855987310409546 0.2662249803543091 0.3735005259513855
1 0.6680779457092285 0.19543680548667908 0.5903178453445435 0.2437175214290619 0.6873064041137695
1 0.6653212308883667 0.26348504424095154 0.046820007264614105 0.32314470410346985 0.15113231539726257
0 0.660010814666748 0.6217416524887085 0.2615264058113098 0.6745482683181763 0.35824161767959595
1 0.63424152135849 0.15609872341156006 0.18844442069530487 0.22703146934509277 0.37655311822891235
0 0.6103372573852539 0.6619153618812561 0.5148023366928101 0.7121643424034119 0.622306227684021
0 0.582078754901886 0.5991421937942505 0.08466720581054688 0.6448547840118408 0.23221468925476074
0 0.5744976997375488 0.6739800572395325 0.5765359401702881 0.729258120059967 0.6883151531219482
1 0.5723097920417786 0.1261390894651413 0.2775697708129883 0.19465799629688263 0.4986400604248047
0 0.5722303986549377 0.8147693872451782 0.7023536562919617 0.9031316041946411 0.8310709595680237
0 0.5552348494529724 0.7708879113197327 0.4497950077056885 0.8463734984397888 0.5790038108825684
0 0.5548362135887146 0.7016065716743469 0.7081397175788879 0.7536699175834656 0.7897641062736511
1 0.5149009823799133 0.1209508627653122 0.6818561553955078 0.15739502012729645 0.742159366607666
0 0.5086374878883362 0.5975344181060791 0.14668259024620056 0.6498513221740723 0.2632397711277008
