1 0.7174426913261414 0.2228119671344757 0.5873316526412964 0.2802064120769501 0.6993166208267212
0 0.7017471790313721 0.5034821033477783 0.44265034794807434 0.5696729421615601 0.625765860080719
1 0.6122723817825317 0.3465493321418762 0.24342361092567444 0.40628576278686523 0.453048437833786
0 0.5521751642227173 0.0668182224035263 0.06498327851295471 0.5310564637184143 1.0575405359268188
1 0.5047769546508789 0.3617476522922516 0.2232385128736496 0.42721930146217346 0.39871126413345337
1 0.4989512860774994 0.12747573852539062 0.6448527574539185 0.1633182168006897 0.7158570289611816
0 0.49869462847709656 0.304745614528656 -0.5150209069252014 0.7609758973121643 1.2233319282531738
0 0.49829018115997314 0.8002842664718628 -2.054941415786743 1.0128878355026245 3.050610303878784
0 0.49825403094291687 0.4118879437446594 -1.0161843299865723 0.8147892355918884 1.6559562683105469
0 0.49809885025024414 -9.220935821533203 0.36451098322868347 9.993036270141602 0.3703456223011017
0 0.49809324741363525 0.8642320036888123 -1.8640830516815186 0.9631043076515198 2.9422872066497803
0 0.49808210134506226 0.7191969156265259 -1.0023996829986572 1.0622795820236206 1.9246563911437988
1 0.4980089068412781 0.14932996034622192 0.6692415475845337 0.18609917163848877 0.7490366697311401
0 0.4978485107421875 -7.986757278442383 0.3824087381362915 8.791633605957031 0.3889068365097046
0 0.49765703082084656 -3.2771053314208984 0.37709009647369385 4.091480731964111 0.3849780559539795
0 0.4975716471672058 -8.364367485046387 0.35894304513931274 9.180109977722168 0.3676227927207947
0 0.49701836705207825 -4.07238245010376 0.3111569881439209 4.972781658172607 0.3211057186126709
1 0.49327465891838074 0.10666821897029877 0.6162524819374084 0.1470397263765335 0.6752750277519226
0 0.4921233057975769 -0.7027630805969238 0.283322274684906 1.3889505863189697 0.2931446433067322
0 0.4911626875400543 0.131262868642807 0.7148966193199158 0.16613146662712097 0.8032565712928772
