1 0.8817716240882874 0.13525059819221497 0.05044226720929146 0.20509395003318787 0.17537184059619904
1 0.8537297248840332 0.32432207465171814 0.2338908314704895 0.3928445875644684 0.4162744879722595
0 0.790299117565155 0.4388153851032257 0.3195703625679016 0.5100725293159485 0.5230935215950012
1 0.7896666526794434 0.22618559002876282 0.11081086099147797 0.2908822000026703 0.22867406904697418
0 0.7756812572479248 0.49699667096138 0.6014165282249451 0.5631009340286255 0.69295734167099
0 0.7596200108528137 0.7069600820541382 0.004464671015739441 0.7607429027557373 0.14140023291110992
1 0.7593863606452942 0.10636769980192184 0.32186269760131836 0.2064473032951355 0.5421571731567383
1 0.7515097260475159 0.09924332052469254 0.6589463353157043 0.17480596899986267 0.7821013331413269
0 0.7259044051170349 0.5821406245231628 0.562820315361023 0.6625049710273743 0.6945258378982544
0 0.7200068235397339 0.6350945234298706 0.31094712018966675 0.6870092153549194 0.4232875108718872
0 0.7143763303756714 0.5021384358406067 0.29094094038009644 0.5651525855064392 0.44678860902786255
0 0.7138923406600952 0.5763112306594849 0.46487343311309814 0.6343835592269897 0.5795261859893799
1 0.7128093838691711 0.24725434184074402 0.268058180809021 0.3015410006046295 0.3817397356033325
1 0.7097075581550598 0.2398255467414856 0.4012150466442108 0.2932250499725342 0.511256754398346
0 0.6975382566452026 0.46394261717796326 0.1702437847852707 0.5237900018692017 0.28686609864234924
0 0.6699079871177673 0.5057902336120605 0.10944811999797821 0.558408260345459 0.22175772488117218
1 0.6527491807937622 0.2763182520866394 0.666317343711853 0.3253428339958191 0.7639018297195435
1 0.6443741917610168 0.3957499861717224 0.037561316043138504 0.46134722232818604 0.13149963319301605
1 0.6278290748596191 0.12000302970409393 0.5728758573532104 0.21809442341327667 0.6943473815917969
0 0.6276849508285522 0.818269670009613 0.70118647813797 0.9016135334968567 0.8356985449790955
