1 0.8566020131111145 0.12716752290725708 0.19655470550060272 0.20380711555480957 0.3400113582611084
0 0.7849293947219849 0.4918625056743622 0.31104445457458496 0.5385525226593018 0.41082751750946045
1 0.7763258218765259 0.32040831446647644 0.3419528603553772 0.4013151228427887 0.5242528915405273
1 0.7744882702827454 0.4327215254306793 0.30587291717529297 0.48810818791389465 0.41468334197998047
0 0.7459924817085266 0.5557190775871277 0.256975919008255 0.61611407995224 0.4319837987422943
1 0.7423253655433655 0.2540059983730316 0.04929407685995102 0.30606046319007874 0.14221909642219543
0 0.7337040901184082 0.6115996241569519 0.4899170696735382 0.6804297566413879 0.6009918451309204
1 0.7276231646537781 0.3404406011104584 0.10939224064350128 0.40030816197395325 0.21318940818309784
0 0.686093807220459 0.6286255717277527 0.2092498391866684 0.676726758480072 0.31139111518859863
0 0.6683126091957092 0.6568362712860107 0.5498154759407043 0.7333335876464844 0.7036646008491516
0 0.640346109867096 0.8055703043937683 0.7110484838485718 0.881648600101471 0.8664635419845581
1 0.5833926796913147 0.25246474146842957 0.6125741004943848 0.3128493130207062 0.7188810110092163
0 0.5436398386955261 0.050728410482406616 0.11853426694869995 0.5388954877853394 0.9878479838371277
1 0.5122326612472534 0.13265998661518097 0.6837207674980164 0.17285661399364471 0.770252525806427
1 0.5115230083465576 0.14912983775138855 0.6331834197044373 0.18918713927268982 0.7038273215293884
1 0.5049341917037964 0.6113668084144592 0.7366042137145996 0.6946956515312195 0.8752732276916504
0 0.4987248182296753 0.298372745513916 -0.499096155166626 0.7542053461074829 1.1773829460144043
0 0.4984208345413208 0.7821291089057922 -1.5727202892303467 1.0114024877548218 2.651430368423462
0 0.4982888102531433 0.4101364016532898 -1.1073615550994873 0.8096645474433899 1.7428500652313232
0 0.4982770085334778 -8.278118133544922 0.3783625066280365 9.098661422729492 0.38280341029167175
