0 0.7778288722038269 0.31034553050994873 0.38429802656173706 0.38422369956970215 0.4903533458709717
1 0.7709310054779053 0.33473342657089233 0.5149537324905396 0.40104156732559204 0.6170135736465454
1 0.760608971118927 0.11321914196014404 0.3135143518447876 0.1992030143737793 0.5091113448143005
0 0.7125620245933533 0.5246782302856445 0.6123693585395813 0.5899651050567627 0.7334811091423035
1 0.6728161573410034 0.2635444402694702 0.28271591663360596 0.321527361869812 0.388224720954895
0 0.6344060301780701 0.7342145442962646 0.24821767210960388 0.8191702365875244 0.43443480134010315
0 0.6318008303642273 0.5669020414352417 0.30601614713668823 0.6273062229156494 0.4247843027114868
1 0.5534347295761108 0.7121825218200684 0.1314024031162262 0.7927111387252808 0.26299193501472473
1 0.5448580384254456 0.11459523439407349 0.635144829750061 0.14617162942886353 0.6934542655944824
0 0.5386365652084351 -0.030164748430252075 0.23818561434745789 0.5812358856201172 0.8478207588195801
1 0.536069393157959 0.1451941728591919 0.6755823493003845 0.17767399549484253 0.7498995661735535
1 0.5224233865737915 0.15802611410617828 0.679617166519165 0.19265125691890717 0.7504639625549316
1 0.5147738456726074 0.09241126477718353 0.6181554794311523 0.13371916115283966 0.6731270551681519
0 0.4985787272453308 0.2927778959274292 -0.6414600610733032 0.7971142530441284 1.3219389915466309
0 0.49805569648742676 0.8747586011886597 -1.9193012714385986 0.945503830909729 3.116065740585327
0 0.49799877405166626 0.774063766002655 -3.7589311599731445 1.0047496557235718 4.777544975280762
0 0.4976577162742615 0.6654824018478394 -1.7534799575805664 1.1140743494033813 2.7709765434265137
0 0.49749237298965454 -3.481560707092285 0.33814114332199097 4.311408996582031 0.34722357988357544
0 0.4974808096885681 0.8279114365577698 -2.136725902557373 0.982623279094696 3.273650646209717
0 0.49733224511146545 -8.590303421020508 0.37881961464881897 9.393680572509766 0.38654187321662903
