1 0.5602181553840637 0.1218208372592926 0.5370960235595703 0.16653701663017273 0.6419128179550171
1 0.5444127917289734 0.11647888273000717 0.666157603263855 0.15774986147880554 0.7584351301193237
0 0.5380731225013733 0.06600910425186157 0.18203818798065186 0.4439789056777954 0.9533654451370239
1 0.5353363156318665 0.07030759751796722 0.6388135552406311 0.11385937035083771 0.7265264391899109
0 0.5305572748184204 0.18768954277038574 0.09971484541893005 0.5409296154975891 1.038840889930725
1 0.5284971594810486 0.12130527198314667 0.6818042397499084 0.15952129662036896 0.824530303478241
1 0.5133808255195618 0.16971787810325623 0.5903697609901428 0.2001664936542511 0.756235659122467
0 0.5010476112365723 0.33032000064849854 0.15013530850410461 0.4824060797691345 0.9943636655807495
0 0.49888598918914795 0.2932353615760803 -0.299934446811676 0.701225757598877 1.023744821548462
0 0.4986514151096344 0.8102021813392639 -1.988767147064209 0.9926113486289978 3.05525541305542
0 0.4985200762748718 0.7454733848571777 -1.0569943189620972 1.02702796459198 2.020772933959961
0 0.4982944130897522 0.3689284920692444 -0.997154176235199 0.8133768439292908 1.6532468795776367
0 0.4982714056968689 0.8710576891899109 -1.164297103881836 0.9757667183876038 2.410534143447876
0 0.49647438526153564 -3.923642158508301 0.2736743688583374 4.728217124938965 0.2802276611328125
0 0.49518021941185 -4.953320026397705 0.3063233494758606 5.7419562339782715 0.3126588463783264
0 0.49505841732025146 -1.2598297595977783 0.3057277500629425 2.593064785003662 0.321201890707016
0 0.494540810585022 -1.3765627145767212 0.2723700702190399 2.178463935852051 0.28400686383247375
0 0.4932286739349365 -3.2184219360351562 0.29762428998947144 3.936056137084961 0.3046046495437622
0 0.4920977056026459 -1.5892889499664307 0.20434559881687164 2.211951732635498 0.21231238543987274
0 0.4154040217399597 0.4370670020580292 0.10908601433038712 0.494951456785202 0.25042834877967834
