0 0.5603777766227722 0.22970984876155853 -0.07264375686645508 0.49888700246810913 1.1795657873153687
1 0.5428515672683716 0.11302325129508972 0.6085901260375977 0.15322443842887878 0.7311396598815918
0 0.5380818843841553 0.07234549522399902 0.14181947708129883 0.5610816478729248 1.0056607723236084
1 0.531034529209137 0.12563014030456543 0.6153335571289062 0.1690235137939453 0.7336121797561646
1 0.5217292904853821 0.10926251113414764 0.6813745498657227 0.15174706280231476 0.7655293941497803
0 0.5205911993980408 0.3314827084541321 0.13778236508369446 0.5375998616218567 1.0015959739685059
1 0.5037945508956909 0.10629681497812271 0.695159375667572 0.1436401754617691 0.8217121958732605
1 0.5024257302284241 0.07331626862287521 0.6313768625259399 0.1162828877568245 0.7179254293441772
0 0.5015880465507507 0.1961808055639267 0.61005699634552 0.22707797586917877 0.7722605466842651
0 0.4988837242126465 0.263955295085907 -0.24924522638320923 0.7012923359870911 0.9235687851905823
0 0.49868226051330566 0.8821792006492615 -1.1527775526046753 0.9795249104499817 2.3645124435424805
0 0.49852585792541504 0.7483163475990295 -0.8039764165878296 1.045918345451355 1.750156283378601
0 0.49841850996017456 0.35320210456848145 -0.8503904938697815 0.779278039932251 1.5070676803588867
0 0.4982556104660034 -6.557535648345947 0.297561377286911 7.394476413726807 0.30183544754981995
0 0.49741166830062866 -8.172791481018066 0.27963778376579285 9.009425163269043 0.28414443135261536
0 0.49717557430267334 -5.2224273681640625 0.26610857248306274 6.047266960144043 0.2711670994758606
0 0.49645131826400757 -1.4793181419372559 0.2985696494579315 2.7732605934143066 0.3091847002506256
0 0.496243953704834 -2.360506772994995 0.2830047011375427 3.258129835128784 0.2911309599876404
0 0.4956236183643341 -5.61262845993042 0.27648988366127014 6.4883131980896 0.2837469279766083
0 0.49535226821899414 -1.8353548049926758 0.2265120893716812 2.472381591796875 0.2318248599767685
