1 0.8383547067642212 0.13286751508712769 0.18893194198608398 0.2037348747253418 0.317166805267334
1 0.7342367768287659 0.41576504707336426 0.29756587743759155 0.47960251569747925 0.39627736806869507
0 0.7245490550994873 0.5034099817276001 0.3231450021266937 0.5595413446426392 0.4208480417728424
0 0.7156943082809448 0.6060990691184998 0.49845272302627563 0.6673428416252136 0.6040038466453552
1 0.6798118352890015 0.35113584995269775 0.11246424913406372 0.4165729880332947 0.22067785263061523
0 0.6790881752967834 0.6748321056365967 0.5432589054107666 0.7489193677902222 0.7114050388336182
0 0.6740425825119019 0.6287894248962402 0.21282723546028137 0.6760193109512329 0.32080742716789246
0 0.6731638312339783 0.570830762386322 0.2821500599384308 0.6260631680488586 0.438786119222641
1 0.6695781946182251 0.2597239017486572 0.03620630502700806 0.3189963102340698 0.1369430422782898
0 0.6415665745735168 0.8064782619476318 0.7093625664710999 0.8849344253540039 0.8592304587364197
1 0.6408010721206665 0.20937594771385193 0.3404957056045532 0.28994277119636536 0.5178341865539551
0 0.5483438968658447 0.06250327825546265 0.1123320460319519 0.523858904838562 0.9858818650245667
1 0.5479799509048462 0.24646376073360443 0.6163939833641052 0.31158894300460815 0.719028651714325
1 0.5177193284034729 0.2967362105846405 0.382119745016098 0.3795975148677826 0.5075684189796448
1 0.5146313905715942 0.13071340322494507 0.6983222961425781 0.17051029205322266 0.7876491546630859
0 0.4987524747848511 0.29699593782424927 -0.5195457339286804 0.7661988139152527 1.2145981788635254
0 0.4984481930732727 0.7828405499458313 -1.702379822731018 1.0140920877456665 2.762643814086914
0 0.49828773736953735 0.40136367082595825 -1.0664863586425781 0.8075658679008484 1.6999926567077637
0 0.4981961250305176 -7.652716159820557 0.3676009476184845 8.448485374450684 0.37240782380104065
1 0.49801087379455566 0.1458863765001297 0.642670214176178 0.18502549827098846 0.7140505909919739
