1 0.8118299245834351 0.2581084370613098 0.1484736204147339 0.317912757396698 0.25456327199935913
0 0.7983202934265137 0.40100282430648804 0.34346988797187805 0.48256850242614746 0.5197818875312805
1 0.790343701839447 0.2935623824596405 0.2041240632534027 0.3645232617855072 0.38802996277809143
1 0.7729060053825378 0.22592559456825256 0.2562205195426941 0.3115118443965912 0.47928518056869507
1 0.7540062069892883 0.35469794273376465 0.5264880657196045 0.4280310273170471 0.6952764987945557
0 0.7502186298370361 0.6721705794334412 0.12118834257125854 0.7232714295387268 0.23329341411590576
1 0.7316560745239258 0.26849275827407837 0.010529819875955582 0.30880630016326904 0.12337642908096313
1 0.7312016487121582 0.18484842777252197 0.007473427802324295 0.2295212745666504 0.12510792911052704
1 0.730725109577179 0.6202799677848816 0.634605884552002 0.7017101645469666 0.7967994213104248
0 0.7035852074623108 0.5747392773628235 0.4134836792945862 0.6185382008552551 0.5299558639526367
0 0.7002646923065186 0.4973146319389343 0.2111765444278717 0.5448707938194275 0.3023289144039154
0 0.6992477178573608 0.6484788060188293 0.3480423390865326 0.6811507344245911 0.4506729543209076
0 0.6907837390899658 0.785529375076294 0.6279404759407043 0.873066782951355 0.7698306441307068
1 0.6377216577529907 0.22240960597991943 0.5608108043670654 0.28437578678131104 0.6464664936065674
0 0.6360347867012024 0.5297625064849854 0.1992538869380951 0.5970638990402222 0.38388410210609436
1 0.6309943795204163 0.3920835852622986 0.2658054828643799 0.438277006149292 0.38453006744384766
1 0.5704032778739929 0.31767839193344116 0.3960413336753845 0.39285582304000854 0.5744415521621704
0 0.5676209926605225 0.7797143459320068 0.4178819954395294 0.8721721172332764 0.5937875509262085
0 0.5570282340049744 0.47506678104400635 0.04141109064221382 0.5163847804069519 0.13903798162937164
1 0.5484622120857239 0.24100983142852783 0.6580175757408142 0.32462847232818604 0.7817146182060242
