1 0.8711480498313904 0.3776293098926544 0.2999691963195801 0.44313570857048035 0.4300702214241028
1 0.864216685295105 0.14409399032592773 0.2057877480983734 0.2300986647605896 0.38713017106056213
0 0.8241698145866394 0.5201361775398254 0.5943180322647095 0.5832234025001526 0.7011235952377319
1 0.804588258266449 0.29487940669059753 0.07962922006845474 0.36042895913124084 0.23089995980262756
1 0.8033876419067383 0.19860588014125824 0.23405088484287262 0.2703474164009094 0.33515751361846924
0 0.7691079378128052 0.5470159649848938 0.4576951861381531 0.6083443760871887 0.5753893256187439
1 0.7312645316123962 0.23263293504714966 0.10096767544746399 0.30367064476013184 0.21247443556785583
0 0.7297199964523315 0.7127570509910583 0.19852527976036072 0.7940283417701721 0.3946874439716339
1 0.6727991700172424 0.33145958185195923 0.4779418706893921 0.38622575998306274 0.6137304306030273
0 0.6416282653808594 0.6343065500259399 0.2914653420448303 0.6794915199279785 0.4118396043777466
0 0.5937231779098511 0.4789316654205322 0.14170630276203156 0.5344421863555908 0.2701684832572937
1 0.5924419164657593 0.19062551856040955 0.7359915971755981 0.28193309903144836 0.863845944404602
1 0.5720964074134827 0.39065974950790405 0.582720935344696 0.47566598653793335 0.707360565662384
0 0.5534969568252563 0.23922252655029297 0.03432033956050873 0.30528485774993896 0.15417636930942535
0 0.5474690794944763 0.16233187913894653 0.528954803943634 0.24521511793136597 0.6861197352409363
1 0.5386888980865479 0.37420332431793213 0.22391387820243835 0.441081166267395 0.3373747169971466
0 0.49843668937683105 0.31242799758911133 -0.6357260942459106 0.8056017160415649 1.2922132015228271
0 0.4982282221317291 -11.733869552612305 0.366290807723999 12.587684631347656 0.37403035163879395
0 0.4981047809123993 -4.363051414489746 0.32053640484809875 5.232022285461426 0.3294609487056732
0 0.49810317158699036 -12.163106918334961 0.3563744127750397 12.976800918579102 0.363374799489975
