1 0.906316876411438 0.14561551809310913 0.2130890190601349 0.232164204120636 0.41831400990486145
1 0.8824898600578308 0.3908596634864807 0.3330327272415161 0.46342992782592773 0.48679888248443604
1 0.8488528728485107 0.2698597013950348 0.11124205589294434 0.32842394709587097 0.2257515788078308
1 0.8428307175636292 0.4189145565032959 0.2815227806568146 0.4854201078414917 0.4181811511516571
0 0.828274667263031 0.5411505699157715 0.5914813280105591 0.6029201745986938 0.7165135145187378
1 0.7743648290634155 0.247477188706398 0.2737218737602234 0.3063894510269165 0.39436274766921997
1 0.7394399046897888 0.33005034923553467 0.0848209410905838 0.3982599973678589 0.2455286830663681
0 0.7106590270996094 0.5551905632019043 0.33368125557899475 0.6074655055999756 0.4675956070423126
1 0.5998150110244751 0.3460497260093689 0.5149166584014893 0.4069199562072754 0.641270637512207
0 0.5905144810676575 0.4446107745170593 0.468150794506073 0.49711447954177856 0.5609981417655945
1 0.5818642377853394 0.42350077629089355 0.5959197878837585 0.49075353145599365 0.7531731724739075
1 0.5659830570220947 0.3212684392929077 0.5067389011383057 0.3881964683532715 0.6089986562728882
0 0.5358030200004578 0.33355435729026794 0.3307034373283386 0.39815351366996765 0.48380517959594727
0 0.5327476859092712 0.742310106754303 0.19884009659290314 0.8242074847221375 0.38115257024765015
0 0.49839547276496887 0.31023064255714417 -0.6042208671569824 0.8189748525619507 1.2622566223144531
0 0.498151957988739 -10.044454574584961 0.3673502504825592 10.802907943725586 0.37360867857933044
0 0.49812448024749756 0.8843596577644348 -1.7239056825637817 0.9561365246772766 2.890646457672119
0 0.49810004234313965 -11.498809814453125 0.3708816170692444 12.324764251708984 0.3785441517829895
0 0.49804264307022095 -4.565410137176514 0.3321658670902252 5.435094356536865 0.34056565165519714
0 0.4977801740169525 0.24159538745880127 0.03723695129156113 0.3091202974319458 0.1521994173526764
