1 0.7981695532798767 0.3156313896179199 0.24728620052337646 0.37414175271987915 0.4333985447883606
1 0.7849626541137695 0.20801445841789246 0.35009390115737915 0.2852676808834076 0.5140754580497742
1 0.7572048902511597 0.3940179646015167 0.28707125782966614 0.46135184168815613 0.39046141505241394
0 0.7554232478141785 0.5164843797683716 0.27193623781204224 0.566917896270752 0.3799859881401062
0 0.718299925327301 0.48688212037086487 0.43502092361450195 0.5600661039352417 0.6117973327636719
0 0.7089564204216003 0.4944676160812378 0.12284933030605316 0.5485433340072632 0.2545420527458191
1 0.6820895671844482 0.18904832005500793 0.6072449088096619 0.26083633303642273 0.7164843678474426
0 0.5748815536499023 0.05907095968723297 0.061126887798309326 0.5410202741622925 1.0546386241912842
0 0.5512993335723877 0.5670576095581055 0.2385959029197693 0.6334067583084106 0.4154689311981201
1 0.5055555701255798 0.11799995601177216 0.6365212798118591 0.156577005982399 0.7136195302009583
0 0.4987228512763977 0.3067392110824585 -0.5345761179924011 0.7577170133590698 1.2312865257263184
0 0.49834197759628296 0.8174676299095154 -1.773881196975708 1.0180989503860474 2.7980916500091553
0 0.4982682168483734 0.4109373092651367 -1.008885383605957 0.8077654838562012 1.6512863636016846
0 0.4981260597705841 0.7428370118141174 -0.823800802230835 1.0589840412139893 1.767909288406372
0 0.49812018871307373 0.8642038702964783 -1.7415001392364502 0.9583025574684143 2.8186795711517334
0 0.4975437521934509 -7.395366668701172 0.38552170991897583 8.07136058807373 0.3915867805480957
0 0.49716517329216003 -1.916025996208191 0.30988019704818726 3.259402275085449 0.31944429874420166
0 0.497147798538208 -6.955470561981201 0.43625950813293457 7.752700328826904 0.44265037775039673
0 0.4971138834953308 -3.3267428874969482 0.3042633831501007 4.288475036621094 0.3128090798854828
0 0.4970964789390564 -7.162586212158203 0.35764336585998535 7.945163726806641 0.3653736114501953
