1 0.8563670516014099 0.15055596828460693 0.08066819608211517 0.22554415464401245 0.2055196911096573
1 0.8356065154075623 0.2607276439666748 0.08993850648403168 0.3329963684082031 0.21394111216068268
1 0.8164064884185791 0.2442837804555893 0.25178736448287964 0.30883169174194336 0.35917598009109497
0 0.7937608957290649 0.6536595821380615 0.23898664116859436 0.7111833095550537 0.36849185824394226
1 0.7629311084747314 0.12256938964128494 0.33907371759414673 0.222564697265625 0.5153056383132935
1 0.7514079809188843 0.2570328414440155 0.38520607352256775 0.34791097044944763 0.5037103891372681
0 0.7432817220687866 0.518865168094635 0.5937917232513428 0.5741069912910461 0.6998318433761597
0 0.7413890361785889 0.5937511920928955 0.5152294635772705 0.6510052680969238 0.6277347803115845
1 0.6838325262069702 0.3342767655849457 0.08976146578788757 0.4118293225765228 0.2321150004863739
0 0.672910749912262 0.3956262469291687 0.11545754969120026 0.4488518238067627 0.22556333243846893
1 0.6651269197463989 0.17341715097427368 0.7384781241416931 0.2676714062690735 0.8712483048439026
1 0.626215934753418 0.21970102190971375 0.34608015418052673 0.30388692021369934 0.44540271162986755
0 0.6138361692428589 0.7181820869445801 0.733473539352417 0.7936782836914062 0.8504877090454102
0 0.6137596964836121 0.463841050863266 0.11560419946908951 0.5182369947433472 0.23016127943992615
0 0.6025295853614807 0.38057345151901245 0.18648786842823029 0.4730188846588135 0.31185299158096313
0 0.5991001725196838 0.7284259796142578 0.21324896812438965 0.8233308792114258 0.3763614296913147
0 0.5938541293144226 0.4257547855377197 0.3618622124195099 0.5240946412086487 0.4842562973499298
1 0.578449010848999 0.4457412660121918 0.05328239127993584 0.5075585246086121 0.15997032821178436
0 0.5457330942153931 0.5562217831611633 0.0777956023812294 0.6196054816246033 0.20203623175621033
0 0.5371790528297424 0.566694438457489 0.029304254800081253 0.6390932202339172 0.12972457706928253
