0 0.8713918328285217 0.3506760597229004 0.3308054506778717 0.4216389060020447 0.48657432198524475
0 0.8213053345680237 0.799259603023529 0.6331934332847595 0.8877785801887512 0.7751379609107971
1 0.8131157159805298 0.11184664815664291 0.4761083722114563 0.2307972013950348 0.6138426661491394
1 0.812900722026825 0.3424595296382904 0.17342069745063782 0.4177457392215729 0.3783515989780426
1 0.8101585507392883 0.23266440629959106 0.6636057496070862 0.3185083270072937 0.7892758250236511
1 0.8055377006530762 0.27228203415870667 0.14359712600708008 0.33117756247520447 0.2466808557510376
0 0.8051267862319946 0.49147897958755493 0.19539421796798706 0.5400092005729675 0.30392783880233765
0 0.803215742111206 0.6116774678230286 0.14109507203102112 0.6675506234169006 0.256181925535202
0 0.7972985506057739 0.5950812101364136 0.05205634981393814 0.6559255123138428 0.14851203560829163
0 0.7902945280075073 0.6409645080566406 0.33059751987457275 0.7020665407180786 0.43649494647979736
0 0.7812190651893616 0.5071467757225037 0.16691991686820984 0.5756847262382507 0.34265556931495667
1 0.7794491648674011 0.44134756922721863 0.18350550532341003 0.4889603555202484 0.2935156524181366
0 0.7620860934257507 0.558342695236206 0.433678537607193 0.6206150054931641 0.5475533604621887
1 0.7439542412757874 0.17615225911140442 0.00930730253458023 0.21869376301765442 0.1313154399394989
1 0.738445520401001 0.25592511892318726 0.028448887169361115 0.29711025953292847 0.11948471516370773
1 0.7007225751876831 0.14500442147254944 0.2374991774559021 0.21657714247703552 0.42734384536743164
0 0.7004759311676025 0.4504384994506836 0.03437607362866402 0.48698538541793823 0.132462278008461
1 0.6419393420219421 0.2552884817123413 0.5264956951141357 0.30470526218414307 0.6320688724517822
1 0.6377658247947693 0.2852683663368225 0.12519706785678864 0.352306067943573 0.2832745909690857
1 0.6254545450210571 0.3821198344230652 0.5068982243537903 0.45393532514572144 0.6590102314949036
