1 0.8468774557113647 0.19627514481544495 0.6641315817832947 0.2807060182094574 0.7937734723091125
1 0.8173746466636658 0.08999104052782059 0.4600260257720947 0.22020548582077026 0.5783439874649048
1 0.8068390488624573 0.14767009019851685 0.26883184909820557 0.24139463901519775 0.4590281844139099
0 0.7962382435798645 0.566580057144165 0.05390418320894241 0.6170910596847534 0.15564501285552979
1 0.7760103940963745 0.14289860427379608 0.1884174346923828 0.2303132563829422 0.37881898880004883
1 0.7740106582641602 0.09844794869422913 0.35584431886672974 0.1796601116657257 0.5105792284011841
0 0.7626373767852783 0.6486341953277588 0.31472331285476685 0.7040327787399292 0.40996795892715454
1 0.7458215951919556 0.2611042559146881 0.02842869609594345 0.2949810326099396 0.1182541623711586
0 0.7378788590431213 0.5890407562255859 0.1519484519958496 0.639190673828125 0.25216686725616455
0 0.7312778234481812 0.6421964764595032 0.4201042950153351 0.6859744191169739 0.5101416110992432
1 0.7036147713661194 0.15948092937469482 0.012941475957632065 0.19421958923339844 0.11514472961425781
0 0.7027633190155029 0.817462682723999 0.6622864603996277 0.898521900177002 0.7819389700889587
1 0.697686493396759 0.40952855348587036 0.6488924622535706 0.47636914253234863 0.7557845711708069
0 0.6567227244377136 0.600175142288208 0.6413189768791199 0.6498265266418457 0.7538899779319763
0 0.6564203500747681 0.38350480794906616 0.35171765089035034 0.4826229214668274 0.4985377788543701
0 0.655767560005188 0.7247617244720459 0.22985930740833282 0.8189592361450195 0.4192449450492859
1 0.629989504814148 0.2811010777950287 0.16471567749977112 0.32803335785865784 0.2671232521533966
1 0.6139868497848511 0.21732456982135773 0.5442550778388977 0.26404160261154175 0.6600478291511536
0 0.5800778865814209 0.44902437925338745 0.23945394158363342 0.5000747442245483 0.3299010694026947
0 0.5501165986061096 0.6996296644210815 0.5883535146713257 0.7839360237121582 0.700250506401062
