0 0.836313009262085 0.47311046719551086 0.27933475375175476 0.5375011563301086 0.39009276032447815
1 0.8122904896736145 0.41560423374176025 0.31347617506980896 0.47075092792510986 0.4179101288318634
0 0.7864392995834351 0.5580539703369141 0.2708665132522583 0.6161692142486572 0.43333399295806885
1 0.7712584137916565 0.3202146887779236 0.34115704894065857 0.39091283082962036 0.5092682838439941
0 0.6098641753196716 0.5913043022155762 0.41458964347839355 0.6754536628723145 0.6057084798812866
1 0.5968477725982666 0.21610045433044434 0.6406790614128113 0.2933070659637451 0.755298912525177
0 0.5692511796951294 0.035116344690322876 0.0782756507396698 0.5522937774658203 1.0446008443832397
1 0.504050612449646 0.19145247340202332 0.6056748032569885 0.26387062668800354 0.7119880318641663
0 0.5009897351264954 0.11639705300331116 0.6495038866996765 0.15735825896263123 0.7264207005500793
1 0.4995971918106079 0.13513986766338348 0.6696139574050903 0.1740211397409439 0.7587670087814331
0 0.498771995306015 0.2933201193809509 -0.4970431923866272 0.7431644797325134 1.1829729080200195
0 0.4984264373779297 0.8287163376808167 -1.6691845655441284 1.013913631439209 2.693096160888672
0 0.4982548952102661 0.40771549940109253 -1.0523124933242798 0.8168476223945618 1.6984025239944458
0 0.4981459379196167 0.7573094367980957 -0.9005412459373474 1.048919439315796 1.8575420379638672
0 0.4974570870399475 -4.4222092628479 0.31956392526626587 5.442076206207275 0.32746177911758423
0 0.4974299669265747 -6.942422866821289 0.34011203050613403 7.666966438293457 0.346473753452301
0 0.4973989725112915 -8.053595542907715 0.3417563736438751 8.865473747253418 0.34884878993034363
0 0.4973163306713104 -2.316828489303589 0.3255346119403839 3.6279165744781494 0.3342975676059723
0 0.497016042470932 -4.312618255615234 0.3799695372581482 5.135002136230469 0.3875412344932556
0 0.4967982769012451 -2.1908156871795654 0.3974938988685608 3.1359341144561768 0.40654224157333374
