1 0.840555727481842 0.14678403735160828 0.23469498753547668 0.22697237133979797 0.4419899880886078
1 0.8345956206321716 0.10370281338691711 0.5005914568901062 0.18963739275932312 0.6487827897071838
1 0.8298952579498291 0.15493327379226685 0.16094866394996643 0.22979974746704102 0.3536481559276581
0 0.8030138611793518 0.5739039182662964 0.060969699174165726 0.6333128213882446 0.14958305656909943
1 0.7925324440002441 0.25433558225631714 0.1545497328042984 0.29821330308914185 0.24477796256542206
0 0.7806740403175354 0.5987404584884644 0.14559926092624664 0.6591883897781372 0.24576489627361298
0 0.7556686401367188 0.38488054275512695 0.26217058300971985 0.45506739616394043 0.4457568824291229
1 0.7509673833847046 0.1050635278224945 0.38326627016067505 0.18964043259620667 0.5422568321228027
1 0.7283956408500671 0.20319995284080505 0.31219762563705444 0.2505393326282501 0.4344707131385803
0 0.7178913950920105 0.8248579502105713 0.6436158418655396 0.9096319675445557 0.7669264078140259
0 0.7132784128189087 0.6638644933700562 0.3094513416290283 0.7269665002822876 0.4037529230117798
1 0.7109585404396057 0.23284828662872314 0.05067029595375061 0.2605675458908081 0.14703860878944397
1 0.7045455574989319 0.16798092424869537 0.019600916653871536 0.20335547626018524 0.1257399469614029
0 0.7005583047866821 0.7390254735946655 0.24471598863601685 0.8284170627593994 0.4354713559150696
0 0.6967810988426208 0.6516061425209045 0.4112856984138489 0.6997835040092468 0.505418062210083
0 0.6798771023750305 0.6064072847366333 0.6704776883125305 0.657912015914917 0.7896518111228943
1 0.6690781712532043 0.2519661486148834 0.4441607594490051 0.2897593677043915 0.555544376373291
1 0.661115288734436 0.2062673717737198 0.15745005011558533 0.24888800084590912 0.2917555272579193
1 0.6448105573654175 0.20977427065372467 0.6489812135696411 0.2942400872707367 0.7881714105606079
1 0.6361115574836731 0.17727380990982056 0.5210301280021667 0.22174274921417236 0.6326006054878235
