0 0.5795214176177979 0.1916978508234024 0.03626680374145508 0.5847957134246826 1.0889413356781006
1 0.5429332256317139 0.11567027866840363 0.6373834609985352 0.16046242415905 0.7503961324691772
1 0.5405102372169495 0.10853211581707001 0.688012421131134 0.14587076008319855 0.8039328455924988
0 0.5401454567909241 0.05274452269077301 0.1350666582584381 0.43300366401672363 0.9838268756866455
1 0.5330878496170044 0.09925537556409836 0.6596706509590149 0.1404208540916443 0.7425088286399841
1 0.5290077328681946 0.31386327743530273 0.17744848132133484 0.5383729934692383 0.9827954769134521
1 0.5188839435577393 0.13025693595409393 0.6037256717681885 0.18266631662845612 0.7350902557373047
1 0.5081930756568909 0.0730036124587059 0.580201268196106 0.11436323076486588 0.6563328504562378
0 0.4987160563468933 0.23016679286956787 -0.43360471725463867 0.7080700993537903 1.1072728633880615
0 0.49862828850746155 0.7606716156005859 -0.7955871820449829 1.0422885417938232 1.7740765810012817
0 0.4984385371208191 0.8748023509979248 -1.0228245258331299 0.9798758029937744 2.1846799850463867
0 0.4982643127441406 0.35870060324668884 -0.9368299245834351 0.794189453125 1.5743051767349243
0 0.49795228242874146 -4.427175521850586 0.3092004656791687 5.341620445251465 0.3154091238975525
0 0.49790430068969727 -5.907398223876953 0.28403621912002563 6.6603899002075195 0.2890338897705078
0 0.4978575110435486 -6.075307369232178 0.299096941947937 6.947282314300537 0.30451488494873047
1 0.4977838397026062 0.21009543538093567 0.5977089405059814 0.24461540579795837 0.7475286722183228
0 0.4977574348449707 -2.5036520957946777 0.33034664392471313 3.685142993927002 0.337684690952301
0 0.4976564645767212 -4.176890850067139 0.31229811906814575 5.021429538726807 0.3185330033302307
0 0.49749690294265747 -8.356412887573242 0.311458021402359 9.117448806762695 0.31687459349632263
0 0.4967392683029175 0.8952764868736267 -0.642113208770752 0.9648036360740662 1.7065346240997314
