0 0.5828653573989868 0.20440010726451874 0.0024486184120178223 0.5500525236129761 1.161491870880127
0 0.538907527923584 0.06357991695404053 0.13795140385627747 0.423606812953949 0.9712674617767334
1 0.5352421998977661 0.11193534731864929 0.6450700163841248 0.1538773477077484 0.7567439675331116
1 0.5343506932258606 0.10667966306209564 0.6927622556686401 0.1435740739107132 0.8083326816558838
1 0.5320215225219727 0.09301985800266266 0.6475231647491455 0.13527171313762665 0.7304455041885376
1 0.523459255695343 0.3159128725528717 0.14039430022239685 0.5395947694778442 0.997439980506897
1 0.5048984289169312 0.1893870234489441 0.5819927453994751 0.22584569454193115 0.7289363145828247
1 0.5035778880119324 0.11932601034641266 0.5957445502281189 0.16877882182598114 0.721215546131134
0 0.5034037232398987 0.0702342763543129 0.5854772329330444 0.11242886632680893 0.6607159376144409
0 0.4987490773200989 0.8786130547523499 -1.237424373626709 0.9838911890983582 2.4174623489379883
0 0.49874380230903625 0.21947559714317322 -0.42324745655059814 0.7313132286071777 1.1138166189193726
0 0.4986799359321594 0.7583509683609009 -1.0043768882751465 1.0273724794387817 2.0031745433807373
0 0.4982483983039856 0.3478478193283081 -0.946760892868042 0.798672080039978 1.6350417137145996
0 0.49789881706237793 -7.316052436828613 0.29117676615715027 8.081552505493164 0.2969471514225006
0 0.4976891279220581 -7.370635032653809 0.30523547530174255 8.252676010131836 0.31146636605262756
0 0.4975927770137787 -4.148111343383789 0.31026774644851685 5.008584022521973 0.3179284930229187
0 0.4975048899650574 -8.605056762695312 0.3091065585613251 9.382606506347656 0.31607380509376526
0 0.49744129180908203 -2.5879769325256348 0.32176893949508667 3.7994332313537598 0.32980167865753174
0 0.49742013216018677 0.9010959267616272 -0.7157976031303406 0.9695529341697693 1.7935423851013184
0 0.4915868937969208 -0.783910870552063 0.2189728170633316 1.4200204610824585 0.22893206775188446
