1 0.8615171313285828 0.23671922087669373 0.2118942141532898 0.30451950430870056 0.33069366216659546
1 0.8304333090782166 0.14239920675754547 0.20312219858169556 0.23715119063854218 0.37953054904937744
0 0.8220449090003967 0.5244917869567871 0.6047124862670898 0.5830035209655762 0.7165888547897339
1 0.8074531555175781 0.15461044013500214 0.061354316771030426 0.22689469158649445 0.18976327776908875
1 0.7983667850494385 0.25316667556762695 0.11759155988693237 0.3059595823287964 0.23184114694595337
0 0.7933332324028015 0.5765809416770935 0.45761823654174805 0.6381946206092834 0.573503851890564
0 0.7732104063034058 0.3041716516017914 0.36480987071990967 0.37966933846473694 0.5010308027267456
1 0.7715853452682495 0.3216879963874817 0.06442400068044662 0.39463818073272705 0.22611811757087708
1 0.7663699388504028 0.25050413608551025 0.3289744555950165 0.3085883855819702 0.43799611926078796
0 0.7535275816917419 0.6151050329208374 0.2630709111690521 0.6835792064666748 0.3780159056186676
0 0.7187377214431763 0.4183500409126282 0.0977691113948822 0.4707000255584717 0.22149398922920227
1 0.6721706986427307 0.3050844967365265 0.5191210508346558 0.3627486526966095 0.6242102384567261
0 0.6707888245582581 0.5668037533760071 0.03931067883968353 0.6272873282432556 0.17201413214206696
1 0.6593481302261353 0.17282550036907196 0.7465401291847229 0.2685513496398926 0.8750061392784119
0 0.5718361139297485 0.6903529167175293 0.2109997570514679 0.7799458503723145 0.3816501796245575
0 0.5517957806587219 0.17729677259922028 0.6083409786224365 0.2707226276397705 0.7430813312530518
0 0.5515657067298889 0.4562830626964569 0.23861254751682281 0.5204439759254456 0.3758556842803955
0 0.5459693670272827 0.536408007144928 0.09446540474891663 0.5877760052680969 0.2379370629787445
0 0.49844178557395935 0.3903614282608032 -0.8129350543022156 0.8494358062744141 1.4414353370666504
0 0.4982669949531555 -5.1847920417785645 0.2822553217411041 6.054884433746338 0.290792852640152
