1 0.7262049913406372 0.2335854321718216 0.595617949962616 0.2950216829776764 0.7045632004737854
1 0.7205551862716675 0.20955675840377808 0.3869176208972931 0.27944231033325195 0.529036819934845
0 0.7009188532829285 0.49883636832237244 0.12104682624340057 0.5488379001617432 0.2520297169685364
1 0.6801848411560059 0.32302844524383545 0.2203877866268158 0.381413996219635 0.43582871556282043
0 0.6792689561843872 0.5019589066505432 0.4383322596549988 0.5633437037467957 0.6151707768440247
1 0.5761058926582336 0.34053605794906616 0.18002785742282867 0.39808744192123413 0.3742222785949707
0 0.5421575903892517 0.05718967318534851 0.05205649137496948 0.5393656492233276 1.0640909671783447
1 0.5037131905555725 0.16034294664859772 0.6233111619949341 0.19404087960720062 0.7130488157272339
0 0.4986896514892578 0.3040500283241272 -0.5142068266868591 0.7539165616035461 1.2003693580627441
0 0.4983581602573395 0.7937705516815186 -1.9874037504196167 1.0098892450332642 2.997495651245117
0 0.4982321262359619 0.4130764901638031 -1.0389865636825562 0.8190679550170898 1.6915160417556763
0 0.4981401562690735 0.716023325920105 -1.0135200023651123 1.0586034059524536 1.9615459442138672
0 0.4981120228767395 -9.867044448852539 0.3683072626590729 10.658910751342773 0.3747996985912323
0 0.4980357587337494 0.8679304122924805 -1.841227650642395 0.9618024826049805 2.907705307006836
1 0.4979250729084015 0.14198429882526398 0.6931554675102234 0.17891745269298553 0.7679236531257629
0 0.4978555738925934 -8.187585830688477 0.37666505575180054 8.99868392944336 0.38414323329925537
0 0.4976212978363037 -8.563166618347168 0.35448840260505676 9.380597114562988 0.3634547293186188
0 0.49758756160736084 -3.1764438152313232 0.36015793681144714 3.975900411605835 0.3693012297153473
0 0.49726277589797974 -3.9094786643981934 0.3052253723144531 4.830118656158447 0.3149018883705139
0 0.49704375863075256 -2.0006861686706543 0.3017639219760895 3.312135696411133 0.31245073676109314
