0 0.8741311430931091 0.4004015326499939 0.28835368156433105 0.4713510274887085 0.4517971873283386
0 0.8440898656845093 0.7902244925498962 0.6353943347930908 0.8772770762443542 0.7704105377197266
1 0.8091927170753479 0.2597540020942688 0.16340745985507965 0.3112946152687073 0.26160192489624023
0 0.8046658635139465 0.5956399440765381 0.15966545045375824 0.6590440273284912 0.2630869746208191
0 0.7899471521377563 0.4857374429702759 0.18422414362430573 0.5380008220672607 0.28771650791168213
1 0.7877526879310608 0.3382124900817871 0.17850720882415771 0.4115976095199585 0.3656349778175354
0 0.7780936360359192 0.6008438467979431 0.07517240941524506 0.660993754863739 0.16703464090824127
1 0.776362419128418 0.25491103529930115 0.015320170670747757 0.2931499779224396 0.1222120076417923
0 0.7722204327583313 0.654731273651123 0.30575019121170044 0.7147347927093506 0.410009503364563
1 0.770341157913208 0.23534628748893738 0.6706809997558594 0.31920287013053894 0.8023786544799805
0 0.7674899697303772 0.49340084195137024 0.18816135823726654 0.5638379454612732 0.3645421862602234
1 0.7630272507667542 0.4279736280441284 0.20202814042568207 0.4773097634315491 0.30427631735801697
1 0.7566433548927307 0.22847560048103333 0.2523854374885559 0.3254946172237396 0.4725687503814697
1 0.7475763559341431 0.17662161588668823 0.007244698703289032 0.22061645984649658 0.1207745149731636
0 0.7446998357772827 0.5481404662132263 0.4065804183483124 0.6110925078392029 0.52086341381073
0 0.6577149033546448 0.46611160039901733 0.03395050764083862 0.5075857639312744 0.13648396730422974
1 0.6463780999183655 0.11061294376850128 0.4734872281551361 0.20448152720928192 0.6390040516853333
1 0.6368217468261719 0.38184288144111633 0.47631192207336426 0.4515182673931122 0.6316748857498169
1 0.6025625467300415 0.26614660024642944 0.5419111847877502 0.31050753593444824 0.6393342614173889
0 0.5377181768417358 0.7229788899421692 0.24905714392662048 0.8117923140525818 0.4557317793369293
