1 0.82490473985672 0.3219405710697174 0.20059248805046082 0.39311322569847107 0.3799314796924591
1 0.8015390634536743 0.2332317978143692 0.2562926411628723 0.3149585723876953 0.44838500022888184
1 0.7885077595710754 0.6345390677452087 0.613372266292572 0.7057448029518127 0.743061363697052
1 0.7816462516784668 0.4279594123363495 0.2534806728363037 0.4867565333843231 0.3626718521118164
0 0.7762378454208374 0.40989911556243896 0.30762261152267456 0.4867613911628723 0.4374659061431885
0 0.739263117313385 0.554256796836853 0.21338051557540894 0.6243786811828613 0.3754872679710388
1 0.7364475131034851 0.32116687297821045 0.1151587963104248 0.3731718063354492 0.22849875688552856
0 0.7337115406990051 0.641007125377655 0.3238722085952759 0.6877962946891785 0.4526849389076233
0 0.7153144478797913 0.6349360942840576 0.17961247265338898 0.684660792350769 0.27552124857902527
0 0.7011526226997375 0.5114650130271912 0.2195195108652115 0.5628367066383362 0.3385445177555084
0 0.6772477626800537 0.5872817039489746 0.37629759311676025 0.6468406915664673 0.5193419456481934
0 0.6726858615875244 0.6280867457389832 0.4679042100906372 0.7255774140357971 0.6361308097839355
1 0.6681310534477234 0.2999151647090912 0.02892792969942093 0.34029653668403625 0.12820416688919067
0 0.6198464035987854 0.819032609462738 0.6567624807357788 0.9056962132453918 0.7973291873931885
1 0.6175922155380249 0.28238531947135925 0.5091049671173096 0.33430060744285583 0.6178035736083984
1 0.5546866059303284 0.36522310972213745 0.5130761861801147 0.4486153721809387 0.6609746217727661
0 0.5399032235145569 0.10849960893392563 0.6179456114768982 0.149076908826828 0.7070093750953674
0 0.5168823003768921 0.06435735523700714 0.15525737404823303 0.4701541066169739 0.9983938932418823
0 0.5120179653167725 0.09764982014894485 0.6542808413505554 0.14382939040660858 0.7610144019126892
0 0.4985389709472656 0.2754369080066681 -0.4096667468547821 0.784482479095459 1.170963168144226
