0 0.5766818523406982 0.18971873819828033 0.03053063154220581 0.5749531388282776 1.0833806991577148
1 0.5384544134140015 0.11404669284820557 0.6431342363357544 0.1608743667602539 0.7568937540054321
1 0.5326137542724609 0.10499358177185059 0.6776795387268066 0.14450687170028687 0.7935280799865723
0 0.5290823578834534 0.0665370374917984 0.13983002305030823 0.43637943267822266 0.9862573146820068
1 0.5221955180168152 0.09654369205236435 0.6301470398902893 0.13881799578666687 0.7125115990638733
1 0.520653486251831 0.12246961146593094 0.5994982123374939 0.17685097455978394 0.7300674319267273
1 0.5024423599243164 0.3203165531158447 0.15713509917259216 0.5264727473258972 0.9785661697387695
1 0.49942833185195923 0.19536662101745605 0.5724904537200928 0.23074555397033691 0.7418341636657715
0 0.49875545501708984 0.24814192950725555 -0.4176757037639618 0.7236408591270447 1.069332242012024
0 0.49863022565841675 0.8207239508628845 -0.9855896830558777 1.010727047920227 2.076815128326416
0 0.4985015094280243 0.8745453357696533 -1.134033441543579 0.9713866710662842 2.3357696533203125
0 0.49829530715942383 0.36158621311187744 -0.9615902304649353 0.7963618040084839 1.6022520065307617
0 0.4979994297027588 0.7152422666549683 -0.5205502510070801 1.026971459388733 1.6819252967834473
0 0.4975225329399109 -4.42735481262207 0.28219643235206604 5.354674339294434 0.28947964310646057
0 0.4973616898059845 -2.3975162506103516 0.313359797000885 3.6137685775756836 0.3213246464729309
0 0.49726402759552 -7.8279643058776855 0.25833606719970703 8.724386215209961 0.2656096816062927
0 0.4970664381980896 0.9005711078643799 -0.6377072334289551 0.964228630065918 1.7521302700042725
0 0.49680089950561523 -4.774125099182129 0.21572619676589966 5.5500593185424805 0.22344660758972168
0 0.496523916721344 -3.2645511627197266 0.29713600873947144 4.012312889099121 0.3060738444328308
1 0.4957323670387268 0.0729435533285141 0.591363787651062 0.11333198845386505 0.668218731880188
