0 0.6052666902542114 0.16171079874038696 0.041743338108062744 0.2113768458366394 0.16404670476913452
0 0.5785266160964966 0.21983478963375092 -0.028683900833129883 0.5654327869415283 1.1677495241165161
0 0.5386824011802673 0.06448911130428314 0.1203327476978302 0.4514951705932617 0.9910968542098999
1 0.5214961767196655 0.1255594938993454 0.6445844769477844 0.17253358662128448 0.7537099719047546
1 0.5211532711982727 0.12925934791564941 0.5998079776763916 0.1810150146484375 0.7355606555938721
1 0.5195547938346863 0.10210609436035156 0.6451326608657837 0.14339309930801392 0.7238084077835083
1 0.5151275992393494 0.11362758278846741 0.6780439615249634 0.1519525945186615 0.7984087467193604
0 0.5030338764190674 0.2027476578950882 0.5870927572250366 0.23392550647258759 0.7652643918991089
0 0.49875015020370483 0.24150259792804718 -0.4970172345638275 0.7386731505393982 1.1750373840332031
0 0.4986708164215088 0.7768179178237915 -0.8092269897460938 1.0407291650772095 1.7869558334350586
0 0.4986530840396881 0.8397190570831299 -1.2009692192077637 0.9974546432495117 2.2783055305480957
0 0.4984462261199951 0.8825651407241821 -1.0555238723754883 0.9644800424575806 2.2742626667022705
1 0.49819546937942505 0.07634963095188141 0.5932095050811768 0.11593340337276459 0.6632065773010254
0 0.4976945221424103 -4.965141296386719 0.2931032180786133 5.694169998168945 0.2981480360031128
0 0.497536838054657 -3.5506961345672607 0.3049415946006775 4.3682098388671875 0.31038469076156616
0 0.4974810481071472 -5.487259864807129 0.2955966591835022 6.205258369445801 0.3001163601875305
0 0.49721384048461914 -2.5928213596343994 0.27972090244293213 3.481912851333618 0.28769707679748535
0 0.49712347984313965 -1.5704524517059326 0.3008590638637543 2.7745954990386963 0.30989471077919006
0 0.49697837233543396 -5.2982401847839355 0.296547532081604 6.123105525970459 0.3029439449310303
0 0.4967231750488281 0.9075940251350403 -0.6755130887031555 0.9604658484458923 1.795976161956787
