0 0.5839435458183289 0.17391826212406158 0.06432247161865234 0.5410716533660889 1.1101114749908447
1 0.5391691327095032 0.10553322732448578 0.6458461880683899 0.15307720005512238 0.7578017115592957
1 0.5330939292907715 0.3229560852050781 0.11868685483932495 0.5324324369430542 1.00645112991333
1 0.5326754450798035 0.11269094794988632 0.6880615949630737 0.15262606739997864 0.7997016906738281
0 0.5175039172172546 0.07437741756439209 0.12715187668800354 0.4378683567047119 0.9843429327011108
1 0.5049136281013489 0.1112997978925705 0.5972310900688171 0.16484005749225616 0.7200747132301331
1 0.49942129850387573 0.07458887994289398 0.5964977145195007 0.11467774212360382 0.6719759106636047
1 0.498889684677124 0.0998603031039238 0.6374765038490295 0.1401738077402115 0.7169321179389954
0 0.49876707792282104 0.8716342449188232 -1.1785459518432617 0.9838730096817017 2.35021710395813
0 0.4987545311450958 0.21194589138031006 -0.35760298371315 0.7329870462417603 1.005989670753479
0 0.4986867904663086 0.8027836680412292 -0.9430328607559204 1.040004014968872 2.0116968154907227
0 0.4982617497444153 0.3597179651260376 -0.9637562036514282 0.798416018486023 1.6162022352218628
0 0.49744707345962524 0.9064356684684753 -0.6651698350906372 0.9672146439552307 1.7471634149551392
0 0.49739640951156616 -2.0636861324310303 0.3177453875541687 3.312609910964966 0.3253527283668518
0 0.4973665475845337 -4.459863662719727 0.24528668820858002 5.232388496398926 0.2503807246685028
0 0.49729999899864197 -3.4434540271759033 0.27013254165649414 4.37778377532959 0.2764400839805603
0 0.49724826216697693 -6.48308801651001 0.2865235507488251 7.200459003448486 0.2923225462436676
0 0.4971453547477722 -3.0177953243255615 0.27622154355049133 3.8692262172698975 0.2830236256122589
0 0.49515050649642944 0.18895721435546875 0.6046396493911743 0.22685837745666504 0.7436580657958984
0 0.4880683720111847 -0.7709835171699524 0.2003192901611328 1.4242863655090332 0.21132326126098633
