1 0.7679613828659058 0.13174715638160706 0.18443937599658966 0.21013537049293518 0.31511664390563965
0 0.6984748840332031 0.6747137308120728 0.5437394380569458 0.7503067255020142 0.7023226022720337
1 0.6984362006187439 0.21289598941802979 0.2933769226074219 0.3024405241012573 0.4739835262298584
0 0.6921605467796326 0.5360288619995117 0.27602115273475647 0.6100711822509766 0.4507938325405121
0 0.6849890947341919 0.6050496101379395 0.48610422015190125 0.6695613861083984 0.5899094343185425
1 0.6683353781700134 0.2553701400756836 0.036619700491428375 0.311725378036499 0.1396574079990387
0 0.6593358516693115 0.3748290240764618 0.350653737783432 0.4300523102283478 0.5207124352455139
1 0.6511664986610413 0.4029510021209717 0.2870057225227356 0.45017969608306885 0.4120411276817322
1 0.6451358199119568 0.33760783076286316 0.11237245798110962 0.4049701988697052 0.21086853742599487
1 0.6415932178497314 0.3155056834220886 0.27641749382019043 0.3859863877296448 0.420421838760376
0 0.6274963617324829 0.4738750755786896 0.26999443769454956 0.5170122385025024 0.3916422724723816
0 0.6069000363349915 0.8080421686172485 0.70106440782547 0.8880921602249146 0.8582565188407898
0 0.5675831437110901 0.6348772644996643 0.21443751454353333 0.6824129223823547 0.327913373708725
1 0.5560341477394104 0.25607040524482727 0.612920343875885 0.31497904658317566 0.7237133383750916
0 0.5303064584732056 0.054895445704460144 0.11928001046180725 0.5320010781288147 0.9785175323486328
1 0.5110856294631958 0.13499557971954346 0.6791646480560303 0.17593121528625488 0.7644546031951904
1 0.5098121166229248 0.6216991543769836 0.7260666489601135 0.7042858004570007 0.8597641587257385
1 0.5028640627861023 0.23069417476654053 0.6004481315612793 0.29686230421066284 0.7145745754241943
0 0.49864816665649414 0.2873843312263489 -0.5322909355163574 0.7438945174217224 1.214034080505371
0 0.49837207794189453 0.779541015625 -1.8233551979064941 1.007207989692688 2.8871922492980957
