1 0.878255307674408 0.2497813105583191 0.26545602083206177 0.30866754055023193 0.37904924154281616
1 0.8436460494995117 0.26459231972694397 0.10379312932491302 0.3229369819164276 0.2166648656129837
1 0.8376633524894714 0.1470566689968109 0.08105920255184174 0.22916224598884583 0.19906391203403473
0 0.8213022351264954 0.6310334801673889 0.29408133029937744 0.6886826157569885 0.41019654273986816
1 0.8067758679389954 0.24676018953323364 0.35655543208122253 0.29543453454971313 0.46973779797554016
1 0.7350469827651978 0.27660784125328064 0.3858318030834198 0.34457066655158997 0.5612666606903076
0 0.7251191735267639 0.5237762928009033 0.5896743535995483 0.581744909286499 0.7030373811721802
0 0.7151971459388733 0.43805018067359924 0.35745611786842346 0.5233518481254578 0.5080227255821228
1 0.7042109966278076 0.33324310183525085 0.08429597318172455 0.4092358648777008 0.24505873024463654
0 0.6908813714981079 0.45685863494873047 0.1355367749929428 0.5136591792106628 0.24898703396320343
0 0.6865227818489075 0.589443027973175 0.47247907519340515 0.6446517109870911 0.5921710729598999
0 0.6803855895996094 0.5270900130271912 0.323609858751297 0.6003171801567078 0.4357124865055084
1 0.6798012256622314 0.12102948874235153 0.3264528810977936 0.22979193925857544 0.5085613131523132
1 0.6638174653053284 0.4211730360984802 0.04882630333304405 0.4918103814125061 0.16395893692970276
0 0.6231440305709839 0.6732301712036133 0.22602373361587524 0.7611769437789917 0.400845468044281
1 0.6217828989028931 0.17694616317749023 0.7399148941040039 0.27309101819992065 0.8734738826751709
0 0.6160422563552856 0.5404290556907654 0.0995982438325882 0.5944746136665344 0.25612521171569824
0 0.5878199934959412 0.736578106880188 0.7307217121124268 0.810033917427063 0.8520810604095459
1 0.580830454826355 0.18258985877037048 0.6360315680503845 0.2740514576435089 0.7485068440437317
0 0.5299332141876221 0.5567048192024231 0.011081051081418991 0.6227825284004211 0.12543343007564545
