0 0.8668302893638611 0.47798195481300354 0.2898298501968384 0.539944052696228 0.3914748430252075
1 0.8379591703414917 0.39679884910583496 0.31726256012916565 0.4614226222038269 0.4177981913089752
1 0.7915841341018677 0.32771095633506775 0.3304389715194702 0.39625176787376404 0.5106543898582458
0 0.7904677987098694 0.5594601631164551 0.23813313245773315 0.6202207803726196 0.3989329934120178
0 0.729292631149292 0.8114539980888367 0.7302724123001099 0.8950936198234558 0.8663848638534546
0 0.6791261434555054 0.6236926913261414 0.6577414274215698 0.7008591294288635 0.8486615419387817
0 0.6604108810424805 0.6297435760498047 0.2257496565580368 0.6806081533432007 0.3219817578792572
1 0.6165729761123657 0.2227003127336502 0.6200676560401917 0.28837934136390686 0.7368963360786438
0 0.591902494430542 0.6243472695350647 0.49694135785102844 0.6845731139183044 0.604642391204834
1 0.561530590057373 0.2608131170272827 0.05436832085251808 0.3090958595275879 0.16084933280944824
0 0.5411325693130493 0.05158083140850067 0.12508034706115723 0.5270344018936157 0.9680085182189941
1 0.5083415508270264 0.24658340215682983 0.5788416266441345 0.310028076171875 0.6919580101966858
1 0.5063230991363525 0.13973292708396912 0.6440863609313965 0.1797456443309784 0.7197895050048828
1 0.5013871788978577 0.11620620638132095 0.6179965138435364 0.16194482147693634 0.6799831986427307
0 0.49877607822418213 0.2900804579257965 -0.4820190370082855 0.7464689016342163 1.1730536222457886
0 0.49840274453163147 0.8078069686889648 -1.7431106567382812 0.9934457540512085 2.7930355072021484
0 0.4982982873916626 0.407106876373291 -1.0154016017913818 0.8148531913757324 1.6685874462127686
0 0.4980606138706207 -7.5592169761657715 0.3605876863002777 8.310023307800293 0.36581018567085266
0 0.49799156188964844 0.7319265604019165 -0.8806760907173157 1.045945644378662 1.870680809020996
0 0.49796944856643677 0.881891667842865 -1.3909004926681519 0.9514946341514587 2.5187454223632812
