1 0.8181747794151306 0.17498214542865753 0.142173171043396 0.24521367251873016 0.32338541746139526
1 0.7932475805282593 0.235499769449234 0.32348158955574036 0.2781643569469452 0.419920414686203
1 0.7865238785743713 0.21210156381130219 0.40895503759384155 0.25343751907348633 0.5035306215286255
1 0.7769665122032166 0.25757896900177 0.12030188739299774 0.30173277854919434 0.2219783216714859
1 0.772077202796936 0.1785830706357956 0.21509793400764465 0.25049465894699097 0.4105101525783539
0 0.7529732584953308 0.6390755772590637 0.3210597634315491 0.68364018201828 0.41479456424713135
0 0.7480162382125854 0.6104635000228882 0.07721801102161407 0.6599687337875366 0.17388121783733368
1 0.7408280968666077 0.20335599780082703 0.5732659697532654 0.26307931542396545 0.6882937550544739
0 0.7395085096359253 0.6456905007362366 0.1389136016368866 0.6982437968254089 0.24772265553474426
0 0.7368264198303223 0.6887256503105164 0.6989198327064514 0.7405754923820496 0.7944647669792175
0 0.7343026399612427 0.7653164863586426 0.29645872116088867 0.8635493516921997 0.4643126130104065
1 0.7319821715354919 0.25078630447387695 0.036971185356378555 0.28253746032714844 0.12035754323005676
1 0.7276132106781006 0.18105757236480713 0.04194357246160507 0.22496652603149414 0.17399874329566956
1 0.7264550924301147 0.18097585439682007 0.02107866480946541 0.21675127744674683 0.12175695598125458
0 0.7167221307754517 0.6546742916107178 0.03426232188940048 0.6858863830566406 0.1243770495057106
1 0.7084408402442932 0.18967458605766296 0.13041073083877563 0.2311440408229828 0.25187987089157104
0 0.7081016302108765 0.6418370008468628 0.44301852583885193 0.6855636835098267 0.536946713924408
0 0.7048181891441345 0.5713253617286682 0.16419729590415955 0.6223539710044861 0.26677170395851135
1 0.7010592818260193 0.28302857279777527 0.057908669114112854 0.32715269923210144 0.15692315995693207
1 0.6858364939689636 0.11305789649486542 0.4715661108493805 0.18198277056217194 0.6143568158149719
