1 0.894542396068573 0.4398908317089081 0.35697227716445923 0.49969181418418884 0.4878044128417969
1 0.8415320515632629 0.429475337266922 0.24869056046009064 0.4984142482280731 0.37273696064949036
1 0.8116664886474609 0.23149172961711884 0.27956146001815796 0.283957302570343 0.4027402400970459
0 0.7996590733528137 0.5825079679489136 0.27890047430992126 0.6299797296524048 0.38610783219337463
0 0.7911843061447144 0.31967148184776306 0.37861618399620056 0.3681817352771759 0.49243560433387756
0 0.7648312449455261 0.525381326675415 0.6176162362098694 0.5845327377319336 0.7389779686927795
1 0.667160153388977 0.3288443386554718 0.4845576584339142 0.3996221721172333 0.5886971950531006
1 0.6439722180366516 0.1370120346546173 0.29081135988235474 0.21881404519081116 0.48889487981796265
0 0.6282481551170349 0.244191512465477 0.12005741149187088 0.30981194972991943 0.24319970607757568
0 0.5774512887001038 0.7349125146865845 0.22669948637485504 0.8176625967025757 0.4154716730117798
1 0.5549643039703369 0.37568944692611694 0.4679183065891266 0.4287445545196533 0.5994621515274048
1 0.5356060862541199 0.1496123969554901 0.697840690612793 0.18138578534126282 0.7675127983093262
0 0.5196298956871033 0.1262267529964447 0.14574316143989563 0.7111043930053711 1.0492658615112305
1 0.5076708197593689 0.11126768589019775 0.6586261987686157 0.1411682367324829 0.7133597135543823
1 0.5058594942092896 0.160362109541893 0.6073787808418274 0.19245381653308868 0.6949359774589539
0 0.4986305832862854 0.3088628947734833 -0.5733901858329773 0.7743220329284668 1.240492820739746
0 0.4982551336288452 0.8820672631263733 -1.4634919166564941 0.9707757830619812 2.636439800262451
0 0.49811697006225586 0.8026930689811707 -3.938678741455078 0.9925263524055481 4.9959306716918945
0 0.4980226755142212 0.7058565616607666 -2.315112590789795 1.076426386833191 3.3372926712036133
0 0.4977409839630127 0.8453343510627747 -1.8075034618377686 0.9982157349586487 2.953836679458618
