0 0.5867571830749512 0.17716996371746063 0.04153037071228027 0.5498798489570618 1.1372917890548706
1 0.5769903063774109 0.4628579020500183 0.2865005135536194 0.4999966621398926 0.39920932054519653
1 0.5315392017364502 0.11220129579305649 0.6880474090576172 0.15197573602199554 0.8059583902359009
1 0.5257769823074341 0.11291934549808502 0.5815932154655457 0.16706286370754242 0.7089959979057312
0 0.5190831422805786 0.07348275184631348 0.13037756085395813 0.4404953122138977 0.9873789548873901
1 0.5163086652755737 0.10903488099575043 0.6546963453292847 0.15377070009708405 0.7683771848678589
1 0.5144121050834656 0.3169846534729004 0.1102951169013977 0.5246210694313049 1.0107946395874023
1 0.5120513439178467 0.09980951994657516 0.6401089429855347 0.1425083875656128 0.7203305959701538
0 0.5035233497619629 0.0761457234621048 0.596873939037323 0.11568830907344818 0.6718671917915344
1 0.5024906396865845 0.18547707796096802 0.583910346031189 0.22339433431625366 0.7356808185577393
0 0.498740017414093 0.22408081591129303 -0.41111820936203003 0.7126812934875488 1.067974328994751
0 0.4987090826034546 0.8239494562149048 -1.0471075773239136 1.0162450075149536 2.119616985321045
0 0.49865469336509705 0.88578861951828 -1.2677569389343262 0.9730585217475891 2.449176549911499
0 0.49822476506233215 0.3529568314552307 -0.8618171215057373 0.7833972573280334 1.5208783149719238
0 0.497847318649292 -6.746189594268799 0.27282091975212097 7.50938081741333 0.2784114181995392
0 0.4976855516433716 -7.407783508300781 0.30556151270866394 8.292313575744629 0.31214872002601624
0 0.49750906229019165 -5.272160053253174 0.3151404559612274 6.197353839874268 0.32252737879753113
0 0.4973282217979431 -2.1633777618408203 0.3150688707828522 3.386685371398926 0.32313892245292664
0 0.4972161650657654 -7.055194854736328 0.2887659966945648 7.822445869445801 0.295517235994339
0 0.4971974790096283 0.9085901975631714 -0.6980162858963013 0.9664521217346191 1.7774244546890259
