0 0.5680682063102722 0.19392240047454834 -0.027839720249176025 0.547661304473877 1.1737771034240723
1 0.5290401577949524 0.10892293602228165 0.6897214651107788 0.14589354395866394 0.8013056516647339
1 0.5271106362342834 0.0986187532544136 0.6462419629096985 0.1402103304862976 0.7227795720100403
0 0.5239271521568298 0.06805931031703949 0.12606117129325867 0.4427183270454407 0.9866031408309937
1 0.518323540687561 0.11890669167041779 0.6432836055755615 0.16285787522792816 0.7474266290664673
1 0.5150372982025146 0.12815797328948975 0.6130238771438599 0.17466801404953003 0.7416325807571411
0 0.508995771408081 0.3042123317718506 0.1122066080570221 0.5009158849716187 1.0309076309204102
1 0.5048652291297913 0.07575803250074387 0.6051927208900452 0.11651147156953812 0.6769712567329407
0 0.49871405959129333 0.224313884973526 -0.45128071308135986 0.735082745552063 1.1226292848587036
0 0.4986517131328583 0.769286036491394 -0.8085980415344238 1.0449825525283813 1.763441562652588
0 0.49832987785339355 0.8845174908638 -1.0097289085388184 0.9635644555091858 2.2253363132476807
0 0.49828463792800903 0.3559909462928772 -0.9038676023483276 0.7914455533027649 1.5561436414718628
0 0.497562974691391 -3.6825850009918213 0.3026583790779114 4.492137432098389 0.3083186745643616
0 0.49744081497192383 -4.58546257019043 0.28291162848472595 5.311432838439941 0.28884759545326233
0 0.4973444938659668 -5.5410332679748535 0.2931494414806366 6.261412143707275 0.29833588004112244
0 0.4971686005592346 -2.3402724266052246 0.274980366230011 3.2373876571655273 0.2843918204307556
0 0.49705395102500916 -1.4850537776947021 0.2976713180541992 2.692023992538452 0.3079988956451416
0 0.4949134290218353 0.20614732801914215 0.5903490781784058 0.2356673926115036 0.7665563821792603
0 0.4920472800731659 0.4872312545776367 0.4683910608291626 0.559992790222168 0.6196633577346802
0 0.4913378357887268 -0.8624877333641052 0.22479461133480072 1.4993114471435547 0.23378778994083405
