0 0.8367562890052795 0.5159240365028381 0.6010608077049255 0.5782650113105774 0.7111654877662659
1 0.8367195129394531 0.36721596121788025 0.3377132713794708 0.43819883465766907 0.49308058619499207
1 0.8211334347724915 0.15097776055335999 0.2076130360364914 0.23238161206245422 0.3868793845176697
1 0.7895812392234802 0.2533609867095947 0.08673837780952454 0.3182181119918823 0.19847282767295837
1 0.7867019176483154 0.2862949073314667 0.06823688000440598 0.35442712903022766 0.22395610809326172
0 0.7765005230903625 0.5394048094749451 0.4715544581413269 0.6000484824180603 0.5900644659996033
1 0.7647370100021362 0.2523467242717743 0.28193849325180054 0.29425689578056335 0.38896334171295166
0 0.7236855030059814 0.7367002367973328 0.2125672996044159 0.820336639881134 0.40007761120796204
1 0.6916077733039856 0.3220685124397278 0.4984756410121918 0.37470489740371704 0.6255789995193481
0 0.64714515209198 0.44385698437690735 0.17215220630168915 0.5009771585464478 0.312095582485199
0 0.6469871401786804 0.6294987201690674 0.2739405333995819 0.6745033264160156 0.3958694040775299
1 0.6329821348190308 0.1941819190979004 0.7356681227684021 0.28455519676208496 0.8665774464607239
1 0.6033403873443604 0.32995298504829407 0.2297578603029251 0.3691294491291046 0.35322433710098267
0 0.5737223029136658 0.17452102899551392 0.5494041442871094 0.2522224187850952 0.7033294439315796
0 0.5473964214324951 0.2259979397058487 0.03378000110387802 0.28940320014953613 0.1524069607257843
1 0.5459919571876526 0.40037471055984497 0.5895000100135803 0.48780786991119385 0.7142412066459656
0 0.4984363317489624 0.31309759616851807 -0.5542389750480652 0.7977806329727173 1.1934666633605957
0 0.4980171024799347 0.8901621699333191 -1.6939287185668945 0.9588332772254944 2.8837924003601074
0 0.49800679087638855 -9.004587173461914 0.3782840967178345 9.820501327514648 0.3859742283821106
0 0.49794507026672363 -9.320064544677734 0.36785969138145447 10.087520599365234 0.3752404749393463
