0 0.588880181312561 0.1924816071987152 0.0033770203590393066 0.5491303205490112 1.158900499343872
1 0.5338411331176758 0.5284633636474609 0.5796497464179993 0.588824987411499 0.732861340045929
1 0.5324420928955078 0.11449465155601501 0.6472154259681702 0.15911313891410828 0.7599244713783264
1 0.5266863107681274 0.1115817129611969 0.6987020373344421 0.14724835753440857 0.8118632435798645
0 0.518081784248352 0.059199556708335876 0.14401286840438843 0.43044745922088623 0.9791362881660461
1 0.5176957249641418 0.09894851595163345 0.6452804207801819 0.1378127634525299 0.7255179286003113
0 0.5033359527587891 0.18867716193199158 0.591372549533844 0.22474095225334167 0.7483370900154114
0 0.5006055235862732 0.12068983912467957 0.5955612659454346 0.17111948132514954 0.7241313457489014
1 0.500362753868103 0.07215528190135956 0.5893635153770447 0.11317713558673859 0.6660779118537903
0 0.4987794756889343 0.8759760856628418 -1.1909255981445312 0.981708288192749 2.372004985809326
0 0.49870923161506653 0.21408456563949585 -0.49486756324768066 0.7441022396087646 1.1882967948913574
0 0.49869775772094727 0.7623952627182007 -0.8422507047653198 1.0434439182281494 1.8581129312515259
0 0.4982439875602722 0.3613447844982147 -1.0061815977096558 0.7979246377944946 1.676063895225525
0 0.4979398846626282 -6.847468376159668 0.29962027072906494 7.621579170227051 0.30498260259628296
0 0.497718870639801 -6.857247829437256 0.31099897623062134 7.745450496673584 0.31706857681274414
0 0.4973744750022888 -4.964374542236328 0.3035134971141815 5.869687080383301 0.3109948933124542
0 0.4973333477973938 0.9022259712219238 -0.53788161277771 0.9690786600112915 1.5903069972991943
0 0.49732422828674316 -7.857937812805176 0.30818307399749756 8.610045433044434 0.3146495819091797
0 0.49716198444366455 -2.284351110458374 0.3169640004634857 3.494948625564575 0.3256273567676544
1 0.4971572458744049 0.3208208978176117 0.16134920716285706 0.5347450971603394 0.9782332181930542
