0 0.5732982754707336 0.18738481402397156 -0.005530297756195068 0.5968332290649414 1.1233954429626465
1 0.5524945855140686 0.11805140972137451 0.639437198638916 0.1599208116531372 0.7462643384933472
1 0.5460017323493958 0.11204652488231659 0.6901664137840271 0.14758999645709991 0.802104651927948
1 0.5382359623908997 0.10261328518390656 0.6526878476142883 0.14307890832424164 0.7308765053749084
1 0.5145595073699951 0.12466178834438324 0.5990683436393738 0.1768636256456375 0.719553530216217
0 0.5141153335571289 0.06159168481826782 0.12701758742332458 0.4352760314941406 0.9946248531341553
1 0.5116938352584839 0.31189852952957153 0.12833940982818604 0.5333473682403564 1.0060136318206787
1 0.5062212944030762 0.07809051126241684 0.6031356453895569 0.11806706339120865 0.6753314137458801
1 0.5011314749717712 0.19890253245830536 0.5947745442390442 0.23549623787403107 0.7508532404899597
0 0.4986410140991211 0.7519158124923706 -0.573911190032959 1.0552061796188354 1.55720853805542
0 0.49858301877975464 0.8829313516616821 -1.006089210510254 0.9788613319396973 2.1960484981536865
0 0.4985499382019043 0.3084629476070404 -0.7917093634605408 0.7423615455627441 1.3934364318847656
0 0.49770689010620117 -2.478766441345215 0.3311699628829956 3.6827101707458496 0.33881211280822754
0 0.4976480007171631 -3.743701934814453 0.30433493852615356 4.652250289916992 0.3111385107040405
0 0.49747997522354126 -4.7838215827941895 0.28144651651382446 5.521432399749756 0.28715234994888306
0 0.49730831384658813 -5.339662075042725 0.29825207591056824 6.200117588043213 0.3044723570346832
0 0.4970601797103882 -3.34061336517334 0.30720534920692444 4.165764808654785 0.31454309821128845
0 0.48985612392425537 -0.7346947193145752 0.21582284569740295 1.3820931911468506 0.22662559151649475
