0 0.5590232014656067 0.195545956492424 0.034244418144226074 0.544076144695282 1.1298621892929077
1 0.5336852669715881 0.11267648637294769 0.6851673126220703 0.1531917005777359 0.8066421747207642
1 0.5315790176391602 0.09866200387477875 0.616065263748169 0.1462356597185135 0.7023288011550903
1 0.5304290056228638 0.3210119903087616 0.14932310581207275 0.5457232594490051 1.0072356462478638
1 0.517214834690094 0.11364512145519257 0.6480020880699158 0.15666081011295319 0.7630434632301331
1 0.516592800617218 0.12411515414714813 0.58501136302948 0.17348338663578033 0.707877516746521
0 0.5118830800056458 0.0775817483663559 0.1478692889213562 0.4176257848739624 0.9848591685295105
0 0.504906177520752 0.0754791796207428 0.5837816596031189 0.11764296889305115 0.6621832251548767
1 0.5009543299674988 0.19650255143642426 0.5827411413192749 0.23158009350299835 0.7310062646865845
0 0.4988318979740143 0.22534847259521484 -0.423209011554718 0.6892147064208984 1.0834922790527344
0 0.49878668785095215 0.8251314759254456 -0.9213058352470398 1.0146278142929077 1.973623275756836
0 0.49830320477485657 0.35567885637283325 -0.8893256187438965 0.7598573565483093 1.5533607006072998
0 0.49807584285736084 -7.962471961975098 0.28571656346321106 8.718066215515137 0.29105135798454285
0 0.49799323081970215 0.6993002891540527 -0.539976954460144 1.0327465534210205 1.742472529411316
0 0.4977378249168396 -7.948358535766602 0.3066997528076172 8.833755493164062 0.3134695887565613
0 0.49762633442878723 -5.606147289276123 0.314715176820755 6.509257793426514 0.3224324882030487
0 0.497624933719635 -8.869415283203125 0.3020702302455902 9.624269485473633 0.3082851469516754
0 0.4974457025527954 -3.677314281463623 0.3099064230918884 4.5272698402404785 0.31713855266571045
0 0.4974212050437927 -2.4611763954162598 0.31856563687324524 3.6709132194519043 0.32732972502708435
0 0.49683678150177 0.9001924991607666 -0.5174385905265808 0.9719034433364868 1.5775318145751953
