1 0.827248215675354 0.10975705087184906 0.20808306336402893 0.19186730682849884 0.39094600081443787
1 0.8206918835639954 0.21806547045707703 0.2738407552242279 0.27451589703559875 0.38471999764442444
1 0.8098495602607727 0.36560046672821045 0.31910789012908936 0.4380815029144287 0.4787853956222534
1 0.80394446849823 0.25820088386535645 0.07529893517494202 0.31835657358169556 0.2017028033733368
0 0.803022027015686 0.5597525238990784 0.4548057019710541 0.6211901307106018 0.5626860857009888
0 0.796273410320282 0.523374080657959 0.592476487159729 0.5830734968185425 0.7061491012573242
1 0.7782630920410156 0.2790120542049408 0.06976959854364395 0.345018595457077 0.2258577048778534
0 0.6769377589225769 0.5676730275154114 0.31807512044906616 0.636721670627594 0.4254184365272522
0 0.667390763759613 0.6981952786445618 0.2065661996603012 0.7737886309623718 0.4003755450248718
1 0.6503417491912842 0.1789497584104538 0.737727701663971 0.27305683493614197 0.8661643862724304
1 0.6446423530578613 0.3260113596916199 0.2513416111469269 0.36780595779418945 0.38045254349708557
1 0.6392554640769958 0.14687150716781616 0.05026310309767723 0.2145964503288269 0.16296279430389404
0 0.6064209342002869 0.5516965985298157 0.03842256963253021 0.6134772896766663 0.17849130928516388
1 0.5669347643852234 0.3260437250137329 0.446608304977417 0.3831450939178467 0.5900089740753174
0 0.5540642142295837 0.4546648859977722 0.17769788205623627 0.5102930665016174 0.3405582904815674
0 0.5385404825210571 0.41853734850883484 0.08948156982660294 0.4828309118747711 0.21473541855812073
0 0.5168808102607727 0.1692994236946106 0.5597981810569763 0.2542616128921509 0.700491726398468
0 0.4984239935874939 0.3160625696182251 -0.579217255115509 0.7932716608047485 1.2308220863342285
0 0.4980950653553009 0.8900575637817383 -1.5293617248535156 0.9611972570419312 2.7408175468444824
0 0.4980033040046692 -9.736879348754883 0.3644094467163086 10.58297348022461 0.37141239643096924
