0 0.5857921242713928 0.18077421188354492 -0.0130387544631958 0.5844763517379761 1.1538752317428589
1 0.5401890873908997 0.11884410679340363 0.6464502215385437 0.162307009100914 0.7543184161186218
1 0.5395172834396362 0.11268521100282669 0.6939671039581299 0.14800620079040527 0.8006964921951294
1 0.5368196964263916 0.10305987298488617 0.6480916738510132 0.1428135186433792 0.7282862663269043
0 0.5236485600471497 0.06071506440639496 0.13017669320106506 0.4413408041000366 1.0001089572906494
1 0.5204468965530396 0.12498241662979126 0.6139265298843384 0.17836833000183105 0.7396038770675659
0 0.5078798532485962 0.30800479650497437 0.11442896723747253 0.5262483954429626 1.0105215311050415
1 0.5038337707519531 0.19297149777412415 0.5921623706817627 0.22771355509757996 0.7442584037780762
1 0.49981924891471863 0.07793797552585602 0.6008328199386597 0.11647872626781464 0.6759401559829712
0 0.4986956715583801 0.22960422933101654 -0.4659484624862671 0.7143038511276245 1.1233969926834106
0 0.49863147735595703 0.7649623155593872 -0.6231170892715454 1.0476137399673462 1.5986777544021606
0 0.498475044965744 0.8777675032615662 -1.0405492782592773 0.9707332253456116 2.2527217864990234
0 0.49825167655944824 0.36529380083084106 -1.0041292905807495 0.8016896843910217 1.6671353578567505
0 0.4977618455886841 -3.1660046577453613 0.2992754876613617 4.086737632751465 0.3063030540943146
0 0.4976654648780823 -2.151031970977783 0.33280929923057556 3.3865132331848145 0.34081926941871643
0 0.49763816595077515 -4.420377731323242 0.28311577439308167 5.156408309936523 0.28886666893959045
0 0.4975699186325073 -3.568269729614258 0.31515035033226013 4.371542930603027 0.3215070068836212
0 0.4973793625831604 -6.18576192855835 0.30191707611083984 6.914548397064209 0.3076282739639282
0 0.49733859300613403 -4.639880657196045 0.29579827189445496 5.501706600189209 0.3021495044231415
0 0.4917626976966858 -0.9207069873809814 0.230403870344162 1.535008192062378 0.23921158909797668
