0 0.6900148391723633 0.4765068590641022 0.2670668363571167 0.5291585326194763 0.38967156410217285
1 0.6667051911354065 0.15682923793792725 0.09012261033058167 0.23233413696289062 0.2326749861240387
1 0.6596664786338806 0.12835444509983063 0.30167287588119507 0.2048521488904953 0.5219816565513611
0 0.6241910457611084 0.7174963355064392 0.4704773724079132 0.7681562304496765 0.6087689399719238
0 0.6153599619865417 0.49372598528862 0.4865381717681885 0.566411018371582 0.6385557651519775
0 0.6115484833717346 0.34187430143356323 0.08116649091243744 0.4099031090736389 0.25887227058410645
1 0.5665371417999268 0.4226006865501404 0.03964176028966904 0.4874783754348755 0.21155104041099548
0 0.5658289790153503 0.718298077583313 0.19536954164505005 0.7922333478927612 0.41161245107650757
0 0.5642900466918945 0.10031178593635559 0.07909169793128967 0.7705082893371582 1.0428237915039062
1 0.5457748770713806 0.16884015500545502 0.7166643738746643 0.20145167410373688 0.7893666625022888
1 0.5318061113357544 0.1354789435863495 0.7331106662750244 0.16450807452201843 0.7959260940551758
1 0.5277276039123535 0.3142470717430115 0.5042611956596375 0.3940454125404358 0.619059145450592
1 0.5144171714782715 0.19444413483142853 0.6535207033157349 0.23148314654827118 0.7421138286590576
0 0.508617639541626 0.5617706179618835 0.7764100432395935 0.6608672738075256 0.9151716828346252
1 0.5023288130760193 0.23644433915615082 0.5006486773490906 0.29895561933517456 0.6147263646125793
0 0.4984596371650696 0.38626086711883545 -0.8489428758621216 0.8447734117507935 1.4699946641921997
0 0.49819523096084595 0.8482708930969238 -1.0022037029266357 0.995362401008606 2.0878705978393555
0 0.497658371925354 0.7894421219825745 -4.038295269012451 0.9982606768608093 5.054337024688721
0 0.4974842071533203 0.6952333450317383 -2.437742233276367 1.0748059749603271 3.4319968223571777
0 0.49747931957244873 -1.419865608215332 0.2761557102203369 2.884397506713867 0.28513747453689575
