1 0.9117462038993835 0.45689693093299866 0.3567103445529938 0.5164560079574585 0.491731733083725
1 0.8446493148803711 0.4150811731815338 0.2849070429801941 0.48353853821754456 0.4076477885246277
0 0.8127011656761169 0.5749485492706299 0.28863319754600525 0.6286218166351318 0.3915577828884125
1 0.8023101687431335 0.2516792416572571 0.2864644229412079 0.3092593550682068 0.4083158075809479
0 0.7905539870262146 0.33113598823547363 0.3815951943397522 0.38654327392578125 0.49487370252609253
1 0.741508960723877 0.12536707520484924 0.24288615584373474 0.1980932652950287 0.4094102680683136
0 0.7153950333595276 0.5218393206596375 0.6021286249160767 0.5890585780143738 0.7312982082366943
1 0.6684379577636719 0.3252597153186798 0.49436670541763306 0.39429596066474915 0.5905528664588928
0 0.6100896596908569 0.7319725155830383 0.24393877387046814 0.8200609087944031 0.4396851360797882
0 0.582128643989563 0.22458207607269287 0.15208591520786285 0.28653597831726074 0.26511555910110474
1 0.5661261677742004 0.39052122831344604 0.4805716276168823 0.4431326389312744 0.6128185987472534
1 0.5580132007598877 0.14224790036678314 0.3018093407154083 0.21716709434986115 0.49980196356773376
1 0.5371226072311401 0.13938331604003906 0.7110180258750916 0.17084002494812012 0.778975784778595
1 0.5187024474143982 0.14934253692626953 0.6772773861885071 0.18242043256759644 0.7491936087608337
1 0.5107003450393677 0.10904859751462936 0.6478794813156128 0.1383054256439209 0.7024217844009399
0 0.4985596537590027 0.3066168427467346 -0.5650968551635742 0.7950646281242371 1.2505007982254028
0 0.49813586473464966 0.8800365924835205 -1.7637684345245361 0.9556841850280762 2.9361765384674072
0 0.4979991614818573 0.8029890060424805 -4.372530460357666 0.9753068685531616 5.406797885894775
0 0.4979342222213745 0.695305347442627 -2.3608107566833496 1.0745759010314941 3.3866915702819824
0 0.4976831376552582 0.02396830916404724 0.26974475383758545 0.7066367864608765 0.9121780395507812
