0 0.5775566697120667 0.22183240950107574 0.05424296855926514 0.519684910774231 1.0661002397537231
1 0.5399209260940552 0.10420539975166321 0.6774189472198486 0.13719341158866882 0.792866587638855
1 0.5380780696868896 0.11205452680587769 0.6550361514091492 0.15478825569152832 0.753395140171051
1 0.5191729664802551 0.08464762568473816 0.643674910068512 0.1319742500782013 0.7361473441123962
0 0.5164212584495544 0.0793379545211792 0.19392254948616028 0.4566460847854614 0.9969297647476196
1 0.5089316368103027 0.11023387312889099 0.6107762455940247 0.14472314715385437 0.7182134985923767
0 0.49879056215286255 0.288102388381958 -0.2906627058982849 0.69551020860672 1.0008749961853027
0 0.4984648823738098 0.8409872651100159 -2.0560741424560547 1.0257495641708374 3.096188545227051
0 0.4983096122741699 0.3832036852836609 -0.9762131571769714 0.8122915625572205 1.6322526931762695
0 0.4982495903968811 0.7393890023231506 -0.8956742286682129 1.066727638244629 1.873333215713501
0 0.4967088997364044 0.8819636106491089 -1.1025230884552002 0.9805018901824951 2.231902837753296
0 0.4923710823059082 -1.5327357053756714 0.31676650047302246 2.2329416275024414 0.32776087522506714
0 0.491655558347702 -1.2062443494796753 0.33479419350624084 2.249645709991455 0.35084208846092224
0 0.48986947536468506 -1.098177194595337 0.2885623574256897 1.8391826152801514 0.29729223251342773
1 0.489548921585083 0.3210011124610901 0.29131844639778137 0.47878628969192505 0.907092809677124
0 0.4887532591819763 0.28108638525009155 -0.41773414611816406 1.0195469856262207 0.8212312459945679
0 0.4880402088165283 -1.3010098934173584 0.2963513731956482 2.046114206314087 0.3072924017906189
0 0.4872245788574219 -1.9710378646850586 0.28091666102409363 2.682528495788574 0.29144588112831116
0 0.48554331064224243 -1.4164458513259888 0.2888019382953644 2.2587990760803223 0.30374106764793396
0 0.4778325855731964 -0.6389951705932617 0.2288711667060852 1.3631978034973145 0.24387168884277344
