1 0.8716789484024048 0.13465946912765503 0.22119104862213135 0.22099393606185913 0.42479705810546875
1 0.8363345265388489 0.14724084734916687 0.14918425679206848 0.2213064730167389 0.3422623574733734
0 0.8182576894760132 0.5923564434051514 0.06089343503117561 0.6497567892074585 0.15585462749004364
1 0.8129503726959229 0.25547489523887634 0.12347596883773804 0.3025868237018585 0.22549289464950562
1 0.8127844333648682 0.10401648283004761 0.5290998220443726 0.18623030185699463 0.6789710521697998
0 0.7854523658752441 0.6072347164154053 0.16228267550468445 0.6663243770599365 0.26458266377449036
1 0.7664906978607178 0.09724906086921692 0.4086679220199585 0.18617847561836243 0.5615417957305908
0 0.7632628679275513 0.8163042068481445 0.6435133218765259 0.9028184413909912 0.763146162033081
0 0.7472701668739319 0.7407611608505249 0.2364826202392578 0.8313549757003784 0.43470680713653564
0 0.7298524379730225 0.6650148630142212 0.3117864727973938 0.7330406904220581 0.41540348529815674
0 0.7192637324333191 0.6355250477790833 0.41812849044799805 0.6901909708976746 0.5097138285636902
1 0.7180893421173096 0.23116251826286316 0.04572676867246628 0.26064422726631165 0.13842910528182983
1 0.7153595089912415 0.2172682285308838 0.31731167435646057 0.2572433352470398 0.42242953181266785
1 0.707175076007843 0.17189092934131622 0.01905842125415802 0.2084016054868698 0.12211446464061737
1 0.6701067090034485 0.19727027416229248 0.1538572609424591 0.24280011653900146 0.2867780029773712
1 0.6360527276992798 0.23995822668075562 0.6465004086494446 0.33184677362442017 0.7664489150047302
0 0.6146776080131531 0.6055446267127991 0.6977112293243408 0.6560093760490417 0.7958347797393799
1 0.5994347929954529 0.2729645371437073 0.4282020926475525 0.3042951226234436 0.544819712638855
1 0.588899552822113 0.1875527799129486 0.45613527297973633 0.23840740323066711 0.5938022136688232
1 0.5880945920944214 0.16531692445278168 0.4673348665237427 0.20824773609638214 0.6074376106262207
