1 0.7992042303085327 0.617649257183075 0.6104390025138855 0.7021558880805969 0.7501397728919983
0 0.7726052403450012 0.41377684473991394 0.30640852451324463 0.4878551661968231 0.46334564685821533
1 0.7567017674446106 0.2912819981575012 0.2605271637439728 0.37245726585388184 0.44237425923347473
0 0.749158501625061 0.6298708915710449 0.16608403623104095 0.6838550567626953 0.2576221823692322
1 0.7416561841964722 0.4159374237060547 0.23798534274101257 0.4798264503479004 0.35015884041786194
1 0.7365013360977173 0.36219409108161926 0.21690423786640167 0.438461035490036 0.3908727765083313
0 0.7293811440467834 0.5949225425720215 0.38792747259140015 0.6606366634368896 0.5122627019882202
0 0.7132406830787659 0.5056083798408508 0.2242143154144287 0.570002019405365 0.33515918254852295
0 0.6573556661605835 0.6380615234375 0.49855172634124756 0.7419548034667969 0.6951855421066284
0 0.6526972651481628 0.5840999484062195 0.1999889761209488 0.6579789519309998 0.3644801378250122
1 0.6496450901031494 0.20669817924499512 0.10968183726072311 0.2994321584701538 0.24511444568634033
0 0.6240816712379456 0.8168312311172485 0.6410329937934875 0.9116195440292358 0.7878856062889099
1 0.5885645747184753 0.2574545443058014 0.03458304703235626 0.2943668067455292 0.12614737451076508
0 0.5206862092018127 0.03865286707878113 0.16232863068580627 0.6082433462142944 0.8998595476150513
1 0.5179712176322937 0.257915735244751 0.518513560295105 0.33749210834503174 0.6536433696746826
0 0.5141726136207581 0.09929243475198746 0.6716307997703552 0.14170709252357483 0.7418788075447083
1 0.5012580752372742 0.0882621705532074 0.6459197402000427 0.1348951756954193 0.7636671662330627
0 0.4986415505409241 0.29443618655204773 -0.37045007944107056 0.7516320943832397 1.1716992855072021
0 0.4981917142868042 0.3400115370750427 -0.9746749997138977 0.822568953037262 1.679213285446167
0 0.4981486201286316 0.8070098161697388 -1.6478012800216675 1.001102089881897 2.8030571937561035
