0 0.5822953581809998 0.19470234215259552 -0.025591492652893066 0.5539773106575012 1.1346315145492554
0 0.5366973876953125 0.06106653809547424 0.13464856147766113 0.4411376416683197 0.9801077842712402
1 0.5358923673629761 0.10889376699924469 0.5988022089004517 0.16030649840831757 0.7173175811767578
1 0.5346241593360901 0.10865472257137299 0.6780832409858704 0.14648659527301788 0.803529679775238
1 0.5224305987358093 0.10020656883716583 0.6536445617675781 0.14219222962856293 0.7369086742401123
1 0.5047139525413513 0.2674978971481323 0.15154731273651123 0.4785865545272827 1.020758032798767
1 0.5006672143936157 0.17486059665679932 0.6015952229499817 0.20852667093276978 0.7519976496696472
0 0.4995414912700653 0.07065033912658691 0.6124738454818726 0.11259394884109497 0.6857143640518188
0 0.4987958073616028 0.25511059165000916 -0.3784641921520233 0.6972132921218872 1.095866084098816
0 0.4986196756362915 0.7677538990974426 -0.8503303527832031 1.0520819425582886 1.8074488639831543
0 0.49847355484962463 0.8848578929901123 -0.7501769065856934 0.9658558368682861 1.9487409591674805
0 0.4983462989330292 0.3579186201095581 -0.8289793729782104 0.7958471775054932 1.4832838773727417
0 0.49753957986831665 -4.673262596130371 0.3117732107639313 5.408064842224121 0.31709161400794983
0 0.49748510122299194 -1.5252107381820679 0.3008284270763397 2.805318832397461 0.3096541464328766
0 0.497414767742157 -2.265237331390381 0.288343220949173 3.167781352996826 0.2963428199291229
0 0.49740922451019287 -3.858241081237793 0.30442407727241516 4.657401084899902 0.30966922640800476
0 0.49737030267715454 -5.1179399490356445 0.3072766363620758 5.82933235168457 0.3117864429950714
0 0.49690937995910645 -5.018059253692627 0.31365966796875 5.842019557952881 0.320143461227417
0 0.4915240705013275 -0.874175488948822 0.22936329245567322 1.5045545101165771 0.23722949624061584
0 0.48856648802757263 0.8163084387779236 0.7264459133148193 0.9013789296150208 0.8403558731079102
