0 0.5892622470855713 0.18629500269889832 0.0689433217048645 0.5208882093429565 1.0881321430206299
1 0.5422916412353516 0.10180353373289108 0.6897197961807251 0.14348341524600983 0.8095515966415405
1 0.5270161628723145 0.0901784598827362 0.6342997550964355 0.13503393530845642 0.7138209342956543
0 0.5224364399909973 0.046378061175346375 0.14498567581176758 0.4258849024772644 0.9789459705352783
1 0.5173080563545227 0.10812682658433914 0.6463879346847534 0.15311984717845917 0.7639884948730469
1 0.5132948160171509 0.11538117378950119 0.5830250382423401 0.1698462963104248 0.7114964127540588
0 0.5099465847015381 0.06987453252077103 0.5969920754432678 0.11001705378293991 0.6712386012077332
1 0.5054731369018555 0.31544575095176697 0.19064143300056458 0.5258615016937256 0.9530538320541382
0 0.4987785220146179 0.8199490308761597 -1.2014403343200684 1.0161710977554321 2.2915730476379395
0 0.4987184405326843 0.20920279622077942 -0.4063335061073303 0.7147282361984253 1.0841712951660156
0 0.49824631214141846 0.3558396100997925 -0.9461363554000854 0.7995240688323975 1.6264029741287231
0 0.4980137348175049 0.705021858215332 -0.6308770179748535 1.0198194980621338 1.8539643287658691
0 0.4980015158653259 -8.314630508422852 0.28300243616104126 9.068864822387695 0.2882615327835083
0 0.49778813123703003 -8.567255020141602 0.31585001945495605 9.457761764526367 0.32222652435302734
0 0.49757495522499084 -5.507706165313721 0.32293957471847534 6.435657024383545 0.3307228684425354
0 0.4974823296070099 -9.045086860656738 0.29643872380256653 9.810019493103027 0.3028726875782013
0 0.49743813276290894 -3.7357544898986816 0.3041490316390991 4.576278209686279 0.3116931915283203
0 0.49731963872909546 -2.31937313079834 0.33016353845596313 3.5938973426818848 0.3388192653656006
0 0.49669256806373596 0.9013417363166809 -0.49650388956069946 0.9663442969322205 1.5452227592468262
0 0.49431538581848145 0.19673225283622742 0.5760996341705322 0.2353869378566742 0.7382611036300659
