0 0.588196873664856 0.24010725319385529 -0.006100714206695557 0.5674533247947693 1.1769092082977295
0 0.5452097058296204 0.07397784292697906 0.20850831270217896 0.4730759263038635 0.9401139616966248
1 0.5214076042175293 0.11409545689821243 0.6399882435798645 0.16655968129634857 0.7679559588432312
1 0.517689049243927 0.11159811913967133 0.6799255609512329 0.1526518017053604 0.8114851713180542
0 0.5121291279792786 0.3097163438796997 0.0896402895450592 0.5118059515953064 1.0283135175704956
1 0.503827691078186 0.12173457443714142 0.5966870188713074 0.1769953817129135 0.7368208765983582
1 0.5030413866043091 0.11229293048381805 0.6195874214172363 0.15726204216480255 0.7093229293823242
0 0.5015547871589661 0.1903482973575592 0.5717993378639221 0.2258734405040741 0.7299155592918396
0 0.498836874961853 0.29657065868377686 -0.44569534063339233 0.7019847631454468 1.1458771228790283
0 0.4987655580043793 0.7861566543579102 -0.9624637961387634 1.0284080505371094 1.9294579029083252
0 0.4984116554260254 0.86788010597229 -0.8486703038215637 0.9877047538757324 2.0278220176696777
0 0.4982566833496094 0.36672455072402954 -0.8901958465576172 0.7997866272926331 1.5179495811462402
0 0.4979996085166931 -4.8807902336120605 0.3030571937561035 5.627981662750244 0.307855486869812
0 0.49793118238449097 -4.765477180480957 0.3139607608318329 5.57861328125 0.3190164268016815
0 0.4978700876235962 -2.4746527671813965 0.28955116868019104 3.369339942932129 0.2970660626888275
0 0.49781572818756104 -6.111051559448242 0.3104879558086395 6.829251289367676 0.3147535026073456
0 0.4977418780326843 -1.583603858947754 0.31139811873435974 2.9012651443481445 0.32013872265815735
0 0.49754613637924194 -5.5067458152771 0.3070942759513855 6.320554256439209 0.3128506541252136
0 0.4969530701637268 0.900610089302063 -0.5708677768707275 0.9648236036300659 1.707401990890503
0 0.4949028491973877 0.08034569770097733 0.6193816661834717 0.1304040402173996 0.7014968395233154
