7 0.9332693219184875 0.11144886910915375 0.21718443930149078 0.18741263449192047 0.4160515069961548
6 0.8925125002861023 0.41406282782554626 0.34698981046676636 0.4702581465244293 0.4864566922187805
9 0.7740435600280762 0.23553551733493805 0.2715132534503937 0.28696128726005554 0.39033815264701843
9 0.7668768763542175 0.22558102011680603 0.10857539623975754 0.2718273103237152 0.22203952074050903
3 0.7530204057693481 0.521912693977356 0.6001269817352295 0.5805641412734985 0.719107985496521
10 0.7274101376533508 0.30943283438682556 0.0703977718949318 0.37427428364753723 0.2378145158290863
11 0.716529130935669 0.39695650339126587 0.2586755156517029 0.46149909496307373 0.3824055790901184
9 0.7089129686355591 0.306261271238327 0.5318169593811035 0.3752550780773163 0.6638443470001221
3 0.6983545422554016 0.5844531655311584 0.2805446982383728 0.6334101557731628 0.40889185667037964
1 0.6955432295799255 0.7182968258857727 0.22953732311725616 0.7980310320854187 0.4127255082130432
8 0.6690853238105774 0.40808606147766113 0.5942926406860352 0.4679163098335266 0.7526099681854248
5 0.6291792392730713 0.24667201936244965 0.027835190296173096 0.30855515599250793 0.1562092900276184
3 0.5526067614555359 0.5550820827484131 0.4832634925842285 0.6059207916259766 0.6072742938995361
2 0.5394460558891296 0.19060909748077393 0.5674855709075928 0.27226316928863525 0.7089046239852905
