7 0.9214123487472534 0.12999098002910614 0.21305102109909058 0.20371778309345245 0.40340977907180786
6 0.8367990851402283 0.4195125102996826 0.3633405566215515 0.4740680456161499 0.5083237290382385
3 0.8232508897781372 0.5221462845802307 0.6215282678604126 0.5772332549095154 0.7393157482147217
11 0.7820955514907837 0.40888550877571106 0.27094510197639465 0.4709104597568512 0.4164569079875946
9 0.7452353835105896 0.24251596629619598 0.29180029034614563 0.2913566529750824 0.4036642014980316
3 0.727837860584259 0.5561091303825378 0.2973531186580658 0.6028186678886414 0.4088473618030548
9 0.715104341506958 0.3322364091873169 0.5183270573616028 0.3899427652359009 0.6500005125999451
9 0.7147703170776367 0.2458697110414505 0.11341418325901031 0.29617565870285034 0.22940020263195038
10 0.6995662450790405 0.3258116543292999 0.0724065899848938 0.3875959813594818 0.24468165636062622
1 0.6793046593666077 0.7321912050247192 0.20299184322357178 0.8098608255386353 0.39390134811401367
8 0.6230459213256836 0.4186466634273529 0.5862958431243896 0.49068811535835266 0.7393065690994263
5 0.6171928644180298 0.2401169240474701 0.021843239665031433 0.29767265915870667 0.1445745974779129
3 0.5612713694572449 0.4009068012237549 0.45255404710769653 0.44952285289764404 0.5631150603294373
