7 0.91379714012146 0.1549605131149292 0.22132660448551178 0.22726279497146606 0.3998339772224426
6 0.8207038044929504 0.4206850230693817 0.3436243236064911 0.4764237701892853 0.4801376163959503
9 0.8168380856513977 0.26172229647636414 0.10381954908370972 0.3047063648700714 0.22088009119033813
11 0.7931921482086182 0.4059607684612274 0.2667977213859558 0.4659656584262848 0.38862866163253784
3 0.7565916776657104 0.5836130976676941 0.2871999740600586 0.6341424584388733 0.39428436756134033
9 0.7135879397392273 0.24488165974617004 0.26885098218917847 0.28239676356315613 0.38107383251190186
3 0.6657285690307617 0.5184916257858276 0.617502748966217 0.5715019702911377 0.7244760394096375
10 0.6553922891616821 0.3286430239677429 0.06863033026456833 0.39024460315704346 0.22573047876358032
8 0.6316036581993103 0.3247763514518738 0.3189481794834137 0.3772990107536316 0.4637363851070404
9 0.6242232918739319 0.338080495595932 0.49150383472442627 0.3939070403575897 0.6259204149246216
5 0.6001209020614624 0.2392570674419403 0.015570953488349915 0.2983503043651581 0.14517317712306976
3 0.5433230400085449 0.4264864921569824 0.47482216358184814 0.4758526682853699 0.5906069278717041
