3 0.8217174410820007 0.5907847285270691 0.03447035700082779 0.6324945092201233 0.14770159125328064
7 0.82093346118927 0.15951858460903168 0.25483930110931396 0.23777832090854645 0.44811153411865234
1 0.7945623993873596 0.758746325969696 0.2565382122993469 0.8429960608482361 0.427987277507782
9 0.7759553790092468 0.2574864327907562 0.041385721415281296 0.2893495261669159 0.1222681850194931
3 0.7376474738121033 0.6499598026275635 0.4237420856952667 0.6886749267578125 0.517625629901886
3 0.736655056476593 0.6948670744895935 0.3373909890651703 0.7450433373451233 0.4351324141025543
2 0.7256876826286316 0.3851339817047119 0.29684942960739136 0.47538501024246216 0.44038766622543335
8 0.6900895833969116 0.09373275190591812 0.45100319385528564 0.2589060962200165 0.5913660526275635
10 0.619148313999176 0.16280591487884521 0.18267875909805298 0.22838878631591797 0.37295085191726685
4 0.598797619342804 0.5350081324577332 0.12654423713684082 0.6004602313041687 0.3277590274810791
6 0.584312915802002 0.11391675472259521 0.33961251378059387 0.22413009405136108 0.48706790804862976
3 0.5634227395057678 0.454807847738266 0.24222780764102936 0.5024865865707397 0.33275216817855835
9 0.5506657958030701 0.28347769379615784 0.14754299819469452 0.33306458592414856 0.24626536667346954
11 0.5348795056343079 0.17119300365447998 0.023209545761346817 0.20841670036315918 0.12247321009635925
3 0.5234476923942566 0.568764865398407 0.6763967871665955 0.6096593737602234 0.7827070355415344
2 0.48931440711021423 0.5637837648391724 0.0492379367351532 0.6051943302154541 0.15934744477272034
5 0.4136706292629242 0.8277374505996704 0.62099289894104 0.9082649946212769 0.7316970825195312
9 0.4133743941783905 0.3464773893356323 0.7007018327713013 0.4025847911834717 0.7825778722763062
9 0.4076142907142639 0.24865072965621948 0.5309884548187256 0.29141563177108765 0.6462929248809814
