9 0.8844521641731262 0.23052895069122314 0.2556406557559967 0.29577577114105225 0.3642275035381317
6 0.8206759691238403 0.3236353397369385 0.3802596926689148 0.39332789182662964 0.5157841444015503
7 0.7970588803291321 0.1189253181219101 0.295922189950943 0.2297637015581131 0.4832618534564972
9 0.7942361831665039 0.2762591242790222 0.13082346320152283 0.32776105403900146 0.24988463521003723
9 0.7493248581886292 0.2530791461467743 0.49302148818969727 0.311275452375412 0.6393628120422363
3 0.744121789932251 0.6198025941848755 0.29020312428474426 0.6751240491867065 0.39548495411872864
2 0.7134166359901428 0.3970296382904053 0.17865531146526337 0.4617965817451477 0.32229161262512207
10 0.7007532715797424 0.32516536116600037 0.06535188108682632 0.3858494460582733 0.23281249403953552
1 0.6995737552642822 0.7423781156539917 0.20592094957828522 0.8190265893936157 0.39337360858917236
6 0.6131325960159302 0.15095935761928558 0.05602604150772095 0.2157619744539261 0.20416009426116943
3 0.4575888514518738 0.3733115792274475 0.11601677536964417 0.4206007122993469 0.23263022303581238
3 0.41256818175315857 0.5187858939170837 0.6151924729347229 0.5921494364738464 0.7210293412208557
