3 0.8334769606590271 0.5841532945632935 0.04246002435684204 0.6259177923202515 0.12431734800338745
2 0.814333438873291 0.3888325095176697 0.2836140990257263 0.4684455394744873 0.43810147047042847
1 0.7979079484939575 0.7425068616867065 0.2707543671131134 0.8299461603164673 0.42640194296836853
7 0.7814270853996277 0.15894842147827148 0.2594541311264038 0.22342491149902344 0.46781277656555176
9 0.7459307909011841 0.28465551137924194 0.05168450251221657 0.31080466508865356 0.152621328830719
8 0.7301849722862244 0.11682803928852081 0.4952849745750427 0.20971177518367767 0.6494496464729309
3 0.725624144077301 0.633131206035614 0.43301770091056824 0.673586905002594 0.5185571312904358
3 0.7193630337715149 0.7106339931488037 0.35756510496139526 0.7645368576049805 0.4547317624092102
10 0.6758106350898743 0.18878471851348877 0.18407496809959412 0.24646639823913574 0.3588012158870697
9 0.6624583005905151 0.2864563763141632 0.1498289704322815 0.3260049521923065 0.24882084131240845
6 0.6259896159172058 0.15310415625572205 0.4018539488315582 0.2347693145275116 0.564795970916748
11 0.5789072513580322 0.19979657232761383 0.026991888880729675 0.23435108363628387 0.12105663120746613
2 0.5540949702262878 0.5543711185455322 0.04166608303785324 0.5950052738189697 0.15083181858062744
3 0.5365961790084839 0.4693431556224823 0.2473447620868683 0.5149365663528442 0.3350365459918976
8 0.5050075650215149 0.3408350646495819 0.12195688486099243 0.39446118474006653 0.2274385690689087
6 0.5044612288475037 0.24607902765274048 0.17822003364562988 0.277657687664032 0.31165575981140137
9 0.4928462505340576 0.28781309723854065 0.4331015646457672 0.3270687758922577 0.5512974262237549
9 0.48170390725135803 0.3898123800754547 0.726478099822998 0.4528774917125702 0.8046491146087646
9 0.4579234719276428 0.2746562063694 0.2905448377132416 0.3120093047618866 0.39754000306129456
3 0.4460276961326599 0.5749009847640991 0.16402390599250793 0.6239460706710815 0.2582978308200836
