2 0.7597116827964783 0.5426177382469177 0.3235941231250763 0.6023188233375549 0.47033819556236267
7 0.7510383129119873 0.09085378050804138 0.3780791163444519 0.19762179255485535 0.5701996088027954
9 0.749740481376648 0.22881285846233368 0.14382189512252808 0.26742053031921387 0.24510008096694946
3 0.7100224494934082 0.6255269050598145 0.2898210287094116 0.6698052883148193 0.4016166925430298
5 0.7083607912063599 0.687922477722168 0.012052386999130249 0.7364597320556641 0.12751367688179016
3 0.6888644099235535 0.6430844068527222 0.04111325740814209 0.6899622678756714 0.15120500326156616
6 0.679655134677887 0.11367277801036835 0.6141296625137329 0.2339874655008316 0.7493425607681274
3 0.6789126396179199 0.4988947808742523 0.6037107110023499 0.5447260141372681 0.7049036622047424
6 0.6721071004867554 0.12430059909820557 0.07811613380908966 0.1799030900001526 0.2152189463376999
4 0.6512255668640137 0.6450585126876831 0.32653379440307617 0.7070112228393555 0.48445814847946167
9 0.6336066126823425 0.24545888602733612 0.28188252449035645 0.2810159921646118 0.39351147413253784
3 0.5806535482406616 0.5387260913848877 0.12191544473171234 0.5779595375061035 0.23866446316242218
10 0.561042845249176 0.21054500341415405 0.14747296273708344 0.2645225524902344 0.3038567304611206
3 0.5341237783432007 0.45751407742500305 0.21043244004249573 0.499260812997818 0.3343296945095062
5 0.5285553336143494 0.8066084384918213 0.6753702163696289 0.8965587615966797 0.8106369972229004
9 0.507304847240448 0.3548905849456787 0.4642921984195709 0.39150744676589966 0.5580245852470398
3 0.4833202064037323 0.532463014125824 0.5008388757705688 0.5856645703315735 0.6176333427429199
8 0.4814110994338989 0.3125588297843933 0.2642890214920044 0.3783171772956848 0.4426419734954834
9 0.46828579902648926 0.24005916714668274 0.45849406719207764 0.2899650037288666 0.5883461236953735
9 0.461744099855423 0.39831727743148804 0.02885342389345169 0.4445927143096924 0.12809348106384277
