9 0.9172044396400452 0.23631519079208374 0.25616568326950073 0.2977581024169922 0.35736149549484253
6 0.7876402139663696 0.3152427673339844 0.4094057083129883 0.3832244277000427 0.5363988280296326
9 0.7836229205131531 0.27067822217941284 0.12636417150497437 0.3206923007965088 0.23716044425964355
3 0.7755575776100159 0.6231322884559631 0.3050960302352905 0.6847501397132874 0.4114617109298706
7 0.749337911605835 0.129373237490654 0.31720173358917236 0.226531520485878 0.4899461269378662
2 0.6988465189933777 0.3984057903289795 0.1747291386127472 0.4638902544975281 0.31125351786613464
1 0.680281400680542 0.7342326045036316 0.19472450017929077 0.8075700402259827 0.38603872060775757
10 0.6568785309791565 0.3130740225315094 0.0687645897269249 0.3778427541255951 0.2308320701122284
6 0.6537120342254639 0.14059880375862122 0.05948048084974289 0.20473453402519226 0.20427751541137695
3 0.5911823511123657 0.36721405386924744 0.12288938462734222 0.4117983877658844 0.2364295870065689
9 0.504500687122345 0.2715001702308655 0.37910518050193787 0.3275166153907776 0.48649778962135315
9 0.45858532190322876 0.27166038751602173 0.5077056884765625 0.3278271555900574 0.6425857543945312
3 0.4298783838748932 0.5175451040267944 0.6135991215705872 0.5916863679885864 0.7198140025138855
9 0.41370776295661926 0.29584500193595886 0.4807777404785156 0.3496936857700348 0.6194075345993042
0 0.40496405959129333 0.5479221343994141 0.05058221518993378 0.6059528589248657 0.20762266218662262
