3 0.8773534297943115 0.6671581864356995 0.3635200560092926 0.7071986794471741 0.4737946093082428
3 0.857822597026825 0.6669120192527771 0.49142593145370483 0.7082381844520569 0.6003252863883972
3 0.8178555965423584 0.6002024412155151 0.03863028809428215 0.633550763130188 0.1276196986436844
1 0.8059208393096924 0.7625377178192139 0.2739950716495514 0.8575260639190674 0.45341619849205017
9 0.7850944399833679 0.19361871480941772 0.4511687755584717 0.2333335280418396 0.5600910186767578
9 0.7841277718544006 0.29567599296569824 0.057825230062007904 0.3298090696334839 0.14476844668388367
9 0.7106167674064636 0.20398715138435364 0.5535473823547363 0.253296822309494 0.665973424911499
3 0.7046310901641846 0.5442125797271729 0.03485715389251709 0.5762498378753662 0.12529230117797852
9 0.7042112946510315 0.2451132833957672 0.3689531981945038 0.2867535650730133 0.46751073002815247
10 0.6943762302398682 0.17863549292087555 0.1857835054397583 0.24607138335704803 0.3464946746826172
5 0.6627765893936157 0.6364787817001343 0.032712604850530624 0.6729973554611206 0.12181833386421204
5 0.641080915927887 0.794112503528595 0.6784341335296631 0.9040421843528748 0.785547137260437
9 0.6365092992782593 0.26413384079933167 0.15725980699062347 0.3023078143596649 0.24421216547489166
11 0.6194338202476501 0.12218962609767914 0.6687668561935425 0.21240974962711334 0.8045507669448853
9 0.6182987689971924 0.24231453239917755 0.6621136665344238 0.2856265604496002 0.7518113851547241
8 0.5958496928215027 0.21113470196723938 0.027057383209466934 0.24545297026634216 0.14619901776313782
3 0.589125394821167 0.6890994906425476 0.7043523788452148 0.7324208617210388 0.8081097602844238
7 0.5879986882209778 0.15756823122501373 0.26675593852996826 0.22617332637310028 0.44122087955474854
11 0.5754688382148743 0.19475200772285461 0.03293686360120773 0.22808262705802917 0.13232439756393433
8 0.5538908243179321 0.1309535801410675 0.5067340135574341 0.2167017161846161 0.6654056310653687
