2 0.8778838515281677 0.36019372940063477 0.31202787160873413 0.4299631118774414 0.47736483812332153
3 0.8527344465255737 0.5903475880622864 0.04378839209675789 0.6355151534080505 0.15315388143062592
6 0.8525567650794983 0.3798362612724304 0.49353116750717163 0.4438924789428711 0.6492109894752502
9 0.8480505347251892 0.2658219337463379 0.1400945782661438 0.3219118118286133 0.23850613832473755
3 0.847926914691925 0.47908303141593933 0.27082276344299316 0.5293999910354614 0.3737729787826538
3 0.824468731880188 0.6655193567276001 0.382585346698761 0.7251847982406616 0.48055821657180786
9 0.822784423828125 0.42594942450523376 0.2719250023365021 0.4739280641078949 0.3742265999317169
4 0.8154321312904358 0.5534375905990601 0.1857885718345642 0.6124445199966431 0.38794130086898804
5 0.7975411415100098 0.7985407710075378 0.6374126672744751 0.8772574067115784 0.7760766744613647
9 0.7775223851203918 0.25077348947525024 0.03730464726686478 0.29387032985687256 0.1333928108215332
8 0.7738209366798401 0.13348591327667236 0.4580976963043213 0.22147691249847412 0.6357816457748413
3 0.7518653869628906 0.5399633646011353 0.47379162907600403 0.5929363965988159 0.5835458636283875
10 0.7353984713554382 0.33932095766067505 0.2091466188430786 0.41967129707336426 0.41514116525650024
1 0.6899473667144775 0.7561408281326294 0.26206672191619873 0.8410894870758057 0.45665693283081055
3 0.6863341927528381 0.4580749571323395 0.05333786830306053 0.4945601522922516 0.15284258127212524
9 0.6646727323532104 0.4017103612422943 0.6894168853759766 0.4920530617237091 0.7905991077423096
7 0.6080094575881958 0.14908578991889954 0.23639443516731262 0.21931645274162292 0.4217418134212494
3 0.5625240802764893 0.5784717202186584 0.17987433075904846 0.6270321011543274 0.28884652256965637
11 0.4489111602306366 0.2502742111682892 0.6838468313217163 0.34963932633399963 0.8086159229278564
11 0.44766655564308167 0.17666079103946686 0.024723626673221588 0.22262631356716156 0.14009341597557068
