9 0.8223137855529785 0.2404187023639679 0.13898228108882904 0.2775737941265106 0.2361651211977005
2 0.769719660282135 0.5364221930503845 0.2988845109939575 0.5923348069190979 0.4615843892097473
3 0.7501292824745178 0.6232004165649414 0.29048746824264526 0.6630572080612183 0.39904117584228516
7 0.7302019596099854 0.09916120767593384 0.3646552264690399 0.1896713376045227 0.5512102842330933
3 0.7176209092140198 0.5009160041809082 0.6103097796440125 0.545984148979187 0.7160070538520813
5 0.711012601852417 0.6831874251365662 0.00956111028790474 0.7326317429542542 0.12937237322330475
4 0.6969066858291626 0.6464359760284424 0.33648285269737244 0.709120512008667 0.49014708399772644
6 0.6873223781585693 0.1162370964884758 0.6161786317825317 0.22673910856246948 0.7558214664459229
3 0.6203159093856812 0.6361192464828491 0.043501462787389755 0.6856704950332642 0.15349945425987244
9 0.5837388038635254 0.35748669505119324 0.47119760513305664 0.3958773910999298 0.5623960494995117
3 0.5516846776008606 0.533126711845398 0.5022686719894409 0.586462140083313 0.6193983554840088
6 0.5400860905647278 0.13925662636756897 0.05812210589647293 0.19119343161582947 0.1989765167236328
3 0.524634838104248 0.5294248461723328 0.13107876479625702 0.5693519711494446 0.24371106922626495
10 0.5112663507461548 0.2122994214296341 0.1460815668106079 0.2700016498565674 0.2975130081176758
5 0.5090847611427307 0.8057617545127869 0.6688652634620667 0.8895166516304016 0.8127691149711609
9 0.49499428272247314 0.271114319562912 0.631992518901825 0.29860755801200867 0.7149736285209656
9 0.4800945222377777 0.24536330997943878 0.2644178569316864 0.2845996022224426 0.37349560856819153
3 0.4621943533420563 0.4419330656528473 0.21756330132484436 0.48128971457481384 0.3476417362689972
2 0.4595396816730499 0.7684419751167297 0.5145203471183777 0.859580934047699 0.6249975562095642
8 0.4524235129356384 0.13363078236579895 0.5561866164207458 0.23901352286338806 0.6780382990837097
