7 0.7859246134757996 0.09719376266002655 0.3463166356086731 0.19955767691135406 0.5367081761360168
9 0.7641688585281372 0.2230212390422821 0.11919984221458435 0.2646760642528534 0.22889962792396545
6 0.7544156312942505 0.10045676678419113 0.6099338531494141 0.20636975765228271 0.7331888675689697
2 0.7402922511100769 0.5358879566192627 0.3101639151573181 0.5922704935073853 0.4690268039703369
3 0.7224112153053284 0.6211299300193787 0.30891934037208557 0.6628972887992859 0.4139160215854645
6 0.7159221768379211 0.1404474973678589 0.07908426970243454 0.19301700592041016 0.2185819149017334
4 0.70284104347229 0.6493605375289917 0.3281623125076294 0.7142859697341919 0.4843979477882385
3 0.70093834400177 0.49927857518196106 0.6188474893569946 0.5439591407775879 0.7190002202987671
5 0.6912294626235962 0.7044624090194702 0.020769789814949036 0.7466157674789429 0.13173149526119232
8 0.6336920857429504 0.12384584546089172 0.527586042881012 0.22477492690086365 0.6531477570533752
9 0.6132276058197021 0.2803363502025604 0.2754713296890259 0.31653037667274475 0.3807564973831177
9 0.6128003597259521 0.22755339741706848 0.4312354326248169 0.2792074382305145 0.547136664390564
9 0.5916855931282043 0.42421045899391174 0.05705103650689125 0.4639469087123871 0.15268120169639587
3 0.5479774475097656 0.5379650592803955 0.13857509195804596 0.5739020109176636 0.25170430541038513
10 0.5424655079841614 0.1885257214307785 0.12438809126615524 0.24403323233127594 0.2853025197982788
3 0.5348089337348938 0.4519905149936676 0.21742933988571167 0.49571433663368225 0.3370046019554138
3 0.5224145650863647 0.5304679870605469 0.501509428024292 0.5839354991912842 0.6210849285125732
8 0.5151745080947876 0.31855320930480957 0.23710718750953674 0.385661244392395 0.4122106730937958
5 0.5091469287872314 0.8115737438201904 0.657471239566803 0.8952426910400391 0.8030422329902649
9 0.5056846737861633 0.3667237162590027 0.46928516030311584 0.4079112410545349 0.5629549026489258
