9 0.8426779508590698 0.2306268960237503 0.13526718318462372 0.26856884360313416 0.23800386488437653
3 0.7805290222167969 0.6261868476867676 0.3028409481048584 0.6749361753463745 0.41166841983795166
7 0.7665495276451111 0.1320008933544159 0.3105045258998871 0.2189018428325653 0.49106547236442566
2 0.7407068610191345 0.5378172397613525 0.26745474338531494 0.6079992055892944 0.39675968885421753
9 0.6623277068138123 0.23211586475372314 0.3090214431285858 0.272458553314209 0.4062657654285431
6 0.6523886322975159 0.14788633584976196 0.048478394746780396 0.21148884296417236 0.20560148358345032
10 0.6219013333320618 0.31071606278419495 0.043194934725761414 0.3667519986629486 0.2269575148820877
9 0.5910606980323792 0.2595452070236206 0.4109116196632385 0.3025275468826294 0.5196876525878906
9 0.5228679776191711 0.42425963282585144 0.05437946692109108 0.47687557339668274 0.154410719871521
3 0.5226899981498718 0.39640289545059204 0.16604694724082947 0.446783185005188 0.2980401813983917
6 0.515929102897644 0.2818203270435333 0.333918958902359 0.3521873652935028 0.5353166460990906
0 0.4998360872268677 0.49001795053482056 0.09084975719451904 0.5483636260032654 0.2605138421058655
0 0.4574098587036133 0.26711100339889526 0.4357459545135498 0.35849738121032715 0.6116786003112793
0 0.44164809584617615 0.3076377511024475 0.4613195061683655 0.39999765157699585 0.601601779460907
5 0.4171774089336395 0.450389564037323 0.34402748942375183 0.5237884521484375 0.5039708614349365
