9 0.8575106263160706 0.24707059562206268 0.2522581219673157 0.29470938444137573 0.3610885739326477
7 0.774793267250061 0.12993720173835754 0.34871864318847656 0.22567161917686462 0.5277324914932251
6 0.7665360569953918 0.2863580882549286 0.3378291428089142 0.3503240644931793 0.5327202081680298
2 0.7488889694213867 0.5356901288032532 0.28029316663742065 0.6136608719825745 0.3988998532295227
3 0.7469685077667236 0.6278166174888611 0.2757449150085449 0.6770359873771667 0.3828085660934448
9 0.7338427305221558 0.2785174250602722 0.13626274466514587 0.32365643978118896 0.23931488394737244
6 0.7265806198120117 0.14884677529335022 0.062165871262550354 0.2143060266971588 0.2193060964345932
10 0.6672316789627075 0.3122115433216095 0.04974999278783798 0.3670213520526886 0.2231619656085968
9 0.6073877811431885 0.28689679503440857 0.33918946981430054 0.33201661705970764 0.43209171295166016
5 0.5655017495155334 0.4472208619117737 0.3652900159358978 0.528712272644043 0.5039507150650024
0 0.5371400117874146 0.5108298063278198 0.11115851998329163 0.5687001943588257 0.2685963809490204
0 0.4651819169521332 0.31007900834083557 0.4504784345626831 0.38748499751091003 0.5908775329589844
3 0.42528024315834045 0.39781832695007324 0.14504709839820862 0.446506142616272 0.2752825915813446
1 0.4170488119125366 0.6978414058685303 0.22708581387996674 0.7697775363922119 0.40899187326431274
