2 0.8415661454200745 0.31333452463150024 0.3923667371273041 0.38419365882873535 0.5368804931640625
7 0.8353387117385864 0.14263077080249786 0.1997470259666443 0.2173246592283249 0.3919222950935364
9 0.7763131260871887 0.2560415267944336 0.2672828733921051 0.3026435971260071 0.3828856647014618
9 0.7640110850334167 0.25513410568237305 0.15494340658187866 0.3033478856086731 0.26847273111343384
6 0.7425251007080078 0.15654754638671875 0.06355048716068268 0.2153404951095581 0.21069125831127167
3 0.7039980888366699 0.6473203301429749 0.3036053478717804 0.7009813189506531 0.4005783498287201
9 0.6930187344551086 0.3293663263320923 0.4977198839187622 0.375840425491333 0.6133031845092773
2 0.6638580560684204 0.19756369292736053 0.5504663586616516 0.26797112822532654 0.6950942873954773
10 0.6499343514442444 0.33311954140663147 0.06318482011556625 0.39575716853141785 0.23542693257331848
9 0.6429483294487 0.27506259083747864 0.4029286801815033 0.3162539303302765 0.5068851113319397
3 0.5797135829925537 0.39495840668678284 0.13669133186340332 0.4456274211406708 0.2444148063659668
3 0.5490525960922241 0.5035470724105835 0.6162458658218384 0.5720211267471313 0.7252436876296997
1 0.5068538784980774 0.7236278057098389 0.21867439150810242 0.7988002300262451 0.4061186611652374
