3 0.9261699318885803 0.49366894364356995 0.29661494493484497 0.5411149859428406 0.394991934299469
9 0.9218348860740662 0.4063417911529541 0.2963721752166748 0.45479869842529297 0.3903597593307495
7 0.8723635077476501 0.32743367552757263 0.33808374404907227 0.4132603108882904 0.5155057311058044
5 0.8458348512649536 0.8077285289764404 0.7004279494285583 0.8804826736450195 0.8403683304786682
9 0.8101193904876709 0.26229819655418396 0.0411442331969738 0.30413177609443665 0.14002098143100739
4 0.7957473993301392 0.5547000765800476 0.2452121526002884 0.6219249367713928 0.41325241327285767
1 0.7759179472923279 0.6182757019996643 0.6495936512947083 0.6966070532798767 0.8464062809944153
9 0.7743288278579712 0.34323650598526 0.1366744488477707 0.38732439279556274 0.22832585871219635
11 0.7465808391571045 0.15375229716300964 0.1947038769721985 0.22623685002326965 0.3303788900375366
3 0.733587920665741 0.6432178020477295 0.23373909294605255 0.6911051273345947 0.3303232789039612
3 0.6727524995803833 0.6025137901306152 0.5348178148269653 0.6684293746948242 0.6393188238143921
9 0.606121301651001 0.2399127185344696 0.6240641474723816 0.3086400330066681 0.7375416159629822
