7 0.8562180995941162 0.13312910497188568 0.20741087198257446 0.21168489754199982 0.40095192193984985
2 0.8282127976417542 0.31216320395469666 0.40510445833206177 0.3799295127391815 0.5595830082893372
9 0.7953736782073975 0.27517494559288025 0.13744564354419708 0.31831732392311096 0.2493792027235031
9 0.7574015259742737 0.3014782965183258 0.5005761384963989 0.34701111912727356 0.6238569021224976
9 0.7418418526649475 0.24894510209560394 0.2850707769393921 0.2971404790878296 0.39709293842315674
3 0.7059149742126465 0.38949912786483765 0.13137191534042358 0.442965567111969 0.24647969007492065
3 0.7017831206321716 0.6379642486572266 0.3213687241077423 0.6927132606506348 0.4062292277812958
2 0.699103593826294 0.18064498901367188 0.5752455592155457 0.2668364644050598 0.7138004899024963
10 0.6575672626495361 0.3379807770252228 0.08141743391752243 0.40668782591819763 0.24715423583984375
1 0.6375213265419006 0.7291156649589539 0.23335368931293488 0.8060526251792908 0.4216432571411133
9 0.6312933564186096 0.2779103219509125 0.3741506040096283 0.3218404948711395 0.48876193165779114
3 0.4562428891658783 0.5243471264839172 0.6312841176986694 0.5891686081886292 0.7406238317489624
3 0.42796728014945984 0.5747643709182739 0.49351203441619873 0.6354126930236816 0.5991934537887573
