7 0.851811945438385 0.107837975025177 0.1901954859495163 0.17475265264511108 0.38701003789901733
9 0.7802866101264954 0.2728402018547058 0.11530910432338715 0.3222126364707947 0.22960419952869415
6 0.7730093002319336 0.4025183618068695 0.35504233837127686 0.4671744406223297 0.4967854619026184
9 0.7684035301208496 0.2574285864830017 0.27891820669174194 0.3060995936393738 0.3865143656730652
2 0.7266091108322144 0.32066357135772705 0.36071088910102844 0.3900512456893921 0.4983329474925995
11 0.7196983695030212 0.15156503021717072 0.033171772956848145 0.2047054022550583 0.1733468770980835
10 0.7043639421463013 0.29845666885375977 0.06784364581108093 0.36795753240585327 0.22913166880607605
9 0.6981083154678345 0.27929389476776123 0.45718973875045776 0.34133630990982056 0.5929369330406189
3 0.6506433486938477 0.3800954520702362 0.14132043719291687 0.4314592182636261 0.25695350766181946
3 0.5995689034461975 0.6398120522499084 0.31496697664260864 0.6856711506843567 0.4059515595436096
5 0.5851265788078308 0.2922634482383728 0.2746281027793884 0.36081087589263916 0.4120689630508423
3 0.4828501343727112 0.5649837255477905 0.4762415885925293 0.6189614534378052 0.5877217054367065
0 0.4817923605442047 0.4330592453479767 0.15982717275619507 0.4975528419017792 0.2998461127281189
1 0.44382715225219727 0.7223089933395386 0.22760425508022308 0.8025673627853394 0.39568448066711426
