3 0.8484020829200745 0.6686550974845886 0.36091476678848267 0.7103251814842224 0.47930771112442017
3 0.8250919580459595 0.6606031060218811 0.5027650594711304 0.7048583626747131 0.6190651655197144
1 0.8075220584869385 0.7735233902931213 0.3187188506126404 0.8696237206459045 0.4938820004463196
9 0.7902498245239258 0.2772071957588196 0.03267614543437958 0.3092901110649109 0.11645813286304474
9 0.7819418907165527 0.28504595160484314 0.052335675805807114 0.3178587257862091 0.1343565583229065
9 0.7260057330131531 0.20127776265144348 0.4553976356983185 0.23732033371925354 0.5610470175743103
10 0.7229977250099182 0.1833212822675705 0.18446248769760132 0.25028300285339355 0.3442966341972351
9 0.7059361338615417 0.2575939893722534 0.36509275436401367 0.29608023166656494 0.46441149711608887
3 0.6945370435714722 0.60063236951828 0.040447719395160675 0.6346713900566101 0.1287798285484314
9 0.6749529242515564 0.27075842022895813 0.12535372376441956 0.3080512583255768 0.21548983454704285
5 0.6691295504570007 0.6241437196731567 0.04341522231698036 0.6596869230270386 0.1307549774646759
8 0.6554990410804749 0.21082819998264313 0.015599992126226425 0.24591223895549774 0.12531045079231262
5 0.6534326076507568 0.7894101142883301 0.688491702079773 0.8972575664520264 0.7932974100112915
7 0.6336103677749634 0.16888533532619476 0.2657886743545532 0.23943866789340973 0.43499648571014404
6 0.6027315855026245 0.18768994510173798 0.11885291337966919 0.22442413866519928 0.23432356119155884
3 0.5927062630653381 0.5324052572250366 0.056586556136608124 0.5621812343597412 0.13914430141448975
11 0.5608268976211548 0.13833922147750854 0.6617661714553833 0.2272295355796814 0.7971400022506714
3 0.554291307926178 0.6203571557998657 0.24881015717983246 0.6612958908081055 0.371803879737854
9 0.5391696691513062 0.2456975132226944 0.6516621112823486 0.28458961844444275 0.7518351078033447
9 0.536827027797699 0.22087785601615906 0.5654704570770264 0.2662143409252167 0.68277907371521
