7 0.8546498417854309 0.10123833268880844 0.324171781539917 0.20957091450691223 0.5200270414352417
9 0.8209734559059143 0.24908646941184998 0.11432788521051407 0.2937783896923065 0.2327570617198944
2 0.7906025052070618 0.5328212976455688 0.28205230832099915 0.5918426513671875 0.4367545545101166
4 0.7598279118537903 0.46430686116218567 0.34897875785827637 0.5402450561523438 0.5579701066017151
5 0.749871551990509 0.7005799412727356 0.015676461160182953 0.757503092288971 0.13248392939567566
3 0.737507164478302 0.6411500573158264 0.3130584955215454 0.6922964453697205 0.41746628284454346
6 0.723973274230957 0.0998372882604599 0.6332582831382751 0.20511581003665924 0.761055052280426
9 0.7235627174377441 0.2638779282569885 0.2879985272884369 0.30954962968826294 0.38814446330070496
2 0.7219328284263611 0.5854818820953369 0.5810335278511047 0.6526507139205933 0.7271444201469421
6 0.7169914841651917 0.15125444531440735 0.04746640473604202 0.20648792386054993 0.196855366230011
3 0.7152615189552307 0.47164133191108704 0.21941480040550232 0.5299081802368164 0.3364866077899933
3 0.7080811262130737 0.5180147290229797 0.13440117239952087 0.5676731467247009 0.2457815706729889
9 0.6510029435157776 0.266307532787323 0.41909152269363403 0.3118463158607483 0.5177775025367737
9 0.6226308941841125 0.41712185740470886 0.02523919939994812 0.4710313379764557 0.1248866617679596
8 0.5689859390258789 0.11439112573862076 0.5512374639511108 0.2314680516719818 0.665616512298584
10 0.5233609676361084 0.3095910847187042 0.06353233754634857 0.371416836977005 0.23941029608249664
0 0.5185353755950928 0.30864378809928894 0.4454631805419922 0.40223363041877747 0.5901831388473511
3 0.4430653154850006 0.49261903762817383 0.6531116962432861 0.5441460609436035 0.7335047721862793
5 0.4414866268634796 0.8144230842590332 0.6662054657936096 0.8986339569091797 0.811302125453949
9 0.44124045968055725 0.34841787815093994 0.21460480988025665 0.4004240036010742 0.3236088156700134
