3 0.837127149105072 0.6767693161964417 0.39873558282852173 0.7193319201469421 0.5100908875465393
9 0.7795189619064331 0.26335346698760986 0.029942426830530167 0.29810822010040283 0.11815902590751648
3 0.7794836163520813 0.6497959494590759 0.5205827355384827 0.6929176449775696 0.632415235042572
1 0.7692762613296509 0.7798975706100464 0.303977906703949 0.8664330244064331 0.4733656644821167
9 0.7524722814559937 0.2875165045261383 0.054238807410001755 0.319593220949173 0.1364053338766098
10 0.7277448773384094 0.1915549337863922 0.19387879967689514 0.2682001292705536 0.35039880871772766
9 0.7216136455535889 0.2012527585029602 0.4603579044342041 0.24527567625045776 0.5592044591903687
5 0.7146753072738647 0.8014310002326965 0.6673597097396851 0.9053472876548767 0.779219388961792
3 0.7069852948188782 0.5974883437156677 0.048393990844488144 0.6320623755455017 0.13987687230110168
9 0.6977421045303345 0.2592151165008545 0.381761759519577 0.3058435916900635 0.47815409302711487
9 0.6574904918670654 0.26063868403434753 0.13022646307945251 0.3006269037723541 0.22483941912651062
9 0.6493965983390808 0.2050410658121109 0.555393636226654 0.25033995509147644 0.6790257096290588
5 0.639162003993988 0.6391080021858215 0.04451606050133705 0.679057776927948 0.1304701864719391
7 0.6197291016578674 0.16888630390167236 0.269611120223999 0.2400587797164917 0.4415719509124756
3 0.6186742782592773 0.6867840886116028 0.7094193696975708 0.7300264239311218 0.8148620128631592
8 0.617196798324585 0.19879207015037537 0.023930266499519348 0.23517367243766785 0.1357467621564865
11 0.6147134900093079 0.1324179619550705 0.6576677560806274 0.21918274462223053 0.8057316541671753
6 0.5979326963424683 0.18709290027618408 0.1363283097743988 0.22301983833312988 0.251962810754776
3 0.5669000744819641 0.533390462398529 0.054886337369680405 0.5661069750785828 0.1347452998161316
2 0.5438337326049805 0.777869462966919 0.5340210199356079 0.8663403987884521 0.6542550325393677
