6 0.8571314215660095 0.34634754061698914 0.5171475410461426 0.4134138524532318 0.6766462326049805
9 0.8478161096572876 0.2581126093864441 0.14455294609069824 0.3084160089492798 0.23911970853805542
9 0.8171818852424622 0.269896537065506 0.023321792483329773 0.3124867379665375 0.13060851395130157
2 0.8124998211860657 0.37230733036994934 0.35693562030792236 0.44806596636772156 0.49851322174072266
3 0.8073400259017944 0.6580336689949036 0.4087347686290741 0.6961020827293396 0.5145835876464844
3 0.7986169457435608 0.4942682087421417 0.24543975293636322 0.5337333083152771 0.33955276012420654
7 0.7977929711341858 0.2290429025888443 0.24142488837242126 0.3028441369533539 0.4431282579898834
3 0.7871261239051819 0.6234164237976074 0.1447557806968689 0.6715141534805298 0.24028843641281128
9 0.7180841565132141 0.3912743330001831 0.27357369661331177 0.4357014298439026 0.3857817053794861
10 0.7165142297744751 0.28074437379837036 0.2251395583152771 0.3341074585914612 0.40330517292022705
4 0.6990728378295898 0.5290977358818054 0.21149179339408875 0.5874693989753723 0.3909928500652313
5 0.6793681383132935 0.788081705570221 0.6566184163093567 0.866926372051239 0.7895439267158508
1 0.6592646241188049 0.7727597951889038 0.4578995704650879 0.858117938041687 0.6229895353317261
11 0.6246437430381775 0.19581958651542664 0.018968705087900162 0.24440357089042664 0.13235509395599365
3 0.6132856011390686 0.5420928597450256 0.4495140314102173 0.5884833931922913 0.5705642700195312
11 0.5945887565612793 0.60418301820755 0.6439473628997803 0.6796358227729797 0.7995063066482544
8 0.5080794095993042 0.27553245425224304 0.40706613659858704 0.3576989471912384 0.563437283039093
