3 0.9128972887992859 0.5144718289375305 0.2681061029434204 0.553071916103363 0.3598514795303345
9 0.885418176651001 0.4252222776412964 0.245622918009758 0.4701077342033386 0.3452558219432831
3 0.8743825554847717 0.5601969957351685 0.3690488338470459 0.6093310117721558 0.5068601965904236
7 0.824778139591217 0.23064272105693817 0.24295751750469208 0.3055744767189026 0.4291781187057495
3 0.8023964762687683 0.6260860562324524 0.377006858587265 0.6628921627998352 0.4630885422229767
9 0.7910523414611816 0.32345402240753174 0.14071343839168549 0.36366021633148193 0.24280627071857452
2 0.7646440267562866 0.39461833238601685 0.32725363969802856 0.4574824571609497 0.4700048565864563
11 0.7620275616645813 0.6611263751983643 0.6435530185699463 0.7333920001983643 0.7635600566864014
3 0.7612613439559937 0.6449215412139893 0.1903323531150818 0.6897358894348145 0.281014084815979
6 0.7449235916137695 0.38733989000320435 0.5140714049339294 0.45963555574417114 0.6548281311988831
5 0.7092752456665039 0.8138914108276367 0.6186320185661316 0.8921575546264648 0.753146231174469
10 0.7019404768943787 0.31815028190612793 0.20837447047233582 0.380961537361145 0.3895210325717926
4 0.6433975100517273 0.5412231087684631 0.1848505139350891 0.6056141257286072 0.346227765083313
9 0.6013976335525513 0.2858853042125702 0.5474227666854858 0.3441424071788788 0.6612547636032104
1 0.5998669862747192 0.6371261477470398 0.5013993382453918 0.7205467820167542 0.6727122664451599
9 0.49750497937202454 0.30087071657180786 0.04502246156334877 0.34603434801101685 0.14807376265525818
8 0.48998621106147766 0.3355324864387512 0.41813427209854126 0.40243780612945557 0.556265115737915
