3 0.9271336197853088 0.32888293266296387 0.40447568893432617 0.3740389347076416 0.5089354515075684
7 0.9159659147262573 0.11969197541475296 0.23830664157867432 0.19683092832565308 0.4221997857093811
6 0.9058004021644592 0.4242689907550812 0.3757783770561218 0.48353633284568787 0.5217446088790894
3 0.8943607807159424 0.5646679997444153 0.33738943934440613 0.6113374829292297 0.447295218706131
9 0.7804338335990906 0.2626286745071411 0.13831345736980438 0.31356656551361084 0.2417314201593399
11 0.7071916460990906 0.41053307056427 0.289242684841156 0.4735179543495178 0.4170758128166199
9 0.5921592116355896 0.3455366790294647 0.5111120343208313 0.4133913218975067 0.6235194802284241
5 0.5667363405227661 0.24274671077728271 0.01840359717607498 0.30317461490631104 0.14488375186920166
3 0.5625395178794861 0.5184116959571838 0.6106297969818115 0.5918894410133362 0.7283434867858887
1 0.4457671642303467 0.7415515780448914 0.2521415054798126 0.8220565915107727 0.43631234765052795
