3 0.8338901996612549 0.5841638445854187 0.05139933153986931 0.6245842576026917 0.138335183262825
1 0.8144965767860413 0.7560637593269348 0.26518282294273376 0.8394097685813904 0.426556795835495
8 0.8114933371543884 0.12522947788238525 0.4939243495464325 0.21382969617843628 0.6493649482727051
2 0.8070247769355774 0.39233967661857605 0.3179740309715271 0.4754617512226105 0.47541338205337524
9 0.748037576675415 0.2867979407310486 0.06274008005857468 0.3134022355079651 0.1607857346534729
10 0.7213219404220581 0.16729193925857544 0.18190546333789825 0.23037147521972656 0.36447733640670776
9 0.718640148639679 0.29598960280418396 0.16466550529003143 0.3309185206890106 0.25375092029571533
7 0.7147449851036072 0.16013427078723907 0.24635809659957886 0.2271331399679184 0.45889121294021606
3 0.7099424600601196 0.7023906111717224 0.3401448428630829 0.7535753846168518 0.4333600699901581
3 0.6913996338844299 0.6329169273376465 0.42788735032081604 0.6717052459716797 0.5143251419067383
6 0.6471953392028809 0.12575356662273407 0.40704962611198425 0.19604958593845367 0.5896426439285278
9 0.5916706919670105 0.26995107531547546 0.43305814266204834 0.30570700764656067 0.5588216185569763
9 0.5786700248718262 0.3143599033355713 0.053822413086891174 0.34647107124328613 0.135793074965477
6 0.5769037008285522 0.22941158711910248 0.180681049823761 0.2601471245288849 0.30901265144348145
11 0.5511547327041626 0.19337080419063568 0.033831123262643814 0.22588594257831573 0.13172024488449097
9 0.5485261678695679 0.2250514030456543 0.49687981605529785 0.26524633169174194 0.6387038230895996
9 0.5375148057937622 0.2604186236858368 0.32986047863960266 0.30059459805488586 0.43020448088645935
9 0.5104503035545349 0.38186246156692505 0.7039867043495178 0.43729788064956665 0.7898080945014954
2 0.507081925868988 0.5430222749710083 0.04036809876561165 0.5841355323791504 0.15360914170742035
3 0.5029852986335754 0.46275821328163147 0.2496655285358429 0.5072175860404968 0.3423583209514618
