9 0.81634920835495 0.23928433656692505 0.11328437924385071 0.2797301411628723 0.23137804865837097
3 0.8143964409828186 0.628537118434906 0.2827529311180115 0.6764736771583557 0.3896793723106384
7 0.8137645125389099 0.12054647505283356 0.28587606549263 0.22772209346294403 0.5019682049751282
10 0.6929059624671936 0.29858559370040894 0.044808343052864075 0.3534974455833435 0.22305087745189667
6 0.6358016729354858 0.13518239557743073 0.05394597351551056 0.19811420142650604 0.19863085448741913
9 0.6131219267845154 0.23670563101768494 0.30877286195755005 0.28051796555519104 0.4183727502822876
9 0.6052690148353577 0.1789557784795761 0.5353127717971802 0.265555739402771 0.6573910713195801
4 0.5996484756469727 0.4493335485458374 0.32286012172698975 0.5386223793029785 0.4946087598800659
9 0.5797098278999329 0.2442171424627304 0.41608700156211853 0.2978283762931824 0.5218985080718994
9 0.5248369574546814 0.4017883241176605 0.030981339514255524 0.45859459042549133 0.13553133606910706
2 0.5179572701454163 0.5236607789993286 0.2938695251941681 0.6029508113861084 0.4237377941608429
3 0.5119817852973938 0.3992609679698944 0.12610700726509094 0.4479428827762604 0.258884459733963
0 0.4994603097438812 0.263486385345459 0.4663582444190979 0.3667926788330078 0.6368857026100159
6 0.4978436827659607 0.27709001302719116 0.3508521020412445 0.35616534948349 0.5491541624069214
0 0.468879759311676 0.5281617641448975 0.09069909155368805 0.5829223394393921 0.25659507513046265
