7 0.8414204120635986 0.13509583473205566 0.20598185062408447 0.2134501338005066 0.3945106267929077
2 0.8351555466651917 0.30136680603027344 0.3900018632411957 0.374118447303772 0.5337252616882324
9 0.7789292335510254 0.2541649639606476 0.2714536786079407 0.3003729283809662 0.3869919180870056
9 0.7648232579231262 0.2569153904914856 0.13789013028144836 0.301827609539032 0.25177183747291565
9 0.6990262866020203 0.30076417326927185 0.5004960298538208 0.3475537598133087 0.623816728591919
10 0.664941668510437 0.35195499658584595 0.07340014725923538 0.4194287657737732 0.2430349588394165
2 0.6627315282821655 0.1921800971031189 0.5718257427215576 0.270046591758728 0.714044451713562
9 0.6488586068153381 0.2695521116256714 0.381795734167099 0.3116382360458374 0.4964345395565033
3 0.6425840258598328 0.399015337228775 0.13240626454353333 0.4491371214389801 0.24503442645072937
1 0.626958429813385 0.7109038829803467 0.23083624243736267 0.7926350831985474 0.4109049141407013
6 0.5677810311317444 0.1514156460762024 0.054586559534072876 0.21263790130615234 0.2091430127620697
3 0.547529399394989 0.5231894850730896 0.6202026605606079 0.5798830389976501 0.7309601306915283
3 0.4878440499305725 0.5601152181625366 0.48457109928131104 0.6141349077224731 0.6023213863372803
3 0.4738827347755432 0.6212926506996155 0.3155493140220642 0.6774839758872986 0.40381675958633423
