3 0.9038302898406982 0.4797248840332031 0.2276330292224884 0.5280174016952515 0.325351744890213
2 0.8778411746025085 0.3977903723716736 0.29935866594314575 0.4687665104866028 0.45372825860977173
3 0.8511270880699158 0.5944138169288635 0.05789054185152054 0.6396872401237488 0.16051369905471802
9 0.8421873450279236 0.26586782932281494 0.027894139289855957 0.30735915899276733 0.13280367851257324
4 0.8313694596290588 0.5329768657684326 0.18363317847251892 0.6011852025985718 0.37443235516548157
5 0.8220933675765991 0.8031817078590393 0.6470041275024414 0.8804458975791931 0.7846158742904663
3 0.8162391185760498 0.6743802428245544 0.36266008019447327 0.7253623604774475 0.4653070867061615
9 0.804389238357544 0.4141661524772644 0.233239084482193 0.46331387758255005 0.32555410265922546
6 0.7823486328125 0.3655281364917755 0.495121031999588 0.4283958971500397 0.6474733948707581
9 0.779895544052124 0.265230655670166 0.14947015047073364 0.308968722820282 0.23973888158798218
3 0.7777518033981323 0.5250092148780823 0.4652295410633087 0.5777387022972107 0.5824162364006042
7 0.7499163150787354 0.24386806786060333 0.2339564710855484 0.3392612934112549 0.44037652015686035
8 0.7357695698738098 0.1307629644870758 0.49110403656959534 0.21438387036323547 0.6478322744369507
10 0.7349303960800171 0.3332079350948334 0.19451701641082764 0.40133044123649597 0.385589599609375
3 0.7274454236030579 0.4414898753166199 0.055021628737449646 0.4796021580696106 0.1508835107088089
11 0.6349290013313293 0.19298899173736572 0.02084505930542946 0.24091851711273193 0.1319701075553894
9 0.6126288175582886 0.3987177014350891 0.6680853366851807 0.4846397638320923 0.7751295566558838
1 0.5755423903465271 0.756506621837616 0.25265955924987793 0.8359130024909973 0.44586896896362305
11 0.5634588599205017 0.23428112268447876 0.6912428736686707 0.3324328064918518 0.8209556937217712
