3 0.9167721271514893 0.5063266158103943 0.25155770778656006 0.5538544058799744 0.36155128479003906
3 0.8592099547386169 0.6436213254928589 0.35652920603752136 0.6905876398086548 0.4641014635562897
7 0.8420672416687012 0.2400573045015335 0.2586801052093506 0.3082283139228821 0.443841814994812
2 0.8258101344108582 0.4143272042274475 0.3331754803657532 0.4866834282875061 0.4568510055541992
9 0.8174394369125366 0.4223828911781311 0.26263168454170227 0.4765104055404663 0.3634369671344757
9 0.7846925854682922 0.31099599599838257 0.1340039223432541 0.3619682192802429 0.24456526339054108
3 0.7822720408439636 0.5515416860580444 0.3953391909599304 0.602759838104248 0.5163111090660095
11 0.7752395868301392 0.6466966867446899 0.6228059530258179 0.7130824327468872 0.7506295442581177
10 0.7709022164344788 0.30984818935394287 0.2029130756855011 0.3676609992980957 0.3745729625225067
3 0.74784916639328 0.66026771068573 0.21258316934108734 0.7040975093841553 0.30193307995796204
6 0.7275174856185913 0.37983036041259766 0.5297337770462036 0.45797330141067505 0.6643884181976318
5 0.6883000731468201 0.8135156631469727 0.6196162104606628 0.8895916938781738 0.7542421221733093
4 0.6873857378959656 0.5316066145896912 0.1986461877822876 0.5969861149787903 0.35595083236694336
9 0.6205279231071472 0.3085958957672119 0.041064247488975525 0.35484111309051514 0.14354796707630157
9 0.5887105464935303 0.2766909599304199 0.5534648895263672 0.33716416358947754 0.6652346849441528
1 0.5197180509567261 0.6477486491203308 0.5028591752052307 0.7258198857307434 0.6631564497947693
