9 0.8129634261131287 0.2804524302482605 0.2694767415523529 0.33134567737579346 0.3843875825405121
6 0.8077090978622437 0.2946905195713043 0.36359792947769165 0.3503431975841522 0.5626643896102905
7 0.7973961234092712 0.11978977173566818 0.33404669165611267 0.24804788827896118 0.5289039611816406
9 0.747280478477478 0.2641749680042267 0.13650310039520264 0.30878087878227234 0.23940789699554443
2 0.7379692196846008 0.5419353246688843 0.29837799072265625 0.6159188747406006 0.41937732696533203
3 0.7116946578025818 0.6343427300453186 0.3155032694339752 0.6820976138114929 0.42963483929634094
6 0.6865670084953308 0.1478651463985443 0.07028269022703171 0.22003719210624695 0.22299224138259888
9 0.6816158294677734 0.26146626472473145 0.3749437630176544 0.3018202781677246 0.493287056684494
10 0.638482928276062 0.33035409450531006 0.06156963109970093 0.39107072353363037 0.24307984113693237
5 0.6073394417762756 0.4553787410259247 0.38395896553993225 0.5328232049942017 0.5245358943939209
9 0.5195456147193909 0.19439023733139038 0.5920448303222656 0.29796528816223145 0.709879994392395
9 0.5066553354263306 0.4454996585845947 0.05819408595561981 0.5002567172050476 0.162577822804451
3 0.4949968755245209 0.44283327460289 0.1631169468164444 0.4894184172153473 0.2849653363227844
1 0.45701339840888977 0.7446645498275757 0.24178755283355713 0.8225387334823608 0.4100106954574585
0 0.43047577142715454 0.5174925923347473 0.1204451248049736 0.5756012797355652 0.27586328983306885
3 0.41719314455986023 0.5235559940338135 0.6124364733695984 0.5970131158828735 0.7310678362846375
5 0.40158793330192566 0.5661260485649109 0.02156279981136322 0.6220541596412659 0.1361277848482132
