3 0.8461466431617737 0.588779866695404 0.05474381148815155 0.6295409798622131 0.15629805624485016
7 0.8145145177841187 0.1459982544183731 0.2867574989795685 0.2176186889410019 0.5002306699752808
3 0.8136618137359619 0.713068962097168 0.3336493670940399 0.7674583196640015 0.4338308870792389
9 0.7866401672363281 0.2635613977909088 0.18151992559432983 0.3049648106098175 0.2754700779914856
3 0.7579002380371094 0.6550120115280151 0.4254663586616516 0.6982365846633911 0.5273301601409912
9 0.7533490657806396 0.2733664810657501 0.04866368696093559 0.3047477900981903 0.13089923560619354
6 0.7072336077690125 0.10210105776786804 0.40593013167381287 0.1964750587940216 0.5564835667610168
4 0.6854523420333862 0.5477351546287537 0.153153657913208 0.6127510666847229 0.35924863815307617
8 0.677069365978241 0.10229422897100449 0.4795806407928467 0.23760125041007996 0.6173949241638184
1 0.634005069732666 0.7704652547836304 0.2411407083272934 0.8555638790130615 0.4143451452255249
3 0.6004453897476196 0.45113348960876465 0.2308240383863449 0.5021359920501709 0.31510207056999207
10 0.5869783163070679 0.14684608578681946 0.1996513456106186 0.21115657687187195 0.3803825378417969
5 0.5644222497940063 0.8255316615104675 0.6351908445358276 0.9102810025215149 0.7444853782653809
3 0.5370756983757019 0.5635970830917358 0.17062820494174957 0.6120492219924927 0.2632982134819031
9 0.5071350932121277 0.1891665756702423 0.5298576951026917 0.2682526409626007 0.6750262379646301
11 0.4985458552837372 0.1844857782125473 0.030343402177095413 0.2189524918794632 0.12679751217365265
9 0.49351099133491516 0.39304205775260925 0.6963880658149719 0.44911232590675354 0.7953683733940125
3 0.48830386996269226 0.4609481394290924 0.07026655972003937 0.49528881907463074 0.16151289641857147
5 0.4653876721858978 0.4886437654495239 0.03816058486700058 0.5274741649627686 0.15551945567131042
8 0.45909973978996277 0.3964320719242096 0.318435937166214 0.49067947268486023 0.476488322019577
