3 0.8814048171043396 0.4820912182331085 0.2259947955608368 0.5250481963157654 0.3110194504261017
2 0.8441760540008545 0.3799435496330261 0.3397316038608551 0.44906944036483765 0.49060842394828796
3 0.8286154270172119 0.6674702763557434 0.39139196276664734 0.7173117995262146 0.49756190180778503
7 0.8250815272331238 0.23433741927146912 0.2462855577468872 0.3165401518344879 0.4501417875289917
9 0.8228682279586792 0.399912565946579 0.2654033601284027 0.44674089550971985 0.3463994562625885
5 0.8110889792442322 0.7795828580856323 0.6681321859359741 0.8627673387527466 0.7977917194366455
4 0.8104458451271057 0.4994546175003052 0.19675219058990479 0.5616476535797119 0.38130271434783936
9 0.8009698390960693 0.26774224638938904 0.034808557480573654 0.3051246702671051 0.13329477608203888
6 0.7788206338882446 0.371748149394989 0.5433315634727478 0.4427340030670166 0.6877080798149109
3 0.7765541076660156 0.4716566205024719 0.05749880149960518 0.5133084654808044 0.14603419601917267
9 0.7612788081169128 0.2691304087638855 0.153984934091568 0.31078630685806274 0.25645890831947327
3 0.7564272284507751 0.5282530784606934 0.4733218848705292 0.5764683485031128 0.5991004705429077
10 0.7383338212966919 0.31741541624069214 0.22447454929351807 0.38279932737350464 0.3975667953491211
3 0.7209606766700745 0.5744707584381104 0.05801303684711456 0.6137776374816895 0.16396968066692352
3 0.6665286421775818 0.5599286556243896 0.1765459030866623 0.6156438589096069 0.2811298370361328
11 0.6434537768363953 0.2005547136068344 0.0192192941904068 0.2494998723268509 0.12518183887004852
1 0.6265058517456055 0.7628724575042725 0.3888189196586609 0.8476237058639526 0.5587072372436523
8 0.5379595160484314 0.12872251868247986 0.47968244552612305 0.21337172389030457 0.6388016939163208
8 0.5305044651031494 0.45716527104377747 0.06659132987260818 0.5059170722961426 0.216386616230011
