3 0.8465757369995117 0.4741678237915039 0.2778547704219818 0.5310732126235962 0.3978241980075836
7 0.7726823091506958 0.13033738732337952 0.29771652817726135 0.20141646265983582 0.522394597530365
3 0.7317795157432556 0.6922701001167297 0.526731550693512 0.7496458888053894 0.6406705975532532
8 0.6519979238510132 0.15485171973705292 0.08543094992637634 0.22844500839710236 0.25797203183174133
1 0.5833554267883301 0.7063336372375488 0.2027430236339569 0.7863253355026245 0.4065644443035126
5 0.5387673377990723 0.6110304594039917 0.11883851885795593 0.6702917814254761 0.25125494599342346
6 0.5273379683494568 0.43855446577072144 0.022600561380386353 0.49575191736221313 0.1680745780467987
0 0.5207738876342773 0.3326338529586792 0.07954329252243042 0.39785999059677124 0.2547181248664856
0 0.5188738107681274 0.4909939765930176 0.4691092371940613 0.5583009719848633 0.6231877207756042
2 0.49724557995796204 0.573062002658844 0.6995111703872681 0.6611598134040833 0.8612383604049683
9 0.48446783423423767 0.282024085521698 0.5010436177253723 0.34472912549972534 0.6128588318824768
6 0.4007633328437805 0.09106864035129547 0.5974363684654236 0.17339329421520233 0.7642325758934021
