9 0.9371268153190613 0.23433032631874084 0.2482181340456009 0.2985171377658844 0.3440289795398712
6 0.8158373832702637 0.31923791766166687 0.36658960580825806 0.3846891224384308 0.4873461127281189
9 0.8116044998168945 0.25602108240127563 0.11855337768793106 0.3063639998435974 0.2373870313167572
3 0.7513612508773804 0.6211497783660889 0.31753894686698914 0.6835645437240601 0.42092040181159973
2 0.7345160841941833 0.4096859395503998 0.18219417333602905 0.4738878309726715 0.31993311643600464
7 0.710598349571228 0.13228440284729004 0.322421669960022 0.2170952558517456 0.49223971366882324
1 0.7016527056694031 0.7532457113265991 0.20229549705982208 0.8269685506820679 0.40074461698532104
9 0.6741583943367004 0.27632778882980347 0.4833116829395294 0.3387603163719177 0.6125569939613342
10 0.6665605902671814 0.3213970959186554 0.06939537823200226 0.37924179434776306 0.23221300542354584
6 0.631843626499176 0.15862587094306946 0.0540749728679657 0.22489002346992493 0.2005428969860077
3 0.5281757116317749 0.5070309042930603 0.6241151094436646 0.5793643593788147 0.7406822443008423
9 0.4860043227672577 0.24185217916965485 0.37484240531921387 0.30615901947021484 0.4873722195625305
0 0.40789303183555603 0.5490086078643799 0.06527453660964966 0.6018490791320801 0.21941512823104858
