11 0.976989209651947 0.36990588903427124 0.32088369131088257 0.4338304400444031 0.4480624198913574
7 0.9176146984100342 0.10224385559558868 0.3344302773475647 0.16359971463680267 0.5058818459510803
9 0.9138196706771851 0.1994204819202423 0.16800977289676666 0.2527724802494049 0.26542091369628906
9 0.8884871006011963 0.12144975364208221 0.35433927178382874 0.18017567694187164 0.4526214897632599
3 0.8505749702453613 0.5447230339050293 0.3004937171936035 0.5978962182998657 0.4034687876701355
5 0.7635917067527771 0.24609440565109253 0.05532016605138779 0.3060306906700134 0.18915995955467224
10 0.7319909334182739 0.2946437895298004 0.14282366633415222 0.36275073885917664 0.3103630244731903
6 0.6841824054718018 0.3725702166557312 0.41399526596069336 0.4343515634536743 0.5531116724014282
1 0.5526747107505798 0.7208771109580994 0.22171972692012787 0.8093697428703308 0.43296003341674805
3 0.41984274983406067 0.5274980664253235 0.6094098687171936 0.5854008793830872 0.7094030976295471
