4 0.9181048274040222 0.43376004695892334 0.3749060034751892 0.4947187304496765 0.5641193389892578
9 0.9045897126197815 0.17092962563037872 0.1970234364271164 0.22562943398952484 0.29295432567596436
6 0.887750506401062 0.12608474493026733 0.12800729274749756 0.18374711275100708 0.27341771125793457
9 0.8714854717254639 0.146318718791008 0.3183438181877136 0.20389361679553986 0.4158105254173279
6 0.8488731980323792 0.10186655819416046 0.6247705221176147 0.17180626094341278 0.760353684425354
9 0.8330243229866028 0.13827824592590332 0.4306285083293915 0.19707375764846802 0.5249303579330444
8 0.8161184191703796 0.22953806817531586 0.3373132050037384 0.28674089908599854 0.47348687052726746
9 0.7924953699111938 0.327047199010849 0.22058577835559845 0.3793911039829254 0.3216994106769562
3 0.7252086997032166 0.4320553243160248 0.24748358130455017 0.4811437427997589 0.34751102328300476
8 0.6666549444198608 0.09024704247713089 0.5048409104347229 0.15670382976531982 0.6439276337623596
10 0.6493635177612305 0.2856704890727997 0.16158705949783325 0.3551779091358185 0.33517760038375854
7 0.6464706659317017 0.07456524670124054 0.3916611969470978 0.1481320708990097 0.5672367811203003
3 0.6324360966682434 0.6094458103179932 0.30011576414108276 0.6576114892959595 0.40242940187454224
9 0.6114547848701477 0.316621869802475 0.11582794785499573 0.36752811074256897 0.21553370356559753
3 0.5426719784736633 0.502488911151886 0.1737792044878006 0.5516054034233093 0.27781590819358826
2 0.4682474732398987 0.516203761100769 0.2935516834259033 0.5700525045394897 0.43643760681152344
3 0.4468015134334564 0.4946359694004059 0.6041199564933777 0.547646164894104 0.7095475792884827
