6 0.8379535675048828 0.13668543100357056 0.12296756356954575 0.19013243913650513 0.2596385180950165
8 0.8240907788276672 0.24150381982326508 0.33872392773628235 0.3047828674316406 0.48311325907707214
9 0.7637903094291687 0.3197210133075714 0.224832683801651 0.37276002764701843 0.32687267661094666
6 0.7222689986228943 0.09923425316810608 0.6096228957176208 0.1719050109386444 0.7534759640693665
9 0.7143673896789551 0.19234931468963623 0.18798455595970154 0.24355435371398926 0.2769506275653839
4 0.6623616814613342 0.6626232862472534 0.34312349557876587 0.7230991125106812 0.5205853581428528
7 0.6122620701789856 0.09284234046936035 0.37324637174606323 0.1614019274711609 0.5477524995803833
9 0.5883678793907166 0.18106074631214142 0.3299587070941925 0.23504577577114105 0.43076542019844055
2 0.5838735699653625 0.45563605427742004 0.3181683421134949 0.5207740664482117 0.46317988634109497
2 0.5785285234451294 0.7188878655433655 0.4463796615600586 0.7846056818962097 0.5991529226303101
11 0.5698274374008179 0.2740803360939026 0.695803701877594 0.3473866581916809 0.8584410548210144
9 0.5681416392326355 0.31625181436538696 0.5180780291557312 0.3736267685890198 0.6192944645881653
9 0.5461891293525696 0.16936518251895905 0.3997439444065094 0.22524575889110565 0.502633810043335
3 0.5380594730377197 0.5510393977165222 0.3183988928794861 0.6023616194725037 0.41873878240585327
5 0.5064740777015686 0.8002907633781433 0.7151660323143005 0.8669083714485168 0.8659359812736511
8 0.5050888061523438 0.08660876750946045 0.4806583821773529 0.15959638357162476 0.634780764579773
10 0.49890679121017456 0.1940976232290268 0.2044166922569275 0.26039445400238037 0.35567706823349
1 0.4900517463684082 0.6832998991012573 0.2185925841331482 0.7522233724594116 0.4060678482055664
3 0.47025924921035767 0.5319988131523132 0.5171878337860107 0.5807375311851501 0.6213502883911133
9 0.41412901878356934 0.3374803066253662 0.11284679174423218 0.38748884201049805 0.215501070022583
