9 0.9491607546806335 0.12354910373687744 0.33093535900115967 0.1880597472190857 0.42907941341400146
7 0.9240569472312927 0.08553329110145569 0.3425794243812561 0.15092244744300842 0.5211905837059021
9 0.9085433483123779 0.19415763020515442 0.16494829952716827 0.2490740716457367 0.2676997780799866
6 0.8751993775367737 0.3612727224826813 0.42882397770881653 0.42747434973716736 0.5749978423118591
10 0.8118732571601868 0.28695619106292725 0.13430994749069214 0.3531305193901062 0.2994838356971741
3 0.7816991209983826 0.6238800883293152 0.3006907105445862 0.6794993281364441 0.40618449449539185
2 0.6946544647216797 0.1557156890630722 0.5944012999534607 0.23087544739246368 0.7531203627586365
3 0.6726460456848145 0.5641202330589294 0.47266149520874023 0.6221935153007507 0.5833964347839355
9 0.635678768157959 0.23191379010677338 0.33833929896354675 0.2840016484260559 0.43484053015708923
0 0.6183127760887146 0.42366740107536316 0.22427630424499512 0.47927412390708923 0.3686884641647339
9 0.5946803689002991 0.2530393898487091 0.5194894075393677 0.307526558637619 0.629258394241333
1 0.5692696571350098 0.7292364835739136 0.24835419654846191 0.8082937002182007 0.4481055736541748
8 0.4725651741027832 0.18803751468658447 0.7115674018859863 0.2661939263343811 0.8678853511810303
2 0.44187554717063904 0.2321251928806305 0.41613027453422546 0.3009047210216522 0.5724214315414429
3 0.40657052397727966 0.5050097703933716 0.6099501848220825 0.5634579658508301 0.71735680103302
