9 0.9736652970314026 0.1332823485136032 0.30614960193634033 0.19839449226856232 0.4018171429634094
9 0.9587944746017456 0.17163752019405365 0.193721741437912 0.22950680553913116 0.2915029227733612
9 0.9083883762359619 0.1332205981016159 0.42863479256629944 0.19783343374729156 0.5213587284088135
6 0.839117169380188 0.25775039196014404 0.38917407393455505 0.31548476219177246 0.529048502445221
3 0.8372023105621338 0.379205584526062 0.2096042037010193 0.42682331800460815 0.31030499935150146
6 0.7931193709373474 0.13120324909687042 0.15801064670085907 0.1949862688779831 0.31392592191696167
3 0.7271510362625122 0.5872141718864441 0.32771170139312744 0.645645797252655 0.42797982692718506
10 0.7224926948547363 0.29758697748184204 0.1784364879131317 0.368846595287323 0.3397933542728424
2 0.6777360439300537 0.33699139952659607 0.25827422738075256 0.3990227282047272 0.3839022219181061
1 0.6619411706924438 0.7096548080444336 0.22859209775924683 0.7810059785842896 0.4444517493247986
8 0.5228227972984314 0.19211424887180328 0.7131346464157104 0.270282119512558 0.8709338903427124
0 0.4815952479839325 0.4776458144187927 0.14061851799488068 0.5341495871543884 0.29435640573501587
