8 0.7913764119148254 0.11965098977088928 0.5611577033996582 0.18702802062034607 0.7002108097076416
1 0.7664570808410645 0.7403006553649902 0.3370036482810974 0.8105713129043579 0.5250244736671448
3 0.7305546998977661 0.6924268007278442 0.42113327980041504 0.7445577383041382 0.5272382497787476
9 0.7214763164520264 0.24806922674179077 0.2001398354768753 0.298997700214386 0.30951717495918274
3 0.6721073985099792 0.6027824878692627 0.1450042724609375 0.6486831903457642 0.2369551658630371
11 0.6494433879852295 0.20471510291099548 0.6577023863792419 0.2800575792789459 0.817668616771698
6 0.6353607773780823 0.11970701068639755 0.44238343834877014 0.1786302775144577 0.5750188231468201
3 0.5770849585533142 0.6677230000495911 0.3332448899745941 0.7172337174415588 0.4392704665660858
3 0.5560827255249023 0.41458916664123535 0.3092879056930542 0.46318960189819336 0.4039565324783325
3 0.546845555305481 0.6197623610496521 0.056173115968704224 0.6675638556480408 0.1476118266582489
9 0.5460771918296814 0.1973932832479477 0.46342605352401733 0.25346413254737854 0.5652171969413757
10 0.5422500967979431 0.15241524577140808 0.24720561504364014 0.21458300948143005 0.4001026749610901
2 0.49441012740135193 0.5771714448928833 0.4268181324005127 0.636151909828186 0.5814013481140137
7 0.4871629774570465 0.14286521077156067 0.2986246943473816 0.20393946766853333 0.45530253648757935
3 0.4544481635093689 0.6060479283332825 0.5720337629318237 0.6571956276893616 0.6729192733764648
9 0.45114678144454956 0.21038010716438293 0.37094056606292725 0.2669695317745209 0.4697171449661255
3 0.446595698595047 0.5914756655693054 0.21157850325107574 0.635624349117279 0.30345606803894043
5 0.4379953145980835 0.7893652319908142 0.6616599559783936 0.8576927781105042 0.8213925361633301
9 0.4005929231643677 0.429964542388916 0.689531683921814 0.48277944326400757 0.7881735563278198
