9 0.8862208127975464 0.18325740098953247 0.20615023374557495 0.2389458417892456 0.31413501501083374
9 0.8808491826057434 0.23781630396842957 0.021021105349063873 0.2953346073627472 0.11175384372472763
6 0.868966281414032 0.35830622911453247 0.5786115527153015 0.4261062741279602 0.7244325280189514
9 0.8200730681419373 0.3664267659187317 0.2625613808631897 0.41655755043029785 0.3580881357192993
3 0.817622721195221 0.5315490365028381 0.469131737947464 0.5894120335578918 0.5701829195022583
10 0.7748745083808899 0.2846968472003937 0.26748573780059814 0.34429606795310974 0.4194061756134033
2 0.7726536989212036 0.35219433903694153 0.3593813478946686 0.4085640013217926 0.48669812083244324
3 0.7467881441116333 0.6550661325454712 0.35364121198654175 0.7103160619735718 0.45643919706344604
5 0.710831880569458 0.7656317949295044 0.6575388312339783 0.8384145498275757 0.8235828280448914
3 0.7026078701019287 0.586936891078949 0.21953554451465607 0.6392055153846741 0.3181779980659485
8 0.7018927931785583 0.28054842352867126 0.4721531271934509 0.34278860688209534 0.6174647212028503
3 0.6922613978385925 0.4269203245639801 0.2522798478603363 0.4799341857433319 0.35529544949531555
4 0.640338122844696 0.5035610795021057 0.21630586683750153 0.5629745125770569 0.4064076542854309
11 0.6324587464332581 0.20685851573944092 0.6645070910453796 0.28674745559692383 0.8234230875968933
9 0.6304548978805542 0.17478719353675842 0.6044609546661377 0.23457404971122742 0.7091823816299438
7 0.6112186312675476 0.18280193209648132 0.3453086018562317 0.2552403509616852 0.5201814770698547
11 0.6098439693450928 0.16960708796977997 0.01312365010380745 0.23181606829166412 0.10987333953380585
8 0.4493789076805115 0.11046884208917618 0.5478081107139587 0.1880815327167511 0.7004169821739197
