9 0.8881151080131531 0.19335950911045074 0.19921384751796722 0.24661944806575775 0.3029128909111023
9 0.8668575286865234 0.3405674993991852 0.23734572529792786 0.39203330874443054 0.33101627230644226
9 0.8649645447731018 0.24695080518722534 0.033550892025232315 0.3004536032676697 0.12332603335380554
11 0.8285644054412842 0.19863289594650269 0.665454626083374 0.27662384510040283 0.8191657066345215
3 0.7864590287208557 0.42186886072158813 0.2608477473258972 0.4712687134742737 0.3539201617240906
3 0.7657272815704346 0.6415843963623047 0.35641783475875854 0.6966336965560913 0.45583099126815796
5 0.7546454071998596 0.7688477635383606 0.6598718166351318 0.8412627577781677 0.8241875171661377
8 0.7364740967750549 0.10509210079908371 0.5550228357315063 0.17700201272964478 0.7033529281616211
4 0.7294194102287292 0.49387842416763306 0.23349148035049438 0.555159866809845 0.4043460488319397
3 0.7067814469337463 0.4605647325515747 0.04374818876385689 0.5127595067024231 0.13295294344425201
3 0.6677981019020081 0.6143947839736938 0.14013439416885376 0.6611175537109375 0.23713982105255127
3 0.6066492199897766 0.5977450013160706 0.20074181258678436 0.6455536484718323 0.2967211604118347
1 0.5836358666419983 0.7323471307754517 0.32770055532455444 0.802876353263855 0.5127622485160828
11 0.5770290493965149 0.18148237466812134 0.02183031290769577 0.24008727073669434 0.11930657178163528
10 0.5631985664367676 0.2853650748729706 0.24954387545585632 0.34922680258750916 0.3975040018558502
7 0.5389181971549988 0.10341120511293411 0.3456431031227112 0.17358970642089844 0.5042609572410583
2 0.5141589045524597 0.368533194065094 0.36418312788009644 0.42753392457962036 0.5014930367469788
9 0.5061215162277222 0.17640255391597748 0.5808249711990356 0.23296238481998444 0.6859419345855713
6 0.48314109444618225 0.09903781116008759 0.44493359327316284 0.16578663885593414 0.5836806893348694
8 0.41267454624176025 0.2930367588996887 0.16070619225502014 0.34612029790878296 0.28593912720680237
