9 0.9739352464675903 0.12732969224452972 0.30907291173934937 0.19352729618549347 0.40597325563430786
9 0.9599820971488953 0.17034181952476501 0.2000492811203003 0.22890952229499817 0.2977756857872009
9 0.8974694609642029 0.1327580213546753 0.4216662347316742 0.19567406177520752 0.5184085369110107
3 0.8541690111160278 0.3770209550857544 0.20505350828170776 0.42495232820510864 0.3064959645271301
6 0.8482657074928284 0.25360384583473206 0.3969114124774933 0.31091007590293884 0.5352864265441895
6 0.8087607622146606 0.13053609430789948 0.1584756225347519 0.1937451809644699 0.3127787709236145
10 0.7473480701446533 0.2964846193790436 0.17591646313667297 0.3674599826335907 0.3377092778682709
3 0.7465555667877197 0.5919144749641418 0.33330848813056946 0.6507845520973206 0.433615118265152
2 0.7225706577301025 0.33351051807403564 0.26273301243782043 0.3949064016342163 0.3871084153652191
1 0.6720536351203918 0.7137822508811951 0.2305956333875656 0.7844690680503845 0.4457929730415344
0 0.5385786294937134 0.484528511762619 0.13232149183750153 0.5389009118080139 0.2854405641555786
8 0.5290217399597168 0.19278991222381592 0.7148195505142212 0.27085232734680176 0.8724929094314575
