9 0.7825822830200195 0.2962438762187958 0.17234723269939423 0.3448878228664398 0.2791818678379059
3 0.7498095035552979 0.6135838627815247 0.04162317514419556 0.6617605090141296 0.13102394342422485
9 0.7328832745552063 0.29554420709609985 0.11166654527187347 0.3478991389274597 0.20544947683811188
3 0.7090259790420532 0.7295133471488953 0.6629607677459717 0.7826672196388245 0.7674670219421387
3 0.6428489685058594 0.6098748445510864 0.11837127804756165 0.6543210744857788 0.20830467343330383
9 0.6333812475204468 0.2136765569448471 0.4507254362106323 0.2704610228538513 0.5488693118095398
4 0.6130716800689697 0.7409681081771851 0.28685081005096436 0.8060957193374634 0.4558582901954651
5 0.5888634920120239 0.7056571841239929 0.029551666229963303 0.7603700757026672 0.12969280779361725
1 0.550236165523529 0.7421131730079651 0.35122382640838623 0.8158730864524841 0.5324229001998901
3 0.5344790816307068 0.671235978603363 0.43543529510498047 0.7212331891059875 0.5300636887550354
2 0.5181199908256531 0.7517521381378174 0.5323766469955444 0.8218207359313965 0.6702554225921631
5 0.5150627493858337 0.7840389013290405 0.6522190570831299 0.8491064310073853 0.8049256801605225
8 0.5105252265930176 0.1367153525352478 0.529556930065155 0.2101725935935974 0.6797941327095032
3 0.5086915493011475 0.6148432493209839 0.20580868422985077 0.6590722799301147 0.299122154712677
3 0.49943649768829346 0.6627941131591797 0.3540593087673187 0.7129218578338623 0.4507496654987335
6 0.4944361746311188 0.13569578528404236 0.4328453540802002 0.1978570520877838 0.5767470598220825
11 0.47983846068382263 0.133146271109581 0.6619249582290649 0.2070135623216629 0.8092851638793945
9 0.4795505702495575 0.2185601145029068 0.358031302690506 0.2763073444366455 0.45204266905784607
10 0.4719293713569641 0.18566545844078064 0.22445234656333923 0.24653515219688416 0.38066646456718445
7 0.4718720316886902 0.15464995801448822 0.28454869985580444 0.21962620317935944 0.4576457142829895
