9 0.7288148403167725 0.303120493888855 0.1694646030664444 0.35138165950775146 0.27657467126846313
3 0.7196633219718933 0.7303842306137085 0.6620389819145203 0.7838917970657349 0.7667015194892883
9 0.7019520401954651 0.30154699087142944 0.1127588301897049 0.35355788469314575 0.20658324658870697
3 0.6626499891281128 0.6155495643615723 0.04820387065410614 0.6619340181350708 0.13730104267597198
9 0.6518074870109558 0.21473588049411774 0.4485558867454529 0.2711086571216583 0.5473489165306091
4 0.584430456161499 0.7401934862136841 0.28445008397102356 0.806020975112915 0.45347365736961365
3 0.5661258101463318 0.6119211316108704 0.12291759252548218 0.6551530957221985 0.2128734588623047
1 0.5532491207122803 0.7421056628227234 0.34896135330200195 0.8164767622947693 0.5298560857772827
5 0.5354354381561279 0.7034924626350403 0.034071143716573715 0.7568915486335754 0.13232654333114624
3 0.525238037109375 0.6689242720603943 0.43567851185798645 0.7191398739814758 0.5306221842765808
11 0.5246870517730713 0.13821297883987427 0.6565771102905273 0.21390241384506226 0.8039617538452148
2 0.5210603475570679 0.7518200874328613 0.5321321487426758 0.8223999738693237 0.670119047164917
5 0.5183064937591553 0.7850219011306763 0.6513886451721191 0.8500374555587769 0.8042397499084473
6 0.5030623078346252 0.13367927074432373 0.4318549335002899 0.19550979137420654 0.5742968320846558
3 0.4908639192581177 0.6234422922134399 0.2119448184967041 0.6670323610305786 0.3051389455795288
3 0.4854649603366852 0.6621152758598328 0.35491812229156494 0.7123163342475891 0.4519311189651489
7 0.4773077964782715 0.15238112211227417 0.2839297950267792 0.21770596504211426 0.4569428265094757
10 0.46271461248397827 0.18733689188957214 0.22291415929794312 0.24823394417762756 0.37975388765335083
8 0.4571576416492462 0.13657069206237793 0.5245137810707092 0.20875370502471924 0.6714317202568054
9 0.4525027573108673 0.21715520322322845 0.35759833455085754 0.2747207283973694 0.4521389901638031
