6 0.8501969575881958 0.13607753813266754 0.11837706714868546 0.1880226582288742 0.25734981894493103
6 0.8440331220626831 0.09342774748802185 0.6280728578567505 0.1674780547618866 0.766006588935852
8 0.8175477385520935 0.23054233193397522 0.3435010313987732 0.292318195104599 0.4870196580886841
9 0.7776364088058472 0.32223281264305115 0.22357770800590515 0.3755737841129303 0.325296550989151
9 0.7097089886665344 0.1932932287454605 0.1902821958065033 0.243800088763237 0.27894559502601624
7 0.6734198331832886 0.09346957504749298 0.38941580057144165 0.1628088802099228 0.5626739859580994
8 0.6636132597923279 0.07594311237335205 0.5031960010528564 0.1466604471206665 0.6500955820083618
4 0.6319740414619446 0.6616580486297607 0.34400659799575806 0.7238739728927612 0.522657573223114
9 0.5922574400901794 0.3135512173175812 0.5165917277336121 0.37085244059562683 0.6185309290885925
2 0.5691441297531128 0.45693784952163696 0.31459710001945496 0.5222929120063782 0.4607246220111847
11 0.567732036113739 0.2712174952030182 0.6961051821708679 0.3440879285335541 0.859700620174408
2 0.5303968191146851 0.7225982546806335 0.4414711594581604 0.7895885109901428 0.5964913964271545
5 0.5297493934631348 0.8024614453315735 0.7154862880706787 0.8687266707420349 0.8662161827087402
9 0.5279739499092102 0.1883399486541748 0.3345695734024048 0.24134355783462524 0.43719011545181274
3 0.5029159784317017 0.5470341444015503 0.3175686001777649 0.5979049205780029 0.4180055260658264
1 0.4771997630596161 0.676965594291687 0.21544668078422546 0.7453769445419312 0.40387460589408875
3 0.4729880094528198 0.5377748608589172 0.5133838653564453 0.586263120174408 0.6171543598175049
10 0.43891018629074097 0.19490593671798706 0.2043043076992035 0.26146334409713745 0.3563980162143707
