6 0.841760516166687 0.09517112374305725 0.6243202686309814 0.1649496853351593 0.7606183290481567
6 0.8178106546401978 0.14214304089546204 0.12763407826423645 0.19641003012657166 0.2652975618839264
8 0.7806360721588135 0.26875272393226624 0.3533176779747009 0.32929369807243347 0.4993404746055603
9 0.7442346811294556 0.1781572550535202 0.32143571972846985 0.23437608778476715 0.42200830578804016
7 0.7267963886260986 0.0874241515994072 0.3745477795600891 0.15563970804214478 0.5495724678039551
9 0.7039709687232971 0.15813417732715607 0.3850228786468506 0.21795682609081268 0.48378854990005493
9 0.6919025182723999 0.19896560907363892 0.19044382870197296 0.24997133016586304 0.2807312607765198
9 0.6801331043243408 0.32379961013793945 0.4884880483150482 0.37906742095947266 0.587704062461853
8 0.6775144338607788 0.08960316330194473 0.5136749744415283 0.1533784568309784 0.6544426679611206
9 0.5977748036384583 0.3325846493244171 0.26097938418388367 0.38485249876976013 0.3622495234012604
3 0.5461148619651794 0.5437353849411011 0.4841166138648987 0.5917412042617798 0.5871630311012268
4 0.5378139019012451 0.6411643624305725 0.33698931336402893 0.7054236531257629 0.5208289623260498
3 0.5060219764709473 0.528302788734436 0.3239554166793823 0.5807693004608154 0.427270770072937
10 0.4846271872520447 0.19884711503982544 0.21070462465286255 0.2640399932861328 0.3624415993690491
11 0.48025989532470703 0.2868454158306122 0.6953376531600952 0.35643497109413147 0.8518110513687134
5 0.47227388620376587 0.8021767139434814 0.7137902975082397 0.870986819267273 0.8641753196716309
3 0.46983182430267334 0.43128514289855957 0.2857942581176758 0.47952401638031006 0.3867717385292053
1 0.4349040389060974 0.6789166331291199 0.22845348715782166 0.7459648251533508 0.4201120436191559
