9 0.9640791416168213 0.11335571110248566 0.3530549705028534 0.17706672847270966 0.4518456757068634
9 0.9348046183586121 0.16412462294101715 0.22055192291736603 0.22136233747005463 0.3192461431026459
9 0.9250788688659668 0.12433131039142609 0.4522787034511566 0.1863480657339096 0.5497960448265076
6 0.8502715826034546 0.23099622130393982 0.4170997738838196 0.29311230778694153 0.5664517879486084
6 0.8201659917831421 0.1304807811975479 0.16321884095668793 0.19397322833538055 0.31742680072784424
3 0.8121802806854248 0.6217401623725891 0.32181116938591003 0.6754228472709656 0.4245205223560333
10 0.7156893014907837 0.2997381091117859 0.19045263528823853 0.37136125564575195 0.35908740758895874
0 0.5494682192802429 0.5074982643127441 0.17101067304611206 0.5637555122375488 0.3274812698364258
3 0.47298094630241394 0.4168442189693451 0.22393760085105896 0.46635231375694275 0.3256145417690277
3 0.45671677589416504 0.5454699993133545 0.5146864652633667 0.6003206968307495 0.6239229440689087
8 0.4494427740573883 0.20203709602355957 0.714916467666626 0.28202539682388306 0.873943567276001
7 0.4313783049583435 0.08604337275028229 0.4269203841686249 0.16365842521190643 0.5985225439071655
