9 0.9034315943717957 0.17933915555477142 0.20208463072776794 0.23352982103824615 0.29932764172554016
9 0.8947307467460632 0.14216996729373932 0.2994192838668823 0.2010241001844406 0.39798784255981445
6 0.8927726745605469 0.12847819924354553 0.1323779821395874 0.18578848242759705 0.2754656672477722
9 0.8817921876907349 0.12801837921142578 0.4305281937122345 0.18808495998382568 0.5270658135414124
4 0.8726450204849243 0.43744778633117676 0.36162036657333374 0.497803270816803 0.5426669716835022
3 0.8114505410194397 0.6136704087257385 0.28879159688949585 0.6644793152809143 0.3910714387893677
8 0.7667233347892761 0.24912646412849426 0.313077837228775 0.3042088449001312 0.4426249563694
3 0.743009626865387 0.43458297848701477 0.2509241998195648 0.48369619250297546 0.3500150740146637
10 0.6927942037582397 0.2946068048477173 0.15582400560379028 0.3646209239959717 0.3262465000152588
7 0.6860737800598145 0.07696888595819473 0.40996167063713074 0.15177062153816223 0.5893423557281494
0 0.5962234735488892 0.5189030766487122 0.14675423502922058 0.5720065236091614 0.30506792664527893
9 0.5547116994857788 0.34384745359420776 0.2288651317358017 0.39518433809280396 0.33111119270324707
9 0.5297724604606628 0.3313418924808502 0.08803228288888931 0.38169535994529724 0.19056615233421326
3 0.4764684736728668 0.41897547245025635 0.17665672302246094 0.4711117744445801 0.2789640426635742
3 0.44611454010009766 0.4938491880893707 0.6032477617263794 0.546687126159668 0.7087057828903198
0 0.4113839268684387 0.21983513236045837 0.49700725078582764 0.28459760546684265 0.6420518159866333
