6 0.8375914096832275 0.0959305465221405 0.6228638887405396 0.16576740145683289 0.75870680809021
8 0.8306397199630737 0.25364622473716736 0.33977174758911133 0.3145381510257721 0.4816077947616577
4 0.8212676048278809 0.4564249813556671 0.36094582080841064 0.5237399339675903 0.5546489357948303
6 0.8149110674858093 0.13825653493404388 0.1285172402858734 0.19269497692584991 0.2666156589984894
7 0.7852873206138611 0.08256638795137405 0.37730130553245544 0.15052056312561035 0.555080771446228
9 0.7630036473274231 0.14768977463245392 0.4051356911659241 0.20747099816799164 0.5003189444541931
9 0.7297897338867188 0.3136948049068451 0.24383580684661865 0.36602768301963806 0.34846746921539307
9 0.6989647746086121 0.1937195062637329 0.19323155283927917 0.24472838640213013 0.2832808792591095
9 0.6971555948257446 0.16844214498996735 0.3110218346118927 0.2230597585439682 0.4104706346988678
8 0.6806260347366333 0.087921641767025 0.5014950037002563 0.1528157889842987 0.6408640146255493
3 0.6084721684455872 0.5914710164070129 0.3055810332298279 0.6415147185325623 0.4089871048927307
3 0.5993884205818176 0.5261473059654236 0.49124884605407715 0.5751568675041199 0.5918745994567871
3 0.5381156802177429 0.4233666658401489 0.27192243933677673 0.4719774127006531 0.3739870488643646
10 0.4786794185638428 0.19229912757873535 0.21436627209186554 0.25740522146224976 0.3648538589477539
5 0.44612836837768555 0.7996930480003357 0.7065751552581787 0.8695996403694153 0.8572947978973389
