11 0.9042400121688843 0.13349471986293793 0.23469024896621704 0.19096918404102325 0.35748350620269775
9 0.9039077758789062 0.363201767206192 0.28796783089637756 0.4174884855747223 0.3862621486186981
3 0.862768828868866 0.44859084486961365 0.29326117038726807 0.5031818747520447 0.39033687114715576
4 0.7799788117408752 0.5114703178405762 0.25475943088531494 0.5774941444396973 0.43393534421920776
9 0.7616146802902222 0.2480384260416031 0.058347634971141815 0.3058951795101166 0.1580166220664978
9 0.6910383105278015 0.2696482241153717 0.17965593934059143 0.3179328143596649 0.27958056330680847
7 0.684060275554657 0.24723917245864868 0.4151354432106018 0.3180187940597534 0.601533830165863
1 0.5829284191131592 0.5574906468391418 0.637754499912262 0.6489692330360413 0.8500087857246399
5 0.582401692867279 0.7736630439758301 0.6857064962387085 0.8496255874633789 0.8477720022201538
3 0.5041218996047974 0.5909677147865295 0.23497672379016876 0.641936719417572 0.3323485255241394
