6 0.8515705466270447 0.09718538820743561 0.6269454956054688 0.167558953166008 0.763109564781189
7 0.8281117677688599 0.08401338756084442 0.37892597913742065 0.15350331366062164 0.5599256157875061
4 0.816917359828949 0.45042088627815247 0.36912745237350464 0.5172221660614014 0.5560469031333923
8 0.8052605986595154 0.24210496246814728 0.34338799118995667 0.3035453259944916 0.48588135838508606
6 0.7991316318511963 0.1416136622428894 0.1324823796749115 0.1965058445930481 0.2696814239025116
9 0.7083581686019897 0.14937756955623627 0.4084353446960449 0.20982791483402252 0.5021324753761292
9 0.705640435218811 0.17281514406204224 0.31236666440963745 0.22724854946136475 0.411162793636322
8 0.7036476731300354 0.08706972002983093 0.5080081224441528 0.15328630805015564 0.6467016935348511
9 0.6873570084571838 0.3050523102283478 0.25102680921554565 0.35655489563941956 0.3541925549507141
9 0.6678927540779114 0.20115767419338226 0.19546204805374146 0.2515430152416229 0.2860645055770874
3 0.6251963376998901 0.5980871319770813 0.3050272464752197 0.64810711145401 0.4097300171852112
3 0.539812445640564 0.4190237522125244 0.27427923679351807 0.46749550104141235 0.37665653228759766
3 0.5396437048912048 0.5113666653633118 0.4886512756347656 0.5609187483787537 0.589759111404419
10 0.4630819857120514 0.1966714709997177 0.2159813940525055 0.2618503272533417 0.3651075065135956
5 0.4449455738067627 0.798912525177002 0.7073899507522583 0.8677225112915039 0.8586516380310059
2 0.4068491458892822 0.5623583793640137 0.5686367154121399 0.6320493221282959 0.7277827858924866
