9 0.8800691366195679 0.2388751208782196 0.020503677427768707 0.2967195212841034 0.11188723891973495
9 0.8760138750076294 0.18679922819137573 0.2106187343597412 0.2417614459991455 0.3182864189147949
6 0.8755180835723877 0.34596601128578186 0.5862509608268738 0.41213950514793396 0.7335678935050964
9 0.8250882029533386 0.3593980371952057 0.2619746923446655 0.40902069211006165 0.3584491014480591
3 0.767507791519165 0.5438609719276428 0.4785118103027344 0.5974988341331482 0.5828447341918945
11 0.7664951682090759 0.580837607383728 0.633160412311554 0.649648904800415 0.7977258563041687
10 0.7643593549728394 0.2814699709415436 0.2694336771965027 0.341268390417099 0.4208199977874756
2 0.761624813079834 0.34156471490859985 0.36409133672714233 0.3977511525154114 0.4893702268600464
8 0.7195031046867371 0.27130547165870667 0.47361478209495544 0.332762211561203 0.6176130771636963
3 0.6958078145980835 0.4349728524684906 0.2501205801963806 0.48879632353782654 0.35376137495040894
3 0.659510612487793 0.6052868962287903 0.20318551361560822 0.6568209528923035 0.3031021058559418
7 0.6379609107971191 0.1773301064968109 0.34460344910621643 0.24866357445716858 0.5211235284805298
9 0.6259459853172302 0.17105771601200104 0.6050175428390503 0.23056630790233612 0.7087283134460449
4 0.6217391490936279 0.5328248739242554 0.22080408036708832 0.5883162021636963 0.39997559785842896
11 0.6103165149688721 0.16888538002967834 0.012681350111961365 0.2312762439250946 0.11013282835483551
11 0.5878295302391052 0.20655761659145355 0.6606348156929016 0.2873176336288452 0.8204509615898132
3 0.582647442817688 0.64565509557724 0.3529130518436432 0.7024179100990295 0.4534994065761566
5 0.5505942106246948 0.7608307600021362 0.6326440572738647 0.8251808881759644 0.8055551052093506
1 0.5445488095283508 0.7411816716194153 0.43923482298851013 0.8169853091239929 0.6372817158699036
8 0.42455193400382996 0.10357248038053513 0.5489025712013245 0.1847798228263855 0.7026589512825012
