9 0.9133065342903137 0.1284872442483902 0.34252193570137024 0.1913052648305893 0.4379781186580658
9 0.9129852056503296 0.1773965060710907 0.17292532324790955 0.23426386713981628 0.2733812630176544
9 0.8207136988639832 0.1381215900182724 0.4317578077316284 0.20234574377536774 0.5257968902587891
7 0.8133707046508789 0.07360517978668213 0.3461538255214691 0.14367657899856567 0.5359836220741272
10 0.798224151134491 0.2818026542663574 0.13374954462051392 0.3526328206062317 0.2972087264060974
3 0.7653063535690308 0.6204262971878052 0.31396985054016113 0.6774563789367676 0.4198570251464844
2 0.7053095102310181 0.2417517602443695 0.4177921414375305 0.30340340733528137 0.5675665736198425
3 0.6969214081764221 0.5584995150566101 0.4762762486934662 0.6159409880638123 0.5826607942581177
3 0.6158822774887085 0.3488786816596985 0.20558032393455505 0.3985363245010376 0.31298771500587463
9 0.6050012111663818 0.2549731731414795 0.5034111738204956 0.30851107835769653 0.607013463973999
1 0.5858490467071533 0.729026734828949 0.24471354484558105 0.8082160353660583 0.4445039629936218
2 0.5605756044387817 0.155503511428833 0.5801068544387817 0.23266029357910156 0.7389990091323853
8 0.520537257194519 0.19180141389369965 0.7142746448516846 0.26993417739868164 0.8717796802520752
5 0.4326091408729553 0.43207305669784546 0.32382532954216003 0.49523746967315674 0.4746415317058563
