9 0.9107791781425476 0.13429655134677887 0.33125901222229004 0.19600020349025726 0.4292792081832886
7 0.8917670249938965 0.09081777930259705 0.33594080805778503 0.16229525208473206 0.5297677516937256
9 0.8651881217956543 0.20194798707962036 0.1749364584684372 0.25650572776794434 0.2797692120075226
10 0.8219160437583923 0.2714948058128357 0.13679787516593933 0.3406347632408142 0.3054201304912567
3 0.7668681144714355 0.6226528882980347 0.3054663836956024 0.6780116558074951 0.41073039174079895
6 0.740668535232544 0.3384111225605011 0.42702195048332214 0.4068828523159027 0.5717788934707642
2 0.6965500116348267 0.15646788477897644 0.5949458479881287 0.2314627468585968 0.7527979016304016
3 0.6546630859375 0.5648485422134399 0.46371838450431824 0.6225723028182983 0.5730856657028198
3 0.6382665634155273 0.3224426209926605 0.19583314657211304 0.37856242060661316 0.30529075860977173
1 0.5933045148849487 0.7284757494926453 0.2469569742679596 0.8089695572853088 0.4494151175022125
0 0.5774435997009277 0.4287133514881134 0.2349805235862732 0.4854123890399933 0.3766271471977234
9 0.5638557076454163 0.1379779577255249 0.44216489791870117 0.19779515266418457 0.5394655466079712
9 0.5464611649513245 0.2580883800983429 0.5178182125091553 0.3122030794620514 0.6267229318618774
8 0.47083744406700134 0.18757988512516022 0.7112346291542053 0.2659628391265869 0.8673281073570251
2 0.4496113657951355 0.2357737123966217 0.41472387313842773 0.3036489188671112 0.5666295289993286
