9 0.7368144392967224 0.30385181307792664 0.16918954253196716 0.352049857378006 0.2764004170894623
9 0.7070475816726685 0.3012771010398865 0.11120836436748505 0.35337620973587036 0.20477207005023956
3 0.6638768911361694 0.6160418391227722 0.05008520931005478 0.6628711819648743 0.1389799416065216
9 0.6335785984992981 0.21557490527629852 0.4486587941646576 0.2720440924167633 0.5469883680343628
4 0.5776914358139038 0.7416085600852966 0.28521257638931274 0.8078294396400452 0.4549855589866638
3 0.5666149258613586 0.7169327139854431 0.6514145731925964 0.7694640755653381 0.7537538409233093
3 0.558085024356842 0.6093083620071411 0.12747091054916382 0.6527081727981567 0.21708840131759644
1 0.5391066670417786 0.744396984577179 0.34929585456848145 0.8198211789131165 0.5302525758743286
5 0.5379273295402527 0.702720582485199 0.035431958734989166 0.7565241456031799 0.13322171568870544
11 0.5093231797218323 0.14176388084888458 0.6535392999649048 0.21800200641155243 0.8018938302993774
3 0.4867341220378876 0.6666951179504395 0.4355185031890869 0.7171168327331543 0.5296377539634705
6 0.47890809178352356 0.13540907204151154 0.4303194284439087 0.1983199566602707 0.5748686790466309
7 0.4725775718688965 0.1533968299627304 0.2832244038581848 0.21863342821598053 0.4556856155395508
2 0.47114041447639465 0.7498002052307129 0.5217348337173462 0.8235999345779419 0.6625874042510986
10 0.46492263674736023 0.18754465878009796 0.22292818129062653 0.2479386180639267 0.3790018558502197
3 0.4631917476654053 0.6235281825065613 0.2160625159740448 0.6671783328056335 0.3087747395038605
3 0.4598899483680725 0.659859836101532 0.3556566834449768 0.7102137207984924 0.45115894079208374
8 0.4424442648887634 0.14005734026432037 0.5223210453987122 0.21286825835704803 0.6706493496894836
6 0.44188302755355835 0.2256440818309784 0.13786906003952026 0.2774321138858795 0.2726415991783142
9 0.4373246729373932 0.21820618212223053 0.35808610916137695 0.2756510078907013 0.45227938890457153
