9 0.9132631421089172 0.18151627480983734 0.1768353134393692 0.23796184360980988 0.27871450781822205
9 0.8990700840950012 0.1383756697177887 0.33479630947113037 0.2001548707485199 0.43468451499938965
10 0.8145599961280823 0.2792229652404785 0.1360885053873062 0.3500481843948364 0.2995765805244446
7 0.810824453830719 0.08082880824804306 0.3379194736480713 0.1508485972881317 0.5270617008209229
3 0.7646081447601318 0.6195147037506104 0.31725263595581055 0.6766027212142944 0.42280465364456177
9 0.7307737469673157 0.1536206603050232 0.4245302677154541 0.21532827615737915 0.5258134007453918
9 0.7038251161575317 0.2603987157344818 0.5036848187446594 0.3154679238796234 0.6085448861122131
2 0.7026549577713013 0.1571703404188156 0.5945568084716797 0.23276932537555695 0.7518602609634399
3 0.6940205097198486 0.5598044395446777 0.477763295173645 0.6174086332321167 0.5843533277511597
3 0.6564797759056091 0.3390561044216156 0.21362684667110443 0.38952890038490295 0.31944429874420166
2 0.6101442575454712 0.2530759274959564 0.4148370325565338 0.31604287028312683 0.572491466999054
1 0.588731050491333 0.729812502861023 0.24483442306518555 0.8096942901611328 0.44652843475341797
8 0.46427837014198303 0.18844404816627502 0.7126941680908203 0.2670738995075226 0.8687076568603516
6 0.4042317271232605 0.13609535992145538 0.11562344431877136 0.20177523791790009 0.2614603340625763
