11 0.9104959964752197 0.1376977413892746 0.23397095501422882 0.19524706900119781 0.3577110767364502
9 0.8645390272140503 0.3598204255104065 0.29894137382507324 0.41349226236343384 0.39541542530059814
3 0.826369047164917 0.4371055066585541 0.29632657766342163 0.48974886536598206 0.39784783124923706
9 0.7504766583442688 0.2623405158519745 0.19983483850955963 0.3122314512729645 0.2996368110179901
4 0.7299690842628479 0.5053361654281616 0.2648189663887024 0.572848916053772 0.44338876008987427
9 0.7265728116035461 0.2485530525445938 0.06413942575454712 0.30689674615859985 0.16462922096252441
11 0.6773092746734619 0.5031850934028625 0.6849457025527954 0.5738596320152283 0.8357299566268921
7 0.6417896151542664 0.24842126667499542 0.4044097661972046 0.31958407163619995 0.5909359455108643
3 0.6316391825675964 0.588236927986145 0.23575255274772644 0.6394782066345215 0.33736303448677063
1 0.5674315094947815 0.6031785607337952 0.5157256126403809 0.6712306141853333 0.7110801935195923
3 0.5283727645874023 0.47776567935943604 0.4789122939109802 0.5357062816619873 0.5826343894004822
