9 0.8810660243034363 0.18633171916007996 0.2105388045310974 0.24110296368598938 0.31420212984085083
9 0.8691070675849915 0.3456953465938568 0.2502836585044861 0.39864614605903625 0.3449856638908386
9 0.8686947226524353 0.2459021508693695 0.03600097820162773 0.30095604062080383 0.12310312688350677
11 0.8411927819252014 0.18584781885147095 0.661434531211853 0.2667349576950073 0.8188080787658691
3 0.7888017296791077 0.5722073316574097 0.4863557517528534 0.6279256343841553 0.5812308192253113
3 0.7777944803237915 0.4227251410484314 0.26332008838653564 0.4731385111808777 0.3601316809654236
2 0.7757433652877808 0.37114018201828003 0.37222859263420105 0.43102341890335083 0.5035150051116943
5 0.7602987885475159 0.7681332230567932 0.6550019383430481 0.8416935801506042 0.821957528591156
4 0.759070634841919 0.5006397366523743 0.2348448634147644 0.5614525675773621 0.4102784991264343
8 0.7162643671035767 0.10795745253562927 0.5540104508399963 0.17912015318870544 0.7027501463890076
3 0.7150108218193054 0.4781534969806671 0.05690150707960129 0.5313143730163574 0.1484012007713318
3 0.6992219686508179 0.5910477638244629 0.2136453539133072 0.6419334411621094 0.30960020422935486
3 0.6650421619415283 0.6233193278312683 0.1549079418182373 0.6722726225852966 0.25352054834365845
9 0.6632474064826965 0.16371417045593262 0.5943865180015564 0.22320324182510376 0.7007198929786682
10 0.6577995419502258 0.2752223014831543 0.26172658801078796 0.3381492495536804 0.4063242971897125
11 0.6119507551193237 0.1763315498828888 0.02312128245830536 0.23601767420768738 0.11769469082355499
3 0.5974119305610657 0.6600539684295654 0.35802894830703735 0.7137954235076904 0.45994240045547485
1 0.5409658551216125 0.7327452898025513 0.3270444869995117 0.8028603792190552 0.5122473239898682
6 0.41575682163238525 0.0994778424501419 0.4428800940513611 0.16701935231685638 0.5814394354820251
6 0.4057486653327942 0.17182572185993195 0.34617072343826294 0.24323390424251556 0.4988476037979126
