9 0.8924247622489929 0.18520426750183105 0.21370865404605865 0.24182778596878052 0.3183801472187042
9 0.8764594197273254 0.2394031435251236 0.02265338972210884 0.2969019114971161 0.11250282824039459
6 0.8510884046554565 0.3670434057712555 0.5726555585861206 0.43526503443717957 0.7165683507919312
9 0.8397814035415649 0.3514517843723297 0.2539307475090027 0.40490981936454773 0.3487536311149597
3 0.8175315856933594 0.5339280366897583 0.46126243472099304 0.5901694297790527 0.5631289482116699
3 0.812138020992279 0.4204111397266388 0.25806182622909546 0.47394612431526184 0.3596951365470886
2 0.804314911365509 0.3503665328025818 0.3655626177787781 0.41160738468170166 0.5013375878334045
11 0.7919895648956299 0.19839783012866974 0.66886305809021 0.2793070077896118 0.8310308456420898
10 0.7901055216789246 0.2720973789691925 0.26973554491996765 0.33414027094841003 0.4296133816242218
3 0.752522349357605 0.6575312614440918 0.3488186001777649 0.7140495777130127 0.45385485887527466
3 0.7288308143615723 0.595471203327179 0.21197813749313354 0.6469762921333313 0.3107953667640686
4 0.7280410528182983 0.507786750793457 0.2139725685119629 0.568740725517273 0.39204150438308716
8 0.7269670963287354 0.10053664445877075 0.5617740154266357 0.177778422832489 0.7172814607620239
5 0.7200003862380981 0.7668285965919495 0.6580343246459961 0.8412315249443054 0.8233034610748291
3 0.6079609990119934 0.6403984427452087 0.15586021542549133 0.6903052926063538 0.25473859906196594
11 0.5958375334739685 0.17158626019954681 0.015048451721668243 0.23340977728366852 0.11137407273054123
3 0.5597360730171204 0.48210784792900085 0.07974859327077866 0.5344032049179077 0.1716025173664093
7 0.5000004172325134 0.180670827627182 0.3501548767089844 0.25335583090782166 0.5244998931884766
