9 0.7309118509292603 0.304180771112442 0.1691199541091919 0.3525432050228119 0.27623212337493896
3 0.7139341831207275 0.7300606369972229 0.6626135110855103 0.7834363579750061 0.7672668695449829
9 0.6942131519317627 0.3027658760547638 0.11221018433570862 0.35472723841667175 0.2061065137386322
9 0.6475248336791992 0.21535922586917877 0.4490157961845398 0.27169764041900635 0.5477967262268066
3 0.6201891899108887 0.609790027141571 0.05256768688559532 0.6567991375923157 0.14136603474617004
4 0.527030885219574 0.7394703030586243 0.28336483240127563 0.8066796660423279 0.45199674367904663
11 0.5260169506072998 0.13868679106235504 0.6554153561592102 0.21470604836940765 0.8031061291694641
1 0.5241559743881226 0.743796706199646 0.34450244903564453 0.8188915252685547 0.5251919627189636
2 0.5169728994369507 0.7525088787078857 0.5287518501281738 0.8229222297668457 0.6681400537490845
3 0.5121926069259644 0.5996947288513184 0.1288413256406784 0.6430995464324951 0.219243124127388
5 0.5087267756462097 0.7859340906143188 0.6504611968994141 0.8504369258880615 0.8035693168640137
6 0.4900916516780853 0.133478045463562 0.4318215847015381 0.19569027423858643 0.5743776559829712
3 0.481859415769577 0.6680271029472351 0.4355609118938446 0.7181069254875183 0.5310230851173401
5 0.48155632615089417 0.6974923014640808 0.04028811678290367 0.7503088116645813 0.13705012202262878
7 0.47944140434265137 0.15236379206180573 0.2843055725097656 0.2177867740392685 0.4566587209701538
10 0.4575648307800293 0.18796378374099731 0.22310993075370789 0.24869561195373535 0.37942734360694885
3 0.44715064764022827 0.6622583270072937 0.35553595423698425 0.7126029133796692 0.4525231420993805
8 0.44567614793777466 0.13747867941856384 0.5239817500114441 0.2099408209323883 0.6712878346443176
6 0.4414746165275574 0.2270546853542328 0.1394665241241455 0.2787072956562042 0.27387166023254395
3 0.4367062747478485 0.6116110682487488 0.21371859312057495 0.6549380421638489 0.3066282868385315
