11 0.8135988712310791 0.546943187713623 0.583981990814209 0.6173616647720337 0.748023509979248
3 0.740574300289154 0.6465623378753662 0.21779373288154602 0.6986980438232422 0.3195025622844696
1 0.7179839611053467 0.6553400158882141 0.5287105441093445 0.7316182255744934 0.721890389919281
3 0.670474112033844 0.44922059774398804 0.2700668275356293 0.5025154948234558 0.37271741032600403
9 0.6661973595619202 0.20978397130966187 0.2210763692855835 0.2618868947029114 0.32687318325042725
3 0.6470828056335449 0.5337879657745361 0.44491222500801086 0.5863796472549438 0.5465083122253418
9 0.6261378526687622 0.36919596791267395 0.27026069164276123 0.4226824939250946 0.36580896377563477
5 0.6096760034561157 0.802651584148407 0.6726338267326355 0.8732300400733948 0.8257691264152527
10 0.5875981450080872 0.28331297636032104 0.2846401333808899 0.3488653302192688 0.4404180645942688
9 0.5847460627555847 0.2701633870601654 0.05007852241396904 0.3220912516117096 0.13653580844402313
4 0.5589280128479004 0.5461401343345642 0.26706209778785706 0.6161348223686218 0.4411827027797699
9 0.5174540877342224 0.20119917392730713 0.5770203471183777 0.2591468095779419 0.677537739276886
7 0.4742499589920044 0.182575523853302 0.3603600561618805 0.2585717439651489 0.5347380638122559
2 0.46210581064224243 0.37163814902305603 0.39075401425361633 0.43697890639305115 0.5356659889221191
