11 0.916318953037262 0.12485164403915405 0.24205617606639862 0.18811112642288208 0.3716476559638977
9 0.7803888916969299 0.3720305562019348 0.31271687150001526 0.4228627681732178 0.4103832542896271
3 0.7645600438117981 0.4465908110141754 0.2986992597579956 0.5004725456237793 0.39605963230133057
9 0.7206626534461975 0.2906018793582916 0.20723891258239746 0.3395725190639496 0.3096904754638672
11 0.6793555617332458 0.5010175704956055 0.6843708753585815 0.5715909004211426 0.8352092504501343
9 0.5989058613777161 0.2563929557800293 0.08108960092067719 0.31305527687072754 0.18003959953784943
1 0.5628230571746826 0.6051363945007324 0.5151259303092957 0.6727927923202515 0.7100051045417786
4 0.5474866032600403 0.5097363591194153 0.24868838489055634 0.5791900753974915 0.4328758120536804
3 0.5216336250305176 0.4784925878047943 0.47857666015625 0.5362302660942078 0.5823729038238525
7 0.4151098430156708 0.17011865973472595 0.3985825181007385 0.24615725874900818 0.5858496427536011
