9 0.974135160446167 0.13395050168037415 0.306187242269516 0.1987161934375763 0.40215644240379333
9 0.9634951949119568 0.17124278843402863 0.1937258243560791 0.2294672578573227 0.2909086346626282
9 0.9103173017501831 0.13518665730953217 0.42710360884666443 0.1993461400270462 0.5197163820266724
3 0.846636176109314 0.6182588338851929 0.30783864855766296 0.6767362356185913 0.4128552973270416
6 0.8362517952919006 0.2587655782699585 0.38689184188842773 0.31602561473846436 0.5262600183486938
3 0.832767903804779 0.37211450934410095 0.21192356944084167 0.42030563950538635 0.3133220970630646
6 0.7984699606895447 0.13177965581417084 0.15946677327156067 0.19521798193454742 0.31465116143226624
10 0.7374690771102905 0.29339805245399475 0.1763308346271515 0.3649221360683441 0.3393595516681671
2 0.6750047206878662 0.33634981513023376 0.26354607939720154 0.39613398909568787 0.3861977159976959
1 0.5772730112075806 0.7336727380752563 0.24457065761089325 0.814289927482605 0.4454367756843567
8 0.5212781429290771 0.1916656792163849 0.7132279872894287 0.2692353427410126 0.870826005935669
0 0.4510669708251953 0.482139527797699 0.159930020570755 0.5393392443656921 0.31322625279426575
3 0.4406302273273468 0.5532388687133789 0.4797787368297577 0.6109045743942261 0.5869802832603455
