9 0.76835036277771 0.220688596367836 0.1676819622516632 0.27503305673599243 0.264597624540329
6 0.5758765935897827 0.17998501658439636 0.13822193443775177 0.2421676218509674 0.2875785827636719
6 0.5054280757904053 0.13613812625408173 0.6121792793273926 0.21372510492801666 0.7557768821716309
2 0.4971374571323395 0.743104875087738 0.4404880106449127 0.814570963382721 0.5793039202690125
9 0.4842034578323364 0.1737649291753769 0.2781711220741272 0.22765804827213287 0.3725065588951111
8 0.4764876663684845 0.13367581367492676 0.5081527829170227 0.20034652948379517 0.6468550562858582
9 0.44682741165161133 0.24581530690193176 0.1022443026304245 0.299272745847702 0.19580937922000885
3 0.4216862916946411 0.6683594584465027 0.5494818687438965 0.7191948294639587 0.6497554779052734
3 0.42117413878440857 0.5534217953681946 0.2018386870622635 0.6008408665657043 0.29792383313179016
9 0.41810163855552673 0.19218528270721436 0.24540312588214874 0.24370121955871582 0.3425518572330475
