11 0.9687425494194031 0.38484781980514526 0.3318057656288147 0.4428367614746094 0.45034438371658325
7 0.9409152865409851 0.09527435153722763 0.34572213888168335 0.1588456928730011 0.5227752327919006
9 0.8902113437652588 0.13022014498710632 0.36316898465156555 0.1900029480457306 0.46035751700401306
9 0.8580729961395264 0.21462081372737885 0.17548735439777374 0.26614871621131897 0.27441641688346863
3 0.7985807657241821 0.5294347405433655 0.33625295758247375 0.581927478313446 0.43773141503334045
6 0.7320917844772339 0.38294321298599243 0.4093761146068573 0.4407740831375122 0.5466297268867493
10 0.7252789735794067 0.29479414224624634 0.13667315244674683 0.365896999835968 0.30677682161331177
5 0.7110145688056946 0.24683117866516113 0.057279929518699646 0.30858874320983887 0.1917458325624466
8 0.6964293122291565 0.36172789335250854 0.5904622077941895 0.43129509687423706 0.7546024322509766
3 0.6367712616920471 0.5082144141197205 0.615349531173706 0.5640433430671692 0.7190512418746948
2 0.5689292550086975 0.23403969407081604 0.4189285933971405 0.3022002875804901 0.5799716711044312
1 0.43414828181266785 0.7196739912033081 0.20306816697120667 0.8096247911453247 0.4096446931362152
