11 0.8183038234710693 0.5533412098884583 0.5826663374900818 0.6244613528251648 0.7474896311759949
1 0.7323897480964661 0.6431202292442322 0.5126275420188904 0.7214426398277283 0.7096911072731018
9 0.6956056356430054 0.20644274353981018 0.21508151292800903 0.259076327085495 0.321516215801239
6 0.6848484873771667 0.3747885227203369 0.561875581741333 0.4443841576576233 0.7149255275726318
3 0.6571027636528015 0.522164523601532 0.4390428960323334 0.5747000575065613 0.5432209968566895
3 0.6527408957481384 0.6450912952423096 0.219016432762146 0.6967465877532959 0.31976646184921265
9 0.6101058721542358 0.20050360262393951 0.5804316401481628 0.2598523199558258 0.6820006966590881
5 0.6082269549369812 0.8035656213760376 0.6700589656829834 0.8739856481552124 0.8238391876220703
9 0.5916608572006226 0.3864351212978363 0.28595179319381714 0.4357964098453522 0.38137298822402954
9 0.5658491253852844 0.2723018527030945 0.049576286226511 0.3243023157119751 0.1355324387550354
3 0.56562739610672 0.454375296831131 0.280672162771225 0.5064495801925659 0.3816674053668976
3 0.5315062403678894 0.6423975229263306 0.3509231209754944 0.6962965726852417 0.4521768093109131
7 0.527510941028595 0.18705765902996063 0.3555569648742676 0.26375481486320496 0.5335853099822998
4 0.5144340395927429 0.5529442429542542 0.25748932361602783 0.6185670495033264 0.4274080991744995
8 0.5080668926239014 0.2856961786746979 0.46630603075027466 0.3485770523548126 0.6141759753227234
10 0.4863734841346741 0.29168954491615295 0.27774301171302795 0.35652562975883484 0.4326067864894867
2 0.45970776677131653 0.3713403642177582 0.3685928285121918 0.4335322678089142 0.50936359167099
