11 0.9856877326965332 0.3811059892177582 0.33620601892471313 0.4377296268939972 0.44444501399993896
3 0.9241828322410583 0.5544459223747253 0.3154146075248718 0.6091061234474182 0.4154912829399109
9 0.8893017172813416 0.14620575308799744 0.3885193169116974 0.20546993613243103 0.4822216331958771
7 0.8737651109695435 0.1170886978507042 0.3506048917770386 0.17663326859474182 0.5140407085418701
3 0.8664836883544922 0.24404454231262207 0.50294029712677 0.30034565925598145 0.5944238901138306
9 0.828499972820282 0.20806801319122314 0.17219513654708862 0.2618003487586975 0.26838189363479614
6 0.826080322265625 0.38629838824272156 0.43005451560020447 0.4427391588687897 0.5530965924263
5 0.7149301767349243 0.2526472806930542 0.04719924181699753 0.31180834770202637 0.18341666460037231
1 0.6231749653816223 0.722959041595459 0.2174205183982849 0.8106615543365479 0.43034642934799194
3 0.49811628460884094 0.5179309248924255 0.5981824398040771 0.5782065987586975 0.7354944944381714
