9 0.8844612240791321 0.344026118516922 0.23887546360492706 0.3956781327724457 0.33370378613471985
9 0.8694403171539307 0.20773997902870178 0.19452537596225739 0.2613196074962616 0.29828229546546936
9 0.8499928712844849 0.2521474063396454 0.03512843698263168 0.3059752285480499 0.12414620071649551
3 0.8042287826538086 0.6566013097763062 0.3508465886116028 0.7127529382705688 0.45156973600387573
3 0.7987861037254333 0.5384058952331543 0.4711562395095825 0.5950018167495728 0.5701743364334106
6 0.7853161692619324 0.3728809654712677 0.5516567826271057 0.44108185172080994 0.7006331086158752
11 0.7804705500602722 0.1961439996957779 0.6621158719062805 0.27718961238861084 0.817637026309967
3 0.7445892095565796 0.6380459070205688 0.14347293972969055 0.6857199668884277 0.24038705229759216
3 0.7332267165184021 0.4200507402420044 0.252032995223999 0.47163957357406616 0.34838998317718506
4 0.7290542125701904 0.49367061257362366 0.2188940942287445 0.5571984648704529 0.39617565274238586
3 0.7274182438850403 0.6070012450218201 0.1954469531774521 0.6563273072242737 0.2920893132686615
2 0.7238841652870178 0.3504786193370819 0.36336368322372437 0.41377297043800354 0.49759232997894287
9 0.7140775918960571 0.17170724272727966 0.5925511121749878 0.2316054403781891 0.695186972618103
5 0.7139758467674255 0.7646394968032837 0.6531317830085754 0.8375219106674194 0.8203482031822205
3 0.6869450807571411 0.48855242133140564 0.054963771253824234 0.5412393808364868 0.14496099948883057
8 0.675765335559845 0.11051101237535477 0.5543195009231567 0.18483072519302368 0.7068113088607788
10 0.5818307995796204 0.2957324683666229 0.24532859027385712 0.3587811291217804 0.39267438650131226
11 0.5551987886428833 0.18490776419639587 0.023411832749843597 0.24299821257591248 0.11949864774942398
7 0.550737738609314 0.11038567125797272 0.35024023056030273 0.18015001714229584 0.508476734161377
