11 0.847283661365509 0.19293123483657837 0.6666098237037659 0.2703976035118103 0.8203150629997253
9 0.7832982540130615 0.2282390296459198 0.19694386422634125 0.28007540106773376 0.30259525775909424
8 0.7487832307815552 0.10113368928432465 0.5601348876953125 0.1718338280916214 0.7079379558563232
3 0.7181008458137512 0.6979396939277649 0.43368443846702576 0.7498630881309509 0.5395766496658325
3 0.706702709197998 0.6152400970458984 0.13666948676109314 0.6611051559448242 0.2283736765384674
9 0.7041112780570984 0.15664806962013245 0.5811659693717957 0.21625390648841858 0.6850566267967224
8 0.7008084058761597 0.313743531703949 0.17715266346931458 0.3689919710159302 0.30565235018730164
3 0.6899779438972473 0.4234631359577179 0.27179139852523804 0.47224971652030945 0.36758726835250854
9 0.6844315528869629 0.36861172318458557 0.1452476978302002 0.41840729117393494 0.2375773787498474
1 0.6828597784042358 0.7389844655990601 0.339259535074234 0.8071192502975464 0.5215507745742798
9 0.6082466840744019 0.26261192560195923 0.03726029023528099 0.31329041719436646 0.1276531219482422
3 0.604229748249054 0.5985763072967529 0.20930397510528564 0.6443156003952026 0.30006569623947144
3 0.5982195138931274 0.6713660955429077 0.3505716621875763 0.7212214469909668 0.45626184344291687
6 0.5952361226081848 0.09813892841339111 0.4393776059150696 0.16259634494781494 0.5750369429588318
9 0.5653061270713806 0.16331836581230164 0.4647262692451477 0.22084513306617737 0.5624602437019348
9 0.4928620755672455 0.3312964141368866 0.2537381052970886 0.3818143904209137 0.35016077756881714
7 0.47904881834983826 0.12405534088611603 0.3238478899002075 0.19055204093456268 0.481203556060791
5 0.459064245223999 0.789897084236145 0.6611348986625671 0.8590101003646851 0.8200793862342834
10 0.4404849410057068 0.13958922028541565 0.26263904571533203 0.20288607478141785 0.4102007746696472
11 0.41092923283576965 0.1867777705192566 0.032900840044021606 0.24555569887161255 0.1257707178592682
