8 0.7872481346130371 0.1190597265958786 0.5598502159118652 0.18940873444080353 0.7029335498809814
1 0.7838550806045532 0.7401523590087891 0.3432387709617615 0.8110114336013794 0.5318109393119812
9 0.7252690196037292 0.25475937128067017 0.18958251178264618 0.3040919303894043 0.3022652566432953
3 0.7202956676483154 0.6077283024787903 0.13922712206840515 0.6532530188560486 0.22980406880378723
3 0.7055715918540955 0.689119279384613 0.4242958426475525 0.7410798668861389 0.5305410623550415
11 0.6330768465995789 0.20655283331871033 0.6554886102676392 0.28198882937431335 0.8161190748214722
6 0.6130234003067017 0.11571408808231354 0.45067813992500305 0.175937220454216 0.5871744751930237
3 0.5998967885971069 0.6219574809074402 0.05514181777834892 0.669399082660675 0.1449907273054123
3 0.5677518844604492 0.6652539968490601 0.3374536633491516 0.7148436307907104 0.443855345249176
3 0.5461639761924744 0.41218292713165283 0.30831581354141235 0.4608316421508789 0.4032910466194153
3 0.5068361163139343 0.5959983468055725 0.20826146006584167 0.6399915814399719 0.2994055449962616
2 0.4957036077976227 0.5731610655784607 0.4287405014038086 0.6329565644264221 0.5834428071975708
9 0.4956640601158142 0.2667073607444763 0.1464017778635025 0.31893354654312134 0.24180768430233002
3 0.47359851002693176 0.6050201058387756 0.5721040964126587 0.6561527848243713 0.6725506782531738
10 0.46958041191101074 0.15415477752685547 0.23962914943695068 0.21499532461166382 0.3871503472328186
7 0.46902453899383545 0.13427869975566864 0.28737664222717285 0.19723637402057648 0.442249059677124
9 0.46349382400512695 0.20097829401493073 0.46844181418418884 0.25678884983062744 0.5702481865882874
4 0.45851635932922363 0.7356134057044983 0.28875434398651123 0.801041305065155 0.4607585072517395
5 0.44134393334388733 0.7908990979194641 0.6625031232833862 0.859524667263031 0.821325421333313
