9 0.915117621421814 0.17838852107524872 0.17218837141990662 0.23567534983158112 0.272914320230484
9 0.9116380214691162 0.12655779719352722 0.34328073263168335 0.18935522437095642 0.4393417239189148
7 0.82457435131073 0.07378017902374268 0.3479178547859192 0.14316648244857788 0.5370897650718689
9 0.8170241117477417 0.13695243000984192 0.4320719838142395 0.20100674033164978 0.5264794826507568
10 0.8121803998947144 0.2775331735610962 0.13493728637695312 0.3483726978302002 0.29940205812454224
2 0.7216087579727173 0.240005224943161 0.42042097449302673 0.30252960324287415 0.5706208944320679
3 0.6854313611984253 0.549286961555481 0.4620360732078552 0.6062595844268799 0.5663965344429016
3 0.6187995076179504 0.33849552273750305 0.21037346124649048 0.3884678781032562 0.3173624277114868
9 0.6034070253372192 0.25628092885017395 0.5025301575660706 0.309865266084671 0.6062242388725281
3 0.5780555605888367 0.5933406352996826 0.319633811712265 0.6497695446014404 0.42375674843788147
2 0.5676062703132629 0.1538499891757965 0.5814638137817383 0.2312290370464325 0.7401149272918701
1 0.5597290396690369 0.7115581631660461 0.22573623061180115 0.789733350276947 0.4279172718524933
8 0.520404040813446 0.18979275226593018 0.7144045829772949 0.2680889368057251 0.872016429901123
5 0.40754902362823486 0.4083508551120758 0.3279709815979004 0.47254547476768494 0.47644782066345215
