9 0.7714176774024963 0.23166285455226898 0.19468820095062256 0.2835139036178589 0.3013639450073242
1 0.7380084991455078 0.7386003136634827 0.3335435092449188 0.8085905909538269 0.5190044045448303
11 0.7264114618301392 0.2085123509168625 0.6523894667625427 0.28571924567222595 0.8093032240867615
3 0.71988445520401 0.6880525350570679 0.42736300826072693 0.7403756380081177 0.534368634223938
8 0.6837121248245239 0.3171652555465698 0.17444290220737457 0.37230902910232544 0.30291515588760376
3 0.6737762689590454 0.5976477861404419 0.13678684830665588 0.6439597606658936 0.22871002554893494
3 0.6674060821533203 0.4263342022895813 0.27798885107040405 0.47483158111572266 0.3727535009384155
9 0.6641469597816467 0.3635859489440918 0.14023259282112122 0.4140312671661377 0.2329178750514984
8 0.6425855159759521 0.128867968916893 0.5440378785133362 0.20187295973300934 0.697642982006073
6 0.6411336064338684 0.1262890100479126 0.43668636679649353 0.1879013180732727 0.5769065618515015
9 0.5910739302635193 0.19323250651359558 0.5667737126350403 0.2507239282131195 0.6688229441642761
9 0.5897472500801086 0.26278793811798096 0.03776075690984726 0.31322526931762695 0.12904521822929382
3 0.5860292315483093 0.6620408296585083 0.3370695412158966 0.7119152545928955 0.4441950023174286
9 0.5343635678291321 0.19456574320793152 0.4742067754268646 0.2512315809726715 0.5718386173248291
3 0.502288281917572 0.5869537591934204 0.20087528228759766 0.6317421197891235 0.2921335697174072
7 0.4878633916378021 0.1313336044549942 0.32185792922973633 0.19817905128002167 0.48031187057495117
9 0.4876469373703003 0.3396594524383545 0.25465619564056396 0.38892650604248047 0.35106348991394043
2 0.4817383587360382 0.5690124034881592 0.4291546940803528 0.628433346748352 0.5837633013725281
9 0.4706004858016968 0.20492875576019287 0.3881400227546692 0.2599518299102783 0.4841265082359314
3 0.4580366313457489 0.6086384654045105 0.5746638774871826 0.6595684885978699 0.6754508018493652
