9 0.9598527550697327 0.11377879977226257 0.34990501403808594 0.17641261219978333 0.44800835847854614
9 0.9446616172790527 0.1646590381860733 0.20828154683113098 0.22238527238368988 0.30714651942253113
9 0.906672477722168 0.12642307579517365 0.456811785697937 0.18775098025798798 0.5527763366699219
6 0.7987796068191528 0.12678180634975433 0.15939293801784515 0.19084568321704865 0.31358009576797485
6 0.7914007902145386 0.23724131286144257 0.4120785593986511 0.29925537109375 0.5618338584899902
3 0.7457345128059387 0.6104639172554016 0.32496073842048645 0.6641481518745422 0.42675283551216125
10 0.7054557800292969 0.3077693581581116 0.18563556671142578 0.3784673810005188 0.34952807426452637
0 0.5087627172470093 0.4888555705547333 0.17010030150413513 0.5474883317947388 0.33293232321739197
8 0.44750654697418213 0.19837988913059235 0.7147823572158813 0.27819401025772095 0.8742347955703735
1 0.4441945552825928 0.7094365954399109 0.2391088306903839 0.7820811867713928 0.44528040289878845
3 0.41534265875816345 0.5441460609436035 0.5052156448364258 0.5990644693374634 0.6144670248031616
