9 0.8952065706253052 0.18236279487609863 0.21408908069133759 0.2384403944015503 0.3186871409416199
9 0.8784682154655457 0.23741427063941956 0.023288406431674957 0.29476258158683777 0.11285873502492905
6 0.8392373919487 0.36986660957336426 0.5744358897209167 0.4385049343109131 0.7185258269309998
9 0.8376580476760864 0.35708287358283997 0.25165778398513794 0.4099353849887848 0.34664297103881836
3 0.8225716352462769 0.5324785709381104 0.46209707856178284 0.5889036655426025 0.5640790462493896
3 0.8057384490966797 0.42362627387046814 0.2546350657939911 0.47668007016181946 0.35674849152565
2 0.8036578297615051 0.3537040948867798 0.36500418186187744 0.41445642709732056 0.5010757446289062
10 0.7918460369110107 0.27313193678855896 0.26611536741256714 0.33454808592796326 0.42396193742752075
5 0.7248008847236633 0.7642855644226074 0.6559867262840271 0.8380252122879028 0.8227512240409851
3 0.723307192325592 0.6513816714286804 0.34787890315055847 0.7078348994255066 0.4533209502696991
4 0.7204241752624512 0.507484495639801 0.21280191838741302 0.5685026049613953 0.38965171575546265
3 0.7185023427009583 0.5880049467086792 0.21364808082580566 0.6395666599273682 0.3127446174621582
11 0.6771448850631714 0.202754408121109 0.6643849611282349 0.2824689447879791 0.8235504627227783
11 0.5931105017662048 0.17037467658519745 0.01613960787653923 0.2315433770418167 0.1122792512178421
3 0.5666877031326294 0.4762571156024933 0.07925073802471161 0.5288718342781067 0.17099429666996002
3 0.5620513558387756 0.6299304366111755 0.15782380104064941 0.6801765561103821 0.25765037536621094
8 0.5408975481987 0.10896235704421997 0.5503484010696411 0.18432295322418213 0.7025936841964722
7 0.5093743205070496 0.18410661816596985 0.3449515402317047 0.25633177161216736 0.519180178642273
