11 0.9852105379104614 0.383917897939682 0.338773250579834 0.4405499994754791 0.44759631156921387
3 0.9270132184028625 0.5557557344436646 0.3159765601158142 0.6107250452041626 0.41618090867996216
9 0.9106816649436951 0.15061645209789276 0.3933992385864258 0.20935799181461334 0.4883210062980652
3 0.8908370733261108 0.2370048314332962 0.5164608359336853 0.2928009629249573 0.6058539748191833
5 0.8885253667831421 0.22283370792865753 0.15462321043014526 0.27310240268707275 0.2798116207122803
6 0.8051409125328064 0.3892394006252289 0.4317742884159088 0.4460630714893341 0.5557264685630798
1 0.6603314280509949 0.7250148057937622 0.2238750159740448 0.8129218816757202 0.4388507902622223
7 0.6167702674865723 0.11204903572797775 0.33406364917755127 0.1747015118598938 0.49493277072906494
3 0.4988825023174286 0.5226855874061584 0.6045591831207275 0.5831782221794128 0.7406473159790039
7 0.4489421844482422 0.11352629959583282 0.42161399126052856 0.18512873351573944 0.5911434292793274
9 0.44466161727905273 0.25492435693740845 0.5394178628921509 0.31933605670928955 0.6665374040603638
