1 0.7751915454864502 0.7398114204406738 0.35013189911842346 0.8101297616958618 0.5364937782287598
3 0.721771776676178 0.6191208362579346 0.14336933195590973 0.6636301279067993 0.2334972470998764
9 0.7118542790412903 0.270090252161026 0.1899867057800293 0.3190915286540985 0.30338990688323975
8 0.6977803111076355 0.1280859410762787 0.5414155721664429 0.19834080338478088 0.6880025863647461
2 0.6895365118980408 0.6067870855331421 0.4474430978298187 0.665669322013855 0.5943513512611389
3 0.6720829606056213 0.6246343851089478 0.05581923574209213 0.6727441549301147 0.14346030354499817
3 0.6024834513664246 0.6973563432693481 0.42624709010124207 0.74727463722229 0.5319361090660095
3 0.5425449013710022 0.6712265610694885 0.34515559673309326 0.7204142212867737 0.4504008889198303
9 0.53000807762146 0.27399933338165283 0.1466335654258728 0.3265753984451294 0.24203282594680786
6 0.516940176486969 0.13281461596488953 0.44835132360458374 0.1933695375919342 0.5894405245780945
3 0.4900384545326233 0.611858606338501 0.5742978453636169 0.6615042686462402 0.6749575734138489
3 0.48885345458984375 0.5959099531173706 0.22995680570602417 0.6404514312744141 0.3211471438407898
10 0.4826211631298065 0.16638942062854767 0.244368314743042 0.2268146127462387 0.38961899280548096
4 0.46815523505210876 0.7342788577079773 0.30126333236694336 0.7983289361000061 0.47298502922058105
11 0.4448263943195343 0.2045709639787674 0.6539665460586548 0.28356480598449707 0.8199578523635864
5 0.42864084243774414 0.7907830476760864 0.6586329936981201 0.8598915338516235 0.8175759315490723
7 0.41362234950065613 0.1479455977678299 0.2920212149620056 0.21012787520885468 0.444241464138031
5 0.41197118163108826 0.6972957253456116 0.05382762476801872 0.7505291104316711 0.15008141100406647
