11 0.7994264364242554 0.5357381105422974 0.5775564312934875 0.6068415641784668 0.7409129738807678
3 0.7262164950370789 0.6418132781982422 0.21397657692432404 0.6939475536346436 0.31563568115234375
1 0.7030051350593567 0.6152250170707703 0.5197481513023376 0.6950100064277649 0.7195928692817688
3 0.6647083759307861 0.4482051730155945 0.27236878871917725 0.5014751553535461 0.3746945858001709
9 0.6391916275024414 0.36774498224258423 0.27900856733322144 0.4211265444755554 0.373235285282135
5 0.5863719582557678 0.7830531001091003 0.6817551255226135 0.8543649315834045 0.8319723010063171
4 0.5358222126960754 0.5381090641021729 0.26662880182266235 0.6089109182357788 0.4431648254394531
10 0.5329134464263916 0.27271002531051636 0.2920874357223511 0.33865708112716675 0.44741320610046387
3 0.5239918828010559 0.48384615778923035 0.4512052834033966 0.5350392460823059 0.5509467720985413
11 0.516556978225708 0.17337700724601746 0.19034573435783386 0.2470199167728424 0.31814244389533997
2 0.4116457402706146 0.3717440068721771 0.3856278657913208 0.4375835955142975 0.5332679748535156
9 0.4042525291442871 0.2682957649230957 0.053203824907541275 0.31997811794281006 0.14059942960739136
