7 0.9665888547897339 0.14612621068954468 0.2610832452774048 0.22392630577087402 0.46247899532318115
9 0.8865702152252197 0.2630734145641327 0.17041413486003876 0.3166406452655792 0.2766186594963074
10 0.7762640714645386 0.3745540380477905 0.09088770300149918 0.4418903589248657 0.2394176423549652
9 0.7590650320053101 0.2549625039100647 0.31842148303985596 0.31033140420913696 0.43228811025619507
3 0.7287861108779907 0.3624219000339508 0.18435421586036682 0.4143615663051605 0.28302374482154846
6 0.519249439239502 0.3574317991733551 0.36015239357948303 0.43129441142082214 0.5034363269805908
11 0.49584442377090454 0.3776869475841522 0.31601041555404663 0.45458486676216125 0.4478567838668823
3 0.42521852254867554 0.512238621711731 0.30501994490623474 0.5636862516403198 0.4028666317462921
5 0.2695852518081665 0.4713485538959503 0.07442554831504822 0.5412949919700623 0.20941027998924255
9 0.26957112550735474 0.32563596963882446 0.4109538495540619 0.39786839485168457 0.5292705297470093
0 0.25945940613746643 0.4395712912082672 0.21342524886131287 0.5099256038665771 0.35780754685401917
9 0.2547718584537506 0.34576669335365295 0.3957967460155487 0.4006766378879547 0.4958530366420746
