7 0.9440703988075256 0.1347614824771881 0.2611786723136902 0.21553662419319153 0.46079200506210327
9 0.8342584371566772 0.25210487842559814 0.15525494515895844 0.30560457706451416 0.25995367765426636
9 0.8265499472618103 0.2530868947505951 0.3088087737560272 0.3096473515033722 0.41850677132606506
6 0.6588254570960999 0.3653413653373718 0.3515247702598572 0.4363420009613037 0.4938868284225464
11 0.6152578592300415 0.38905230164527893 0.2953717112541199 0.46097955107688904 0.43136268854141235
10 0.548442542552948 0.3697291612625122 0.09313691407442093 0.4373876452445984 0.24055206775665283
3 0.5077201128005981 0.3246472179889679 0.3917834460735321 0.3799258768558502 0.4928831160068512
3 0.4916505217552185 0.3690054714679718 0.17798253893852234 0.42019811272621155 0.2856506407260895
3 0.32399091124534607 0.48430347442626953 0.20622572302818298 0.5361207723617554 0.3060361444950104
3 0.22586309909820557 0.44247421622276306 0.4961835443973541 0.5187192559242249 0.6306453943252563
