3 0.6964033842086792 0.48053932189941406 0.13870131969451904 0.5289552211761475 0.2293568253517151
6 0.6614727973937988 0.17658165097236633 0.4000273644924164 0.25484499335289 0.5486901998519897
9 0.5732836127281189 0.3726089298725128 0.12173478305339813 0.42156967520713806 0.21125967800617218
8 0.5689272284507751 0.2139294296503067 0.4780904948711395 0.2973201274871826 0.6301872730255127
8 0.5403699278831482 0.31033217906951904 0.23900087177753448 0.388171911239624 0.37749284505844116
9 0.5224360227584839 0.27400636672973633 0.439341276884079 0.32799994945526123 0.543488621711731
2 0.46869519352912903 0.37378039956092834 0.29485374689102173 0.4427278935909271 0.4380555748939514
9 0.4623422622680664 0.24415096640586853 0.37810447812080383 0.29540327191352844 0.4783635437488556
3 0.4136110246181488 0.4940738081932068 0.3855295181274414 0.5444344878196716 0.4740332365036011
2 0.37254539132118225 0.5875442028045654 0.34611889719963074 0.6689908504486084 0.49742797017097473
9 0.35929301381111145 0.299919456243515 0.2583479881286621 0.3481949269771576 0.33988237380981445
7 0.34606248140335083 0.19029271602630615 0.30823421478271484 0.2709779143333435 0.48198413848876953
9 0.34492558240890503 0.24869291484355927 0.300289511680603 0.29933035373687744 0.39689934253692627
0 0.3312842845916748 0.5416940450668335 0.5160058736801147 0.6234065294265747 0.6563272476196289
3 0.2929432690143585 0.4270971417427063 0.23776645958423615 0.47855013608932495 0.3424029052257538
3 0.27911677956581116 0.5485484600067139 0.44020533561706543 0.6001571416854858 0.5263029336929321
11 0.2681029736995697 0.2523697316646576 0.07043536752462387 0.3057555854320526 0.1722048819065094
3 0.2664092481136322 0.47242847084999084 0.5079870820045471 0.5254843235015869 0.5996742844581604
3 0.26591894030570984 0.4922259747982025 0.16880427300930023 0.5399513244628906 0.2651485800743103
10 0.24857796728610992 0.22655552625656128 0.2773306965827942 0.3032299876213074 0.43416130542755127
