7 0.9740776419639587 0.13105960190296173 0.2492714822292328 0.20793317258358002 0.45330485701560974
3 0.8918912410736084 0.35877424478530884 0.1680176854133606 0.4112083911895752 0.2672162652015686
9 0.8837229013442993 0.26149919629096985 0.14739464223384857 0.3140958249568939 0.25696924328804016
10 0.8608719706535339 0.36306264996528625 0.06812537461519241 0.43028053641319275 0.2187463641166687
9 0.8592739701271057 0.2451673448085785 0.31248944997787476 0.2987237274646759 0.4239889979362488
3 0.7359931468963623 0.5323382019996643 0.293699711561203 0.5843923687934875 0.3962770402431488
6 0.6078752875328064 0.3324095904827118 0.34030717611312866 0.4042499363422394 0.484036386013031
9 0.46409517526626587 0.3211838901042938 0.4216119647026062 0.37617579102516174 0.5272199511528015
5 0.37222912907600403 0.47098711133003235 0.08474937826395035 0.5404326915740967 0.21809044480323792
0 0.36370983719825745 0.4694550037384033 0.199920654296875 0.5397491455078125 0.3436029553413391
2 0.3617374897003174 0.21448352932929993 0.4397747218608856 0.28900405764579773 0.5971090793609619
8 0.3213788866996765 0.21874438226222992 0.5667822360992432 0.29839301109313965 0.7216686010360718
0 0.3067682981491089 0.46671316027641296 0.26353520154953003 0.5357689261436462 0.4025861620903015
9 0.23004518449306488 0.3447364866733551 0.2964405417442322 0.396136075258255 0.41284918785095215
