3 0.6753219366073608 0.4833438992500305 0.13537946343421936 0.5316867232322693 0.2262841761112213
6 0.6370455026626587 0.16999053955078125 0.4083847105503082 0.24864798784255981 0.5564181804656982
9 0.625012218952179 0.26463186740875244 0.45083704590797424 0.32056760787963867 0.5587523579597473
9 0.5656610131263733 0.3733392655849457 0.12126163393259048 0.42224493622779846 0.2107473909854889
9 0.5509467124938965 0.2375996708869934 0.37917038798332214 0.28905510902404785 0.47559282183647156
8 0.53090900182724 0.310403048992157 0.23539474606513977 0.3881457448005676 0.3738543689250946
2 0.5165870189666748 0.37299808859825134 0.3092789053916931 0.4427988827228546 0.45285362005233765
8 0.46365979313850403 0.19242198765277863 0.49426522850990295 0.27835655212402344 0.6489080786705017
3 0.43374761939048767 0.4998367726802826 0.3861750364303589 0.5501598715782166 0.4743916392326355
7 0.3813559114933014 0.19573059678077698 0.3045063018798828 0.2765790522098541 0.4771791100502014
2 0.37186136841773987 0.591572105884552 0.34497344493865967 0.6725912690162659 0.49574005603790283
9 0.34275326132774353 0.30016350746154785 0.2576841711997986 0.3484933376312256 0.3391914963722229
0 0.3232642710208893 0.5438130497932434 0.5146830677986145 0.6256126761436462 0.6553584933280945
3 0.309908390045166 0.42843306064605713 0.23922546207904816 0.4798709750175476 0.34343624114990234
3 0.27868929505348206 0.5523124933242798 0.440275102853775 0.6038832664489746 0.526155948638916
9 0.27631470561027527 0.3976879119873047 0.5210655927658081 0.4512561559677124 0.6200829744338989
11 0.26233917474746704 0.25496193766593933 0.5360508561134338 0.33388587832450867 0.6785512566566467
3 0.26197677850723267 0.49255451560020447 0.16280914843082428 0.5401710867881775 0.2593030333518982
11 0.25092124938964844 0.25398483872413635 0.07039661705493927 0.30727532505989075 0.17202065885066986
3 0.24610044062137604 0.47248831391334534 0.5074487328529358 0.5254735350608826 0.5992506146430969
