5 0.7080970406532288 0.6645295023918152 0.5710643529891968 0.7465922236442566 0.702913761138916
9 0.6699481010437012 0.30499696731567383 0.22468647360801697 0.35541367530822754 0.3289736211299896
3 0.6682613492012024 0.4138929545879364 0.2798526883125305 0.4663830101490021 0.3810189366340637
6 0.612015426158905 0.36205241084098816 0.409320592880249 0.434571236371994 0.5471641421318054
3 0.5970139503479004 0.5452883243560791 0.22813303768634796 0.5945405960083008 0.3182820677757263
2 0.578626275062561 0.3461124897003174 0.3301064670085907 0.41876983642578125 0.47361478209495544
9 0.5502835512161255 0.39003461599349976 0.2664281129837036 0.4415861964225769 0.3701954483985901
7 0.5473531484603882 0.24081158638000488 0.30333638191223145 0.32508671283721924 0.47202467918395996
10 0.5464916229248047 0.3302841782569885 0.2603686451911926 0.4064721465110779 0.4201512932777405
3 0.406134694814682 0.4634736180305481 0.08104763925075531 0.5137938857078552 0.18342728912830353
4 0.37550297379493713 0.4528055489063263 0.2552656829357147 0.5295882821083069 0.4065876305103302
3 0.31702521443367004 0.48369401693344116 0.39079779386520386 0.5358778834342957 0.4858402609825134
9 0.3116948902606964 0.3020270764827728 0.06574360281229019 0.3522562086582184 0.17294010519981384
3 0.30514204502105713 0.536184549331665 0.3547765612602234 0.5873732566833496 0.45325714349746704
