6 0.860241711139679 0.1734398752450943 0.11343187838792801 0.23542337119579315 0.2525354027748108
9 0.8013378977775574 0.2466759830713272 0.39041244983673096 0.298254132270813 0.4893699288368225
2 0.6994171738624573 0.4693142771720886 0.3490021824836731 0.5410167574882507 0.489343523979187
9 0.650173008441925 0.25645700097084045 0.20278842747211456 0.3064335286617279 0.3048221468925476
3 0.5828517079353333 0.5904351472854614 0.5793323516845703 0.6458450555801392 0.6779677867889404
6 0.5500010251998901 0.22420072555541992 0.4460201859474182 0.30599480867385864 0.5971067547798157
9 0.5233634114265442 0.25404664874076843 0.42450574040412903 0.3109882175922394 0.535698413848877
7 0.5190940499305725 0.1446271538734436 0.3653765320777893 0.23109257221221924 0.5486568212509155
3 0.48081836104393005 0.4187854826450348 0.2258279025554657 0.4724990427494049 0.33023539185523987
8 0.43260475993156433 0.18983906507492065 0.4234236478805542 0.2696130871772766 0.5682997703552246
3 0.4106040596961975 0.4782065451145172 0.33907681703567505 0.528458297252655 0.43304306268692017
5 0.39541101455688477 0.497990220785141 0.08057701587677002 0.5489208102226257 0.18238776922225952
2 0.39096513390541077 0.6466993689537048 0.4667201638221741 0.7250717282295227 0.6050824522972107
9 0.31782519817352295 0.3995206356048584 0.2172277569770813 0.452356219291687 0.32385778427124023
2 0.3149997293949127 0.5704808831214905 0.33456408977508545 0.6572503447532654 0.48608899116516113
3 0.30659744143486023 0.4325927495956421 0.15821366012096405 0.4838048219680786 0.2565775513648987
9 0.3065513074398041 0.4093959927558899 0.5686326622962952 0.46246540546417236 0.6717149615287781
8 0.2658333480358124 0.3385663628578186 0.32783234119415283 0.41782814264297485 0.4738452434539795
9 0.24936415255069733 0.268628865480423 0.544083833694458 0.3225296437740326 0.6411709785461426
9 0.2419791966676712 0.40744295716285706 0.43711182475090027 0.45909544825553894 0.5270161628723145
