9 0.9051962494850159 0.2564800977706909 0.22006432712078094 0.3073829412460327 0.32831794023513794
9 0.900387167930603 0.2568868398666382 0.39632314443588257 0.30893170833587646 0.49567919969558716
6 0.8726610541343689 0.17572219669818878 0.12525886297225952 0.23664836585521698 0.2625287175178528
3 0.6954266428947449 0.5106838941574097 0.2778410315513611 0.5621578693389893 0.38017672300338745
6 0.6280432343482971 0.21028071641921997 0.44070321321487427 0.29038864374160767 0.5871513485908508
9 0.5808325409889221 0.39485177397727966 0.24361810088157654 0.44940415024757385 0.35456278920173645
10 0.5686127543449402 0.3263791799545288 0.10419750213623047 0.39709407091140747 0.2626473903656006
3 0.5096640586853027 0.4294778108596802 0.23027843236923218 0.48359251022338867 0.33698755502700806
2 0.3981277644634247 0.4710148274898529 0.317435622215271 0.5395427942276001 0.4550008773803711
2 0.36251530051231384 0.4536347985267639 0.4422116279602051 0.5274915099143982 0.5851844549179077
9 0.29822656512260437 0.3961336314678192 0.06667015701532364 0.4442385733127594 0.16187211871147156
2 0.2923736870288849 0.49956071376800537 0.25836265087127686 0.5789695978164673 0.4071481227874756
9 0.2895474433898926 0.2764432728290558 0.48904433846473694 0.330048531293869 0.590120792388916
8 0.26320838928222656 0.33868810534477234 0.32628268003463745 0.41961410641670227 0.47501426935195923
0 0.25226521492004395 0.46377748250961304 0.1189613789319992 0.5348913073539734 0.2567775249481201
7 0.24145661294460297 0.14826852083206177 0.35586005449295044 0.23378252983093262 0.5394536852836609
5 0.24025265872478485 0.4924241304397583 0.10196562111377716 0.5426620244979858 0.20126871764659882
0 0.22336320579051971 0.4624577462673187 0.17182037234306335 0.5360235571861267 0.30927035212516785
3 0.2001224011182785 0.4636230170726776 0.4025155007839203 0.5149778127670288 0.49777892231941223
