6 0.8494524955749512 0.17879541218280792 0.11873555928468704 0.24174337089061737 0.25837546586990356
9 0.804028332233429 0.2679787278175354 0.3935003876686096 0.31949836015701294 0.48624372482299805
6 0.7059614658355713 0.22374054789543152 0.4629726707935333 0.30338045954704285 0.6050019264221191
7 0.6075858473777771 0.16200166940689087 0.34319573640823364 0.24717527627944946 0.5255137085914612
9 0.6030061841011047 0.2840573787689209 0.3931539058685303 0.34129762649536133 0.5014781951904297
3 0.588028073310852 0.42353588342666626 0.229379802942276 0.4778069257736206 0.33152130246162415
9 0.5788735747337341 0.2689531743526459 0.21229463815689087 0.3185860216617584 0.3116258978843689
8 0.5555393099784851 0.18390081822872162 0.4360980987548828 0.26323503255844116 0.5815271139144897
2 0.5276256203651428 0.4296884536743164 0.36089324951171875 0.5047385692596436 0.5044013261795044
3 0.4467514455318451 0.5660736560821533 0.56696617603302 0.620947003364563 0.6635183095932007
0 0.33851704001426697 0.4948568344116211 0.0853174701333046 0.5649422407150269 0.22278425097465515
3 0.3017563223838806 0.4397875964641571 0.2048235386610031 0.49163928627967834 0.3037206530570984
2 0.29477494955062866 0.5753359794616699 0.34090378880500793 0.6621133089065552 0.49280789494514465
9 0.27859219908714294 0.2711656093597412 0.5367628335952759 0.32555848360061646 0.6356960535049438
3 0.2566860318183899 0.4491227865219116 0.34066852927207947 0.4987158179283142 0.43305787444114685
8 0.24598132073879242 0.34169793128967285 0.32422009110450745 0.42526721954345703 0.46944698691368103
2 0.2228410691022873 0.4364335834980011 0.4295308589935303 0.5092723369598389 0.5775042772293091
11 0.21466770768165588 0.16972561180591583 0.08425748348236084 0.22742347419261932 0.1928134560585022
9 0.2138185203075409 0.405889630317688 0.10326176136732101 0.45455384254455566 0.1969107985496521
