6 0.8553730845451355 0.17219872772693634 0.11280840635299683 0.23433636128902435 0.2520655393600464
9 0.7562754154205322 0.25525474548339844 0.3950541615486145 0.30631011724472046 0.4929092526435852
2 0.7095170021057129 0.4624444544315338 0.3487616181373596 0.5342061519622803 0.4896549582481384
7 0.6904335618019104 0.14763662219047546 0.3561866879463196 0.23411652445793152 0.5374276041984558
6 0.6870816349983215 0.22375130653381348 0.45195579528808594 0.30291879177093506 0.5969028472900391
9 0.6703827381134033 0.2555748522281647 0.2030225247144699 0.3056727349758148 0.3053862750530243
3 0.596319854259491 0.5906998515129089 0.5780717134475708 0.6460049748420715 0.6766717433929443
9 0.5607038140296936 0.2558048963546753 0.42897242307662964 0.31250256299972534 0.5400696992874146
3 0.4934036433696747 0.4180946350097656 0.22736240923404694 0.4717676639556885 0.3316081762313843
8 0.42833220958709717 0.1926860213279724 0.4291899502277374 0.27239328622817993 0.5738195776939392
2 0.38831374049186707 0.6438881158828735 0.46666765213012695 0.7222733497619629 0.6054737567901611
3 0.3683326244354248 0.4723678231239319 0.335024893283844 0.5224985480308533 0.42916619777679443
5 0.3581458032131195 0.4966285526752472 0.08171622455120087 0.5473891496658325 0.18261833488941193
9 0.31397661566734314 0.3994649648666382 0.21816380321979523 0.4521917700767517 0.3245680630207062
2 0.30837827920913696 0.5698515176773071 0.3319151699542999 0.6563948392868042 0.48327144980430603
9 0.3052956163883209 0.40685343742370605 0.56734299659729 0.4600512981414795 0.6703976392745972
3 0.2814651429653168 0.42987260222435 0.15961945056915283 0.48110052943229675 0.2582184076309204
8 0.28108054399490356 0.35134968161582947 0.32666492462158203 0.4308417737483978 0.4727882146835327
9 0.25065240263938904 0.27373653650283813 0.5293766856193542 0.32797688245773315 0.6273420453071594
2 0.23670125007629395 0.43024352192878723 0.35979461669921875 0.5081994533538818 0.5070850849151611
