9 0.8967556357383728 0.25730007886886597 0.23146887123584747 0.3081194758415222 0.33936363458633423
9 0.8733845949172974 0.2671007513999939 0.395527720451355 0.3181822896003723 0.49095964431762695
6 0.8642062544822693 0.17267119884490967 0.1278676986694336 0.23395395278930664 0.26544690132141113
10 0.7173130512237549 0.32988229393959045 0.09529095143079758 0.4003189504146576 0.2560238242149353
3 0.6877386569976807 0.5161463022232056 0.28515228629112244 0.567642092704773 0.3840912878513336
0 0.6510112285614014 0.48453301191329956 0.18667393922805786 0.5539905428886414 0.3290935754776001
3 0.5873013138771057 0.40900588035583496 0.1909221112728119 0.4616929292678833 0.2851962745189667
3 0.4922006130218506 0.4273119270801544 0.2307170331478119 0.48233529925346375 0.3368326723575592
2 0.41977155208587646 0.4982326030731201 0.3032747507095337 0.5670806169509888 0.4401426315307617
3 0.39369896054267883 0.3862663209438324 0.18094167113304138 0.4356832802295685 0.27318719029426575
2 0.365568071603775 0.45437049865722656 0.4396879971027374 0.5282401442527771 0.5825710296630859
5 0.3568500876426697 0.43538254499435425 0.3790518343448639 0.5123491883277893 0.5222914218902588
9 0.312616229057312 0.39408156275749207 0.063377246260643 0.4412015378475189 0.1584019809961319
0 0.2948307394981384 0.3657020628452301 0.4132273197174072 0.44218990206718445 0.561181366443634
9 0.27997174859046936 0.2950183153152466 0.45755478739738464 0.3470127582550049 0.5537887215614319
7 0.27470916509628296 0.16124701499938965 0.3383239209651947 0.24731719493865967 0.5182481408119202
2 0.26815128326416016 0.390067458152771 0.27532821893692017 0.463201642036438 0.40292882919311523
5 0.25436708331108093 0.5078346729278564 0.0704064667224884 0.5593255758285522 0.173077791929245
0 0.24725592136383057 0.5142243504524231 0.08066084235906601 0.5835339426994324 0.21462753415107727
