5 0.7124120593070984 0.6705893874168396 0.5860912799835205 0.7528794407844543 0.7184207439422607
9 0.6906542181968689 0.30250999331474304 0.23004819452762604 0.3531019985675812 0.3348515033721924
3 0.6707199215888977 0.4018329977989197 0.26643136143684387 0.45370739698410034 0.3696926534175873
2 0.5805066227912903 0.3456788659095764 0.32983124256134033 0.41858452558517456 0.47405940294265747
10 0.5637059211730957 0.32808080315589905 0.25687435269355774 0.4042793810367584 0.4168296754360199
6 0.5631095767021179 0.3792443871498108 0.4158865809440613 0.45155441761016846 0.5531690120697021
7 0.5409494042396545 0.24193787574768066 0.3024696409702301 0.32656097412109375 0.47139236330986023
3 0.3573973774909973 0.5109873414039612 0.34476912021636963 0.561757504940033 0.4373018145561218
9 0.32320380210876465 0.3002902865409851 0.06627588719129562 0.3505043387413025 0.17339849472045898
3 0.31382662057876587 0.4476385712623596 0.07684178650379181 0.49798494577407837 0.17868880927562714
3 0.3073362410068512 0.5020415782928467 0.2092302441596985 0.550780177116394 0.2973180413246155
2 0.2771761417388916 0.4183122515678406 0.23824381828308105 0.4944995641708374 0.3856104612350464
3 0.24133487045764923 0.46926549077033997 0.3790167570114136 0.5212228298187256 0.4729466438293457
11 0.20115059614181519 0.2645682990550995 0.08517983555793762 0.3177855908870697 0.18868109583854675
