7 0.9762477278709412 0.12474587559700012 0.2559659481048584 0.20120832324028015 0.4576287269592285
3 0.918285071849823 0.3447313904762268 0.1763824075460434 0.3985125422477722 0.27678313851356506
9 0.8933656215667725 0.2318732738494873 0.3373439311981201 0.28500163555145264 0.44724082946777344
9 0.8631037473678589 0.2568718492984772 0.15845006704330444 0.3094019591808319 0.27155768871307373
10 0.8027874231338501 0.36712518334388733 0.07632923126220703 0.43589481711387634 0.2264900803565979
3 0.7503147721290588 0.5320813059806824 0.2886927127838135 0.5841509699821472 0.39191555976867676
9 0.4470331072807312 0.32345157861709595 0.42259252071380615 0.3781716227531433 0.5275528430938721
5 0.3873004615306854 0.47358065843582153 0.08337213099002838 0.5427699685096741 0.2154182642698288
2 0.3696088194847107 0.21662914752960205 0.4378056526184082 0.2910130023956299 0.5945950746536255
2 0.3367288410663605 0.30585190653800964 0.3262665867805481 0.3780349791049957 0.48136502504348755
5 0.3163084387779236 0.4791686534881592 0.06765611469745636 0.5305379629135132 0.1657705157995224
8 0.3068261742591858 0.22066885232925415 0.5668364763259888 0.30038827657699585 0.7215648889541626
0 0.3064950406551361 0.47062599658966064 0.17192721366882324 0.5369846820831299 0.3110195994377136
0 0.23075075447559357 0.4405789375305176 0.19363489747047424 0.5132353901863098 0.3336750566959381
