7 0.9846060872077942 0.1070990338921547 0.24361255764961243 0.18116506934165955 0.4502415359020233
9 0.9411846995353699 0.2283855527639389 0.3039509952068329 0.2822128236293793 0.41973164677619934
3 0.9295347332954407 0.33916226029396057 0.17314232885837555 0.3939407765865326 0.2765018045902252
9 0.8844718933105469 0.23344838619232178 0.12565085291862488 0.28734052181243896 0.24343547224998474
10 0.8231428265571594 0.36133018136024475 0.07023786753416061 0.42838290333747864 0.22003674507141113
9 0.7934492230415344 0.23989057540893555 0.3529142141342163 0.29754066467285156 0.4682120680809021
2 0.7824211716651917 0.3046739101409912 0.29860448837280273 0.3692808151245117 0.4482700824737549
3 0.7053176760673523 0.5358533263206482 0.29008206725120544 0.5876478552818298 0.3937007486820221
5 0.5411636829376221 0.4371044337749481 0.3045802414417267 0.5062892436981201 0.42940518260002136
6 0.5336830615997314 0.17673152685165405 0.10605363547801971 0.2406194806098938 0.2435876876115799
0 0.4207008481025696 0.4814859926700592 0.1679212749004364 0.547616720199585 0.305839866399765
5 0.3963325023651123 0.4817736744880676 0.07809611409902573 0.5498750805854797 0.2092423141002655
9 0.37293627858161926 0.3409518003463745 0.39735275506973267 0.39647430181503296 0.5014107823371887
2 0.335197389125824 0.22613471746444702 0.4285067021846771 0.3011593222618103 0.5874227285385132
5 0.33374977111816406 0.48476946353912354 0.06186934560537338 0.5361679792404175 0.16147062182426453
8 0.3252429664134979 0.21749411523342133 0.566913366317749 0.29702091217041016 0.7220786809921265
9 0.2879033088684082 0.3087571859359741 0.37513068318367004 0.3790473937988281 0.49842318892478943
0 0.24440576136112213 0.4462868273258209 0.19476324319839478 0.5192365050315857 0.33459770679473877
