5 0.7192972898483276 0.6709235310554504 0.5886523723602295 0.7532147765159607 0.7206368446350098
9 0.6934197545051575 0.30013740062713623 0.2252660095691681 0.3505793809890747 0.3296632468700409
3 0.6765779852867126 0.40208306908607483 0.26726067066192627 0.453911155462265 0.37056976556777954
2 0.5789743661880493 0.34671351313591003 0.3287796974182129 0.41961774230003357 0.472995400428772
10 0.5634726881980896 0.3280423879623413 0.25396859645843506 0.40400373935699463 0.41405725479125977
6 0.56175696849823 0.37972256541252136 0.41256994009017944 0.45167139172554016 0.5502585768699646
7 0.5484367609024048 0.23700810968875885 0.3043420910835266 0.3215566575527191 0.4734702706336975
9 0.5118393301963806 0.3887360095977783 0.25591856241226196 0.4401458501815796 0.36098843812942505
3 0.3776530623435974 0.5082593560218811 0.34703901410102844 0.559140145778656 0.4393848478794098
9 0.3252864181995392 0.2997291088104248 0.06666605174541473 0.35002273321151733 0.17400552332401276
3 0.3138074576854706 0.4470174014568329 0.07708132266998291 0.49729326367378235 0.17880475521087646
3 0.29668575525283813 0.5015142560005188 0.2090521603822708 0.5502294898033142 0.29725950956344604
2 0.2765796482563019 0.4183565080165863 0.23749323189258575 0.49451491236686707 0.3849940896034241
3 0.2487427443265915 0.4672279357910156 0.3815407156944275 0.5193183422088623 0.4755195379257202
