7 0.9786745309829712 0.13593655824661255 0.2560746669769287 0.21284270286560059 0.45835381746292114
9 0.8758187294006348 0.25142326951026917 0.31012699007987976 0.3068515956401825 0.41764208674430847
9 0.8570770025253296 0.26787132024765015 0.16311512887477875 0.321277916431427 0.26790618896484375
10 0.7841293215751648 0.37080904841423035 0.08395541459321976 0.43642738461494446 0.23213893175125122
3 0.7525929808616638 0.36669644713401794 0.2069469690322876 0.4184366762638092 0.3084542751312256
6 0.7207580208778381 0.37057971954345703 0.3616394102573395 0.44321227073669434 0.5015717148780823
11 0.6539502143859863 0.39887693524360657 0.30910173058509827 0.4735617935657501 0.4422104060649872
2 0.35466688871383667 0.3483818769454956 0.3397093415260315 0.4261245131492615 0.4827622175216675
9 0.24600183963775635 0.3499526381492615 0.38931095600128174 0.4043887257575989 0.4885076880455017
9 0.24368444085121155 0.3311125338077545 0.4040232002735138 0.40343329310417175 0.5219577550888062
3 0.2318999469280243 0.5019621253013611 0.23077429831027985 0.5526980757713318 0.32604488730430603
0 0.22602982819080353 0.4429641366004944 0.21093012392520905 0.5133931040763855 0.3550809621810913
3 0.2095387578010559 0.5231642127037048 0.2767072319984436 0.5739852786064148 0.3750259280204773
