6 0.8797754049301147 0.18226520717144012 0.11973058432340622 0.2416137009859085 0.2587851881980896
9 0.8748772740364075 0.24089522659778595 0.18474172055721283 0.29293394088745117 0.2946506440639496
9 0.8536406755447388 0.2353658229112625 0.32986724376678467 0.2887823283672333 0.4394489526748657
3 0.8487643003463745 0.3614695966243744 0.17947812378406525 0.41425493359565735 0.27802854776382446
3 0.7205082774162292 0.5524897575378418 0.2802712619304657 0.6042604446411133 0.38767483830451965
10 0.7003227472305298 0.3390517234802246 0.09341859817504883 0.40910589694976807 0.24827361106872559
2 0.6716020703315735 0.4138796329498291 0.27306535840034485 0.4881851077079773 0.40832480788230896
6 0.63788902759552 0.3197137713432312 0.32241299748420715 0.3830633759498596 0.46337589621543884
7 0.5759122371673584 0.138532817363739 0.2900235652923584 0.22510749101638794 0.4940597414970398
5 0.5306856036186218 0.45206499099731445 0.41330525279045105 0.5194481015205383 0.5403434038162231
0 0.46493226289749146 0.42640846967697144 0.15408974885940552 0.4912061095237732 0.29119443893432617
0 0.3870224058628082 0.3440539240837097 0.38343292474746704 0.4207495450973511 0.5299388766288757
8 0.29608607292175293 0.23481857776641846 0.5662342309951782 0.315360963344574 0.7215321063995361
5 0.29535651206970215 0.47663530707359314 0.06616851687431335 0.5288386940956116 0.16798731684684753
