6 0.8795320987701416 0.18221020698547363 0.12034649401903152 0.24173176288604736 0.25910091400146484
9 0.8613810539245605 0.25145742297172546 0.19627447426319122 0.30309346318244934 0.30467477440834045
3 0.8600082397460938 0.3658798635005951 0.1820312887430191 0.4184751808643341 0.2805667519569397
9 0.8235074281692505 0.24547763168811798 0.3346411883831024 0.2987731993198395 0.4466487467288971
2 0.7758955955505371 0.42106735706329346 0.26336929202079773 0.49252939224243164 0.39696595072746277
3 0.7244105935096741 0.5514163970947266 0.28407371044158936 0.6032319068908691 0.3908103108406067
10 0.7157300710678101 0.33959272503852844 0.09520497173070908 0.4094417989253998 0.25091060996055603
5 0.5319736003875732 0.4453124403953552 0.3897155523300171 0.5122207403182983 0.5167981386184692
9 0.5073682069778442 0.22981436550617218 0.34902283549308777 0.2867068648338318 0.46131446957588196
0 0.47364577651023865 0.42925596237182617 0.1524268090724945 0.4941295385360718 0.2895483076572418
6 0.4469408094882965 0.30602744221687317 0.32089561223983765 0.3686155378818512 0.45758312940597534
9 0.41124850511550903 0.31855812668800354 0.38434910774230957 0.3935999572277069 0.5152185559272766
7 0.3439183831214905 0.15343379974365234 0.3014407753944397 0.24100762605667114 0.5040956735610962
8 0.34236425161361694 0.21998535096645355 0.5699254274368286 0.299964964389801 0.7251170873641968
5 0.2950258255004883 0.47689637541770935 0.06678402423858643 0.5290938019752502 0.1686076521873474
