3 0.6854391098022461 0.48028168082237244 0.14158257842063904 0.5287981033325195 0.2320382297039032
6 0.591187059879303 0.17519742250442505 0.41278815269470215 0.25391876697540283 0.5618305802345276
9 0.5583770871162415 0.2676277160644531 0.4346095025539398 0.3237571716308594 0.5416131615638733
9 0.5555922985076904 0.23751045763492584 0.3737400472164154 0.2895996570587158 0.47053685784339905
9 0.5412930846214294 0.3740155100822449 0.12322261929512024 0.4228781461715698 0.21232333779335022
2 0.5049283504486084 0.3579117953777313 0.3011229336261749 0.42968425154685974 0.44505199790000916
8 0.46434101462364197 0.3113080561161041 0.2518268823623657 0.3903457820415497 0.39140522480010986
8 0.38825851678848267 0.1974342167377472 0.49687594175338745 0.2831365168094635 0.652433454990387
2 0.35624995827674866 0.5907488465309143 0.35434359312057495 0.67183917760849 0.5043931603431702
9 0.35125383734703064 0.3032565414905548 0.27020639181137085 0.35169240832328796 0.35246533155441284
0 0.31853610277175903 0.5409272909164429 0.5097697973251343 0.6225963830947876 0.6494451761245728
3 0.3021494150161743 0.552091121673584 0.4366702139377594 0.6035122871398926 0.5227278470993042
7 0.297309547662735 0.20031282305717468 0.312100887298584 0.281656950712204 0.48316603899002075
11 0.28347280621528625 0.24806860089302063 0.5464474558830261 0.3261679708957672 0.6895990967750549
3 0.2666068971157074 0.5046735405921936 0.38159888982772827 0.5547648072242737 0.47102415561676025
9 0.2537080943584442 0.39070364832878113 0.5209482908248901 0.4442492425441742 0.6206283569335938
3 0.25200146436691284 0.4741329848766327 0.5008800625801086 0.5271749496459961 0.5923860669136047
3 0.24270886182785034 0.4866631031036377 0.1734100878238678 0.5343669652938843 0.2694852650165558
5 0.24238845705986023 0.6269785165786743 0.5209366083145142 0.7024705410003662 0.6539134979248047
11 0.23860418796539307 0.25502923130989075 0.07678390294313431 0.30827268958091736 0.17830586433410645
