9 0.9055467844009399 0.25550493597984314 0.23058676719665527 0.30641356110572815 0.33894819021224976
9 0.8804007768630981 0.2616155743598938 0.3919738829135895 0.31290555000305176 0.48740288615226746
6 0.8675099611282349 0.17256909608840942 0.12838074564933777 0.23357617855072021 0.2659958302974701
3 0.8154584169387817 0.5544132590293884 0.2788260579109192 0.6065264344215393 0.38523632287979126
10 0.7277057766914368 0.3299347460269928 0.09316884726285934 0.400256484746933 0.2539147138595581
0 0.7036521434783936 0.4758732318878174 0.16699469089508057 0.5438387393951416 0.3090604543685913
3 0.643686830997467 0.4095565676689148 0.1816495954990387 0.46236371994018555 0.2764674127101898
3 0.5097222924232483 0.42695438861846924 0.22787071764469147 0.48238009214401245 0.3342936038970947
5 0.5064890384674072 0.44633948802948 0.37657079100608826 0.5216387510299683 0.5183524489402771
2 0.4727725386619568 0.5010508894920349 0.3018595278263092 0.567893922328949 0.43867000937461853
3 0.4180375635623932 0.3858286738395691 0.17739373445510864 0.4352914094924927 0.2697850465774536
7 0.3620266914367676 0.15537483990192413 0.3359427750110626 0.2413605898618698 0.516132116317749
9 0.3207452893257141 0.39268532395362854 0.06065680831670761 0.4398546516895294 0.15607061982154846
0 0.27254489064216614 0.35659974813461304 0.40422675013542175 0.43284744024276733 0.5518275499343872
2 0.27090984582901 0.3909095823764801 0.27430427074432373 0.463779479265213 0.4016115665435791
5 0.2702944576740265 0.507579505443573 0.06370463967323303 0.5592009425163269 0.16722586750984192
0 0.26181760430336 0.5162742733955383 0.07400224357843399 0.584706723690033 0.20757338404655457
8 0.2378939837217331 0.2494170218706131 0.5614550709724426 0.33139604330062866 0.7156962752342224
2 0.2222459763288498 0.5696117281913757 0.3130519390106201 0.6566995978355408 0.4715719223022461
