3 0.7897070050239563 0.4992169737815857 0.14092162251472473 0.5479606986045837 0.23080453276634216
5 0.736553966999054 0.6645636558532715 0.5720018744468689 0.7461686134338379 0.7032673954963684
3 0.7285696268081665 0.41610854864120483 0.29004329442977905 0.4682477116584778 0.3924108147621155
2 0.7226230502128601 0.36699622869491577 0.3295682668685913 0.4394301176071167 0.47290587425231934
9 0.678596019744873 0.30177783966064453 0.222893625497818 0.3518979549407959 0.32564494013786316
3 0.5714946985244751 0.5286599397659302 0.1887172907590866 0.5781797170639038 0.2815632224082947
3 0.5330846309661865 0.4508025646209717 0.08208093047142029 0.5011284351348877 0.18457606434822083
9 0.45331308245658875 0.39259955286979675 0.2498643547296524 0.4431544840335846 0.3524259328842163
7 0.44875919818878174 0.23621685802936554 0.3132874667644501 0.3202899396419525 0.4784494936466217
6 0.39695850014686584 0.3604409992694855 0.39240989089012146 0.43048176169395447 0.5331579446792603
3 0.3834461271762848 0.5242582559585571 0.373346209526062 0.576149582862854 0.47192293405532837
10 0.35540056228637695 0.3255888819694519 0.2448117733001709 0.400221049785614 0.40288007259368896
9 0.3416750133037567 0.29839029908180237 0.06824671477079391 0.34862861037254333 0.17504876852035522
4 0.31089431047439575 0.44751212000846863 0.25672826170921326 0.521115779876709 0.4112284481525421
9 0.28596624732017517 0.2773893177509308 0.4456910490989685 0.3340437114238739 0.5530068278312683
11 0.26010963320732117 0.2616594433784485 0.5466793179512024 0.34074312448501587 0.6867324709892273
9 0.25160619616508484 0.35596734285354614 0.5061449408531189 0.4309280514717102 0.6410779356956482
8 0.25072234869003296 0.20845529437065125 0.4880564510822296 0.2918126881122589 0.6350599527359009
3 0.2272622436285019 0.4769364595413208 0.3919549584388733 0.529099702835083 0.48578059673309326
11 0.21433888375759125 0.26526182889938354 0.08731228858232498 0.31875544786453247 0.19010019302368164
