6 0.7978203296661377 0.1767597645521164 0.4037761688232422 0.25319838523864746 0.5514008402824402
3 0.6968245506286621 0.48312121629714966 0.1372530460357666 0.5314972996711731 0.22800582647323608
9 0.5998330116271973 0.26925817131996155 0.44472745060920715 0.32322022318840027 0.5485027432441711
9 0.5829418301582336 0.37356245517730713 0.12227976322174072 0.42248106002807617 0.21182191371917725
9 0.5744736194610596 0.2375999540090561 0.38011038303375244 0.28876858949661255 0.47972607612609863
8 0.5694265365600586 0.2119751125574112 0.48927533626556396 0.2970041036605835 0.6430517435073853
8 0.5374704599380493 0.30980050563812256 0.2405574768781662 0.3875061273574829 0.3791370987892151
2 0.4599100947380066 0.373675674200058 0.2958407998085022 0.44251689314842224 0.4390385150909424
3 0.4084731936454773 0.4957425594329834 0.38428378105163574 0.5461128950119019 0.4727972745895386
2 0.37343496084213257 0.5898242592811584 0.3456764817237854 0.6712753176689148 0.4967087507247925
7 0.3653695583343506 0.20010551810264587 0.30273714661598206 0.2801080644130707 0.4765843451023102
9 0.3585239052772522 0.3007153272628784 0.2612583637237549 0.3489893674850464 0.34286487102508545
0 0.33326759934425354 0.5424454808235168 0.5155243873596191 0.6240599751472473 0.656050443649292
9 0.3187108039855957 0.24821308255195618 0.2927424907684326 0.2986097037792206 0.3902822732925415
3 0.3001972734928131 0.42839112877845764 0.2421809434890747 0.4799581468105316 0.3467631936073303
3 0.2844824194908142 0.5504783391952515 0.4392057955265045 0.6021072864532471 0.5255086421966553
3 0.2787475883960724 0.49227142333984375 0.1679273545742035 0.5400077104568481 0.2642883360385895
11 0.2719440162181854 0.25256964564323425 0.0706041157245636 0.30594602227211 0.17247208952903748
3 0.2662447392940521 0.4702194333076477 0.5088736414909363 0.5233379602432251 0.6007818579673767
3 0.24255219101905823 0.44934797286987305 0.10323520004749298 0.4978548288345337 0.2000247687101364
