6 0.880806028842926 0.18391655385494232 0.12237905710935593 0.24378825724124908 0.2610694169998169
9 0.8745168447494507 0.2429034411907196 0.19352509081363678 0.29452386498451233 0.3023284673690796
9 0.8340741395950317 0.23814757168293 0.33495792746543884 0.29118794202804565 0.44305887818336487
3 0.8147900700569153 0.555305004119873 0.2807665467262268 0.6070383787155151 0.3876551389694214
5 0.7119956016540527 0.45152589678764343 0.41024112701416016 0.5219011306762695 0.5419822335243225
3 0.6769686937332153 0.37591734528541565 0.16410262882709503 0.4266919195652008 0.2590465247631073
0 0.6757190823554993 0.4618344306945801 0.16476045548915863 0.5296055674552917 0.306487500667572
3 0.6731863617897034 0.3935948312282562 0.16892944276332855 0.4462641179561615 0.2663208246231079
10 0.6454556584358215 0.3414686918258667 0.09798580408096313 0.41199707984924316 0.25341230630874634
2 0.5748635530471802 0.40503984689712524 0.26656851172447205 0.4802579879760742 0.3992636501789093
6 0.5588798522949219 0.32250887155532837 0.3263266682624817 0.38555818796157837 0.4687158465385437
7 0.5426796078681946 0.14100170135498047 0.29241418838500977 0.22827911376953125 0.49577224254608154
2 0.5168156027793884 0.5135191082954407 0.3083491325378418 0.5802461504936218 0.44195836782455444
0 0.39350470900535583 0.34819307923316956 0.3841593861579895 0.42410144209861755 0.5329982042312622
8 0.3042975664138794 0.237382709980011 0.5643534064292908 0.3182632327079773 0.7196136116981506
5 0.27740269899368286 0.5062368512153625 0.06571905314922333 0.5578349232673645 0.168947234749794
0 0.23739925026893616 0.5091648101806641 0.07520715892314911 0.5779714584350586 0.20881344377994537
