7 0.9671436548233032 0.14981769025325775 0.25443339347839355 0.22730858623981476 0.455257773399353
9 0.8961286544799805 0.2787676751613617 0.16310375928878784 0.3312608301639557 0.272580623626709
10 0.8598358035087585 0.37261494994163513 0.0715087279677391 0.43841496109962463 0.22044357657432556
3 0.8407008051872253 0.35780224204063416 0.15191368758678436 0.4102434813976288 0.25163254141807556
3 0.6823232769966125 0.523327648639679 0.3109586238861084 0.5757316946983337 0.41092944145202637
6 0.6384997963905334 0.3343920111656189 0.3344588875770569 0.40513449907302856 0.4783819913864136
9 0.5912430882453918 0.2480039745569229 0.30613434314727783 0.30106037855148315 0.4205799102783203
9 0.5030784606933594 0.3041432797908783 0.4207538068294525 0.3595220148563385 0.527907133102417
9 0.45676106214523315 0.3425092101097107 0.2849022150039673 0.3958526849746704 0.4069308042526245
0 0.4248287081718445 0.451997846364975 0.18869519233703613 0.5213906168937683 0.3304747939109802
5 0.3168920576572418 0.4718381464481354 0.07103096693754196 0.5416816473007202 0.20594000816345215
2 0.3018791079521179 0.20780999958515167 0.4424009919166565 0.28258320689201355 0.6003451943397522
0 0.2780861258506775 0.448188841342926 0.2674329876899719 0.5165124535560608 0.40841037034988403
8 0.2701270282268524 0.2119055539369583 0.5674713253974915 0.2914322018623352 0.7224062085151672
3 0.20884089171886444 0.4385928213596344 0.4061744213104248 0.49083831906318665 0.5066428780555725
