7 0.965686559677124 0.13606373965740204 0.24873238801956177 0.2138100415468216 0.4502655863761902
9 0.868751585483551 0.26384204626083374 0.1453675627708435 0.31614023447036743 0.25582730770111084
3 0.8583585619926453 0.3622044622898102 0.16847079992294312 0.414585679769516 0.2669408917427063
10 0.8480879068374634 0.3674565553665161 0.07114667445421219 0.4346102476119995 0.220883309841156
9 0.7378082871437073 0.24304333329200745 0.3044984042644501 0.29678013920783997 0.41911056637763977
3 0.7110084295272827 0.5245856046676636 0.3131757378578186 0.5765202045440674 0.4145171046257019
6 0.5409851670265198 0.3444313108921051 0.3396010994911194 0.4173336923122406 0.482107937335968
9 0.48547470569610596 0.3204653859138489 0.42171186208724976 0.3757314682006836 0.5266252756118774
0 0.4557807445526123 0.45690810680389404 0.20975381135940552 0.5271841883659363 0.3535436987876892
5 0.4084569811820984 0.4565448462963104 0.08836769312620163 0.5258913636207581 0.22071027755737305
2 0.34898772835731506 0.21336817741394043 0.4409429728984833 0.2876098155975342 0.5980935096740723
9 0.34616610407829285 0.34816721081733704 0.29808107018470764 0.4006129205226898 0.41412416100502014
8 0.32984334230422974 0.21779857575893402 0.5658137798309326 0.2973492443561554 0.7207510471343994
0 0.32458746433258057 0.4494183659553528 0.2918107807636261 0.5203832983970642 0.43381640315055847
