3 0.709850549697876 0.48481035232543945 0.13926340639591217 0.5332227945327759 0.23002128303050995
6 0.5756438374519348 0.1735549420118332 0.4132366180419922 0.2507026493549347 0.5571616291999817
9 0.5658072233200073 0.2629336714744568 0.44519445300102234 0.3190322518348694 0.5531678199768066
9 0.5562673807144165 0.37191206216812134 0.12082844972610474 0.4208683371543884 0.21030253171920776
2 0.5392782092094421 0.3669417202472687 0.3132161498069763 0.4372536838054657 0.455282986164093
8 0.5346148014068604 0.309418261051178 0.23878952860832214 0.3866159915924072 0.37700966000556946
8 0.5111039876937866 0.1871693879365921 0.4961365759372711 0.27260395884513855 0.6491172909736633
3 0.4621816575527191 0.504233181476593 0.3812844157218933 0.5544608235359192 0.4711114764213562
2 0.4154440760612488 0.2014576643705368 0.3056078255176544 0.28101515769958496 0.4754762351512909
2 0.39322420954704285 0.5972284078598022 0.33235153555870056 0.6782526969909668 0.484862357378006
9 0.36676090955734253 0.23944753408432007 0.3778344392776489 0.2909587621688843 0.475735068321228
9 0.30588972568511963 0.3069300949573517 0.25656306743621826 0.3551701009273529 0.33739960193634033
11 0.30326923727989197 0.24650686979293823 0.5476752519607544 0.3239648938179016 0.6892915964126587
3 0.3023906648159027 0.4912716746330261 0.17080332338809967 0.5391038060188293 0.26662716269493103
5 0.2884407937526703 0.6360224485397339 0.557281494140625 0.7122664451599121 0.6899523735046387
3 0.287388414144516 0.4306345283985138 0.24612197279930115 0.48194435238838196 0.3496396243572235
3 0.28346794843673706 0.44808459281921387 0.10045850276947021 0.49675220251083374 0.1974496841430664
0 0.23882287740707397 0.5129180550575256 0.5165613293647766 0.5935384631156921 0.658162534236908
11 0.23163214325904846 0.25620049238204956 0.07266582548618317 0.30949586629867554 0.174217090010643
3 0.21438926458358765 0.5471747517585754 0.43722182512283325 0.5978813767433167 0.5262860059738159
