3 0.7400712370872498 0.4917224943637848 0.1478152722120285 0.5404655933380127 0.23607118427753448
9 0.7142656445503235 0.30108895897865295 0.22571858763694763 0.3514312207698822 0.33020302653312683
3 0.7034532427787781 0.41537973284721375 0.29447799921035767 0.46786633133888245 0.39787739515304565
2 0.6822728514671326 0.35006433725357056 0.3393253684043884 0.42352551221847534 0.48236584663391113
5 0.6756892800331116 0.6673936247825623 0.5725829005241394 0.7493790984153748 0.7042866349220276
3 0.6178960800170898 0.518831193447113 0.2064775824546814 0.5690754055976868 0.297685444355011
6 0.5775336027145386 0.36424991488456726 0.4117763340473175 0.43798425793647766 0.5507053732872009
3 0.5579077005386353 0.44678130745887756 0.08646675944328308 0.4972700774669647 0.18880817294120789
7 0.49602755904197693 0.24549750983715057 0.31155917048454285 0.329900324344635 0.47846105694770813
9 0.463390588760376 0.39067342877388 0.2624002993106842 0.4411129057407379 0.3638927638530731
10 0.40751370787620544 0.32544082403182983 0.25498875975608826 0.40056878328323364 0.4135824143886566
4 0.37345847487449646 0.45088788866996765 0.27279967069625854 0.5250076055526733 0.42508894205093384
9 0.3184451460838318 0.3007471561431885 0.06591379642486572 0.3508872985839844 0.17263513803482056
3 0.2749767303466797 0.4779425859451294 0.39100775122642517 0.5304818153381348 0.4864009916782379
3 0.2248239815235138 0.5215038657188416 0.34850868582725525 0.5728022456169128 0.44748786091804504
11 0.21806761622428894 0.2676987946033478 0.08553342521190643 0.3212067782878876 0.18938995897769928
