3 0.758997917175293 0.49550825357437134 0.14866439998149872 0.5442624688148499 0.23719961941242218
3 0.7215742468833923 0.4167124629020691 0.29535531997680664 0.46924281120300293 0.3988332748413086
2 0.7126129865646362 0.35859984159469604 0.3361662030220032 0.4315478205680847 0.478998601436615
9 0.6941379308700562 0.30177614092826843 0.22052007913589478 0.35220077633857727 0.3258223533630371
5 0.6472113132476807 0.6632719039916992 0.5711137652397156 0.745558500289917 0.7032483220100403
3 0.6397330164909363 0.521932065486908 0.20759090781211853 0.5722230076789856 0.2988912761211395
3 0.5921923518180847 0.44683703780174255 0.08527550101280212 0.49748721718788147 0.1879812777042389
6 0.5594429969787598 0.3662428557872772 0.4034320116043091 0.43889495730400085 0.5421305894851685
7 0.4999328553676605 0.24300280213356018 0.31157204508781433 0.3270762860774994 0.47872015833854675
9 0.47559842467308044 0.3913711905479431 0.2616436779499054 0.44190365076065063 0.36321064829826355
10 0.4190172851085663 0.3253830671310425 0.25151321291923523 0.40006667375564575 0.4101617634296417
4 0.39602839946746826 0.45241257548332214 0.27431654930114746 0.5265148878097534 0.42684048414230347
9 0.32779088616371155 0.3003835380077362 0.06555144488811493 0.3505888283252716 0.17234928905963898
3 0.2573663890361786 0.47524958848953247 0.3918164372444153 0.5277824997901917 0.4870173931121826
3 0.22245675325393677 0.519629180431366 0.3485183119773865 0.5709608197212219 0.4475772976875305
8 0.2115408033132553 0.22216850519180298 0.4985899329185486 0.3049620985984802 0.6438094973564148
11 0.20944935083389282 0.26847919821739197 0.08709797263145447 0.3219274580478668 0.19065573811531067
9 0.20134110748767853 0.37829023599624634 0.535102128982544 0.4330376982688904 0.6417909860610962
