3 0.6069102883338928 0.4780789315700531 0.1449863761663437 0.5264240503311157 0.2350672036409378
6 0.5463213920593262 0.19440360367298126 0.41526901721954346 0.27630695700645447 0.563978910446167
8 0.5043838024139404 0.24181917309761047 0.5013405084609985 0.32662805914878845 0.650018572807312
2 0.39151591062545776 0.5892783999443054 0.3521854877471924 0.6697760224342346 0.5028419494628906
3 0.37262555956840515 0.49244457483291626 0.3928205668926239 0.5430217385292053 0.4822947680950165
9 0.3575606644153595 0.2492213249206543 0.24671883881092072 0.3016328811645508 0.3523291349411011
9 0.29947787523269653 0.2655313313007355 0.3351650834083557 0.3180292546749115 0.4425227642059326
9 0.2734711170196533 0.29431283473968506 0.19784733653068542 0.34261298179626465 0.29554489254951477
9 0.27330973744392395 0.2631189823150635 0.4014674425125122 0.31571078300476074 0.5035603642463684
5 0.2515820264816284 0.629487156867981 0.520696759223938 0.705238938331604 0.6534163951873779
10 0.24240899085998535 0.20548582077026367 0.22773917019367218 0.2831101417541504 0.3879029154777527
9 0.23204870522022247 0.3220369815826416 0.2007596641778946 0.3704771399497986 0.28503042459487915
3 0.23038938641548157 0.4754181504249573 0.4996432065963745 0.5284423232078552 0.5925326347351074
2 0.22488445043563843 0.18296954035758972 0.31714069843292236 0.2632017433643341 0.48746591806411743
4 0.21508309245109558 0.5885970592498779 0.26329290866851807 0.6592683792114258 0.4005740284919739
0 0.20334196090698242 0.5429726243019104 0.5109082460403442 0.6237255930900574 0.652271032333374
