0 0.8395359019264449 0.7298888162197514 0.07661996497373025 0.15696533682145195
0 0.8075744308231173 0.48790058862001306 0.08712784588441326 0.20536298234139957
0 0.5980735551663747 0.29332897318508827 0.06304728546409805 0.17331589274035317
0 0.677539404553415 0.22956180510137345 0.048598949211908805 0.10987573577501636
0 0.6992119089316987 0.40287769784172667 0.053415061295972066 0.10725964682799212
0 0.6234676007005254 0.5032701111837802 0.05516637478108585 0.10922171353826034
0 0.5223292469352014 0.06311314584695879 0.035026269702276736 0.0974493132766514
0 0.5168563922942206 0.302158273381295 0.04947460595446584 0.10333551340745589
0 0.44264448336252193 0.39339437540876393 0.06304728546409805 0.13799869195552647
1 0.5091943957968477 0.1353826030085023 0.052539404553415034 0.13472858077174624
1 0.4433012259194396 0.5990843688685416 0.058231173380035056 0.14519293655984297
1 0.26751313485113837 0.36756049705689997 0.0753064798598949 0.19620667102681494
1 0.36274080560420313 0.2916939175931982 0.05910683012259195 0.1818181818181818
1 0.3561733800350263 0.4885546108567691 0.06260945709281966 0.14519293655984306
1 0.2081873905429072 0.05461085676913015 0.05297723292469348 0.1092217135382603
1 0.28415061295971983 0.05559189012426423 0.04728546409807356 0.10071942446043168
1 0.2852451838879159 0.2158273381294964 0.05035026269702273 0.10464355788096794
1 0.4376094570928196 0.30019620667102676 0.045096322241681225 0.09810333551340743
1 0.44549036777583184 0.7361020274689339 0.05998248686514884 0.1105297580117724
1 0.2626970227670753 0.6137998691955526 0.05779334500875654 0.10922171353826034
1 0.25459719789842383 0.7429692609548725 0.0783712784588441 0.13865271419228264