0 0.7357705779334501 0.5994113799869195 0.08625218914185649 0.2060170045781556
0 0.8513572679509631 0.7455853499018966 0.07924693520140107 0.14911706998037935
0 0.45599824868651484 0.3862001308044473 0.07661996497373025 0.13799869195552647
0 0.6151488616462347 0.2923479398299542 0.06654991243432569 0.18443427076520597
0 0.6948336252189141 0.22432962720732505 0.05429071803852882 0.11772400261608897
0 0.5363397548161121 0.30019620667102676 0.049912434325744354 0.10987573577501633
0 0.638353765323993 0.5098103335513408 0.049912434325744284 0.11445389143230869
1 0.657399299474606 0.7210595160235448 0.07136602451838889 0.14453891432308688
1 0.5286777583187391 0.1291693917593198 0.06260945709281966 0.1432308698495749
1 0.28721541155866903 0.35807717462393723 0.07443082311733801 0.2034009156311315
1 0.23117338003502624 0.046762589928057555 0.059544658493870396 0.09352517985611511
1 0.37915936952714535 0.2805755395683453 0.056042031523642746 0.17789404839764555
1 0.45446584938704027 0.2949640287769784 0.056042031523642746 0.11903204708960108
1 0.3058231173380035 0.04970568999345978 0.05210157618213662 0.09941137998691955
1 0.3047285464098074 0.2024198822759974 0.05253940455341507 0.11183780248528451
1 0.276707530647986 0.6000654022236757 0.05779334500875654 0.11183780248528451