1 0.23752189141856392 0.7890778286461739 0.08887915936952712 0.1602354480052321
1 0.438922942206655 0.4290385873119686 0.06611208406304724 0.158273381294964
1 0.34741681260945706 0.14813603662524527 0.06173380035026263 0.18378024852844999
1 0.165061295971979 0.3015042511445389 0.07968476357267952 0.22236756049705694
1 0.19439579684763572 0.08927403531720078 0.06129597197898425 0.13145846958796598
1 0.27408056042031526 0.17200784826684107 0.053415061295972 0.10987573577501636
1 0.25503502626970226 0.33780248528449963 0.05735551663747809 0.10922171353826034
1 0.2591943957968476 0.4359058207979071 0.06129597197898425 0.11183780248528444
1 0.3542031523642732 0.5562459123610203 0.06479859894921197 0.12230215827338121
0 0.7675131348511383 0.2969260954872465 0.08844133099824866 0.2145192936559843
0 0.5722416812609457 0.08763897972531066 0.05341506129597193 0.12688031393067364
0 0.351138353765324 0.343034663178548 0.062171628721541146 0.13669064748201443
0 0.3471978984238179 0.4365598430346632 0.06830122591943955 0.1497710922171354
0 0.2449649737302977 0.6406147809025508 0.0661120840630473 0.16154349247874433
0 0.5085376532399299 0.23675604970568997 0.05998248686514884 0.15565729234793985
0 0.4159369527145359 0.1805101373446697 0.05166374781085814 0.10856769130150425
0 0.6843257443082311 0.34172661870503596 0.051663747810858 0.10529758011772404
0 0.6077057793345009 0.5385873119686069 0.05691768826619965 0.12230215827338128
0 0.5444395796847636 0.6671026814911707 0.058231173380035056 0.11772400261608897