1 0.545399010181427 0.11094757914543152 -0.6574313640594482 0.4352312386035919 2.4424643516540527
1 0.5303388237953186 0.3489510416984558 -0.11715036630630493 0.5159832835197449 1.8701844215393066
0 0.4990224242210388 -4.195106029510498 0.9283653497695923 4.843449115753174 0.9883471727371216
0 0.49900364875793457 -6.376696586608887 0.9173587560653687 6.724947929382324 1.005961298942566
0 0.4989652633666992 -1.3441152572631836 0.7435721158981323 2.1545865535736084 1.1625490188598633
0 0.4989639222621918 -2.5183286666870117 0.8343651294708252 2.7422618865966797 1.0657484531402588
0 0.4988977313041687 0.13753700256347656 -5.512295722961426 0.15528824925422668 7.263607025146484
0 0.49889710545539856 0.36899131536483765 -7.751164436340332 0.3887840509414673 9.489130973815918
0 0.49880093336105347 0.2078240066766739 -6.9523820877075195 0.24169914424419403 8.690268516540527
0 0.4987625479698181 0.28866341710090637 -7.902535915374756 0.3166584074497223 9.629450798034668
0 0.49873125553131104 0.44565388560295105 -3.683311939239502 0.4615333378314972 5.425206661224365
0 0.4984391927719116 -5.113974571228027 0.2515037953853607 7.013476371765137 0.25517144799232483
0 0.4983886778354645 -8.4964017868042 0.56130450963974 10.404288291931152 0.5655873417854309
0 0.4983339011669159 -7.987016201019287 0.40405309200286865 9.88460922241211 0.4085509777069092
0 0.49821507930755615 -6.547945499420166 0.3274042010307312 8.444236755371094 0.3326013684272766
0 0.49814099073410034 -5.0945563316345215 0.17417603731155396 7.003276348114014 0.17767277359962463
0 0.49800729751586914 -6.518024921417236 0.6370581984519958 8.412101745605469 0.6399179100990295
0 0.49789321422576904 -9.07939338684082 0.4811241924762726 10.98188591003418 0.4864039123058319
