1 0.7225318551063538 0.5081219673156738 0.37179645895957947 0.5539907217025757 0.4891451895236969
1 0.5528103113174438 0.23395732045173645 -0.6992380023002625 0.4837363660335541 2.4702656269073486
1 0.5433114767074585 0.022370994091033936 -0.5558263659477234 0.34114497900009155 2.319700241088867
1 0.5303605198860168 0.34705841541290283 -0.1339969038963318 0.5193196535110474 1.8865768909454346
0 0.49905556440353394 -4.593491554260254 0.92670077085495 5.243553161621094 0.9897777438163757
0 0.4989777207374573 -1.5919554233551025 0.7407761812210083 2.4030635356903076 1.1632555723190308
0 0.49897128343582153 0.3695012331008911 -8.064238548278809 0.389180064201355 9.801671028137207
0 0.4987962543964386 0.13698410987854004 -4.902004718780518 0.15513044595718384 6.653710842132568
0 0.4987780451774597 0.28923168778419495 -7.944039344787598 0.3167355954647064 9.671353340148926
0 0.4987693130970001 0.44663357734680176 -3.838944435119629 0.46254706382751465 5.580423355102539
0 0.49871981143951416 0.20829316973686218 -6.7755045890808105 0.2417030930519104 8.513829231262207
0 0.4984971880912781 -8.351941108703613 0.5629259943962097 10.260149955749512 0.567017138004303
0 0.4984661340713501 -5.465089797973633 0.25204014778137207 7.365411758422852 0.2560341954231262
0 0.49830761551856995 -5.57729434967041 0.17479407787322998 7.484707832336426 0.17818903923034668
0 0.4982737898826599 -7.569034576416016 0.40522313117980957 9.465093612670898 0.4101925492286682
0 0.4982319176197052 -6.5388689041137695 0.32826974987983704 8.435269355773926 0.33361223340034485
0 0.49819421768188477 -6.69539737701416 0.6385447382926941 8.589409828186035 0.641304075717926
0 0.4979221224784851 -8.675521850585938 0.48209047317504883 10.5770263671875 0.48763805627822876
