1 0.6314080953598022 0.4184291958808899 0.49654898047447205 0.46790289878845215 0.614145815372467
1 0.5521846413612366 0.23611855506896973 -0.5951041579246521 0.48058193922042847 2.3663318157196045
1 0.5464553236961365 0.02858315408229828 -0.49229300022125244 0.3357468843460083 2.2543840408325195
1 0.5373254418373108 0.3462153375148773 -0.0993385910987854 0.5202436447143555 1.8559982776641846
0 0.49897122383117676 -4.232850551605225 0.924321174621582 4.8807902336120605 0.9923609495162964
0 0.4989253878593445 -1.4870339632034302 0.741114616394043 2.2945003509521484 1.1644607782363892
0 0.49891555309295654 -2.3972654342651367 0.8295838236808777 2.6202807426452637 1.0711675882339478
0 0.49883633852005005 0.13747498393058777 -5.075671672821045 0.1551380455493927 6.8283257484436035
0 0.49883338809013367 0.36867156624794006 -7.371854782104492 0.3883642852306366 9.110815048217773
0 0.4987002909183502 0.20849572122097015 -6.605647563934326 0.2403704971075058 8.344451904296875
0 0.4986828565597534 0.28920572996139526 -7.412128925323486 0.3154522776603699 9.140599250793457
0 0.4986500144004822 0.44578319787979126 -3.8876419067382812 0.4623151421546936 5.630612373352051
0 0.4985000491142273 -8.138965606689453 0.5625972151756287 10.048324584960938 0.5671016573905945
0 0.49840086698532104 -5.370166301727295 0.25111427903175354 7.271745204925537 0.2550868093967438
0 0.4982621669769287 -7.992442607879639 0.40516188740730286 9.888201713562012 0.4099155366420746
0 0.4982125759124756 -6.750818252563477 0.3278748095035553 8.647870063781738 0.3331994116306305
0 0.4981772303581238 -5.7083048820495605 0.17405225336551666 7.616939067840576 0.17759819328784943
0 0.4980272948741913 -6.263648986816406 0.6380591988563538 8.15718936920166 0.6412925124168396
0 0.4980087876319885 -9.206331253051758 0.4822552800178528 11.109031677246094 0.4877745509147644
