0 0.6684067845344543 0.5063849687576294 0.3933636546134949 0.5549960136413574 0.5083640217781067
1 0.5511687397956848 0.022123068571090698 -0.5668259859085083 0.3437160849571228 2.3311195373535156
1 0.5432446002960205 0.2360880970954895 -0.7786756753921509 0.48242896795272827 2.547858715057373
1 0.5051767230033875 0.35184168815612793 -0.23464691638946533 0.5185364484786987 1.9761992692947388
0 0.49904584884643555 -1.627312183380127 0.7583020329475403 2.437121868133545 1.1481285095214844
0 0.4990454316139221 -4.421997547149658 0.92658531665802 5.0712151527404785 0.9892150163650513
0 0.4989781379699707 0.37065091729164124 -8.151267051696777 0.38871505856513977 9.889067649841309
0 0.4988417327404022 0.13786810636520386 -5.230652809143066 0.15552213788032532 6.982812881469727
0 0.4987950921058655 0.4479603171348572 -3.7973837852478027 0.46229296922683716 5.536098003387451
0 0.4987834095954895 0.28902462124824524 -8.714962005615234 0.31596794724464417 10.442115783691406
0 0.4987404942512512 0.20834888517856598 -7.304405212402344 0.2412489801645279 9.042482376098633
0 0.4984840750694275 -4.829297065734863 0.2507065534591675 6.731932640075684 0.25441086292266846
0 0.4984027147293091 -7.75717830657959 0.5608727931976318 9.661969184875488 0.5646196603775024
0 0.4984012842178345 -7.27353572845459 0.4039132297039032 9.168688774108887 0.40808603167533875
0 0.4982241988182068 -6.177063941955566 0.3265507221221924 8.073089599609375 0.33130037784576416
0 0.49817347526550293 -4.861913204193115 0.17363028228282928 6.771774768829346 0.17733155190944672
0 0.4980606436729431 -8.748781204223633 0.48044461011886597 10.647235870361328 0.48500531911849976
0 0.4979649782180786 -6.207677364349365 0.6380675435066223 8.101009368896484 0.6407853960990906
