1 0.9929493069648743 0.2636219561100006 0.17709343135356903 0.3022659122943878 0.2680397927761078
1 0.9861238598823547 0.2523748278617859 0.35933631658554077 0.29823726415634155 0.4524618983268738
1 0.9846832156181335 0.18942375481128693 -0.0033992044627666473 0.23647989332675934 0.10341536998748779
0 0.9829524755477905 0.646736204624176 0.10181218385696411 0.6852595210075378 0.19175410270690918
1 0.9824999570846558 0.26747003197669983 0.010191988199949265 0.3079582154750824 0.10702571272850037
1 0.9823020696640015 0.24015602469444275 0.4591424763202667 0.28768453001976013 0.5574480891227722
1 0.9804581999778748 0.17064644396305084 0.1351880431175232 0.21984128654003143 0.2645026445388794
1 0.9785146117210388 0.15887226164340973 0.195456862449646 0.22357095777988434 0.36172693967819214
1 0.9753395318984985 0.14361219108104706 0.27102863788604736 0.2119479924440384 0.46248936653137207
0 0.9716929793357849 0.7332595586776733 0.15135815739631653 0.7792420387268066 0.2708877623081207
0 0.9708361625671387 0.6576749682426453 0.18140560388565063 0.6968316435813904 0.2743379771709442
0 0.9706445336341858 0.7925701141357422 0.5478433966636658 0.8643442392349243 0.6724970936775208
1 0.9706129431724548 0.26362666487693787 0.09294749796390533 0.30730292201042175 0.18282990157604218
0 0.9699700474739075 0.7788095474243164 0.43219268321990967 0.8500421047210693 0.5618410110473633
0 0.9671980142593384 0.6423165798187256 0.018489409238100052 0.6834942102432251 0.1106865257024765
0 0.9654510021209717 0.7587623596191406 0.2820151150226593 0.8335297107696533 0.4539901316165924
0 0.9648559093475342 0.8051063418388367 0.6640570759773254 0.877449095249176 0.7966615557670593
0 0.9641331434249878 0.6768351197242737 0.35403624176979065 0.7218419909477234 0.44432011246681213
0 0.9636876583099365 0.7181729078292847 0.08446726202964783 0.7681829929351807 0.19126737117767334
0 0.9588952660560608 0.7188989520072937 0.014166183769702911 0.7663268446922302 0.11922850459814072
