0 0.9612641334533691 0.49917444586753845 0.4096401631832123 0.5644936561584473 0.6134430170059204
1 0.9394370913505554 0.31415683031082153 0.217489093542099 0.3755146861076355 0.40528401732444763
1 0.9390946626663208 0.24142323434352875 0.3624258041381836 0.3010323941707611 0.5072216391563416
1 0.9231033325195312 0.4067777097225189 0.28110626339912415 0.45252636075019836 0.3889971077442169
1 0.9205883741378784 0.22600297629833221 0.6059609651565552 0.28347083926200867 0.7265297174453735
0 0.8769525289535522 0.48835110664367676 0.28963106870651245 0.5310211181640625 0.3903998136520386
0 0.8433241248130798 0.481062114238739 0.1237393245100975 0.5292473435401917 0.24498918652534485
0 0.6076080203056335 0.5566205978393555 0.23848189413547516 0.6282120943069458 0.4006516933441162
1 0.5551047325134277 0.4099843502044678 0.18392816185951233 0.4486082196235657 0.32734450697898865
0 0.5013024806976318 0.49004602432250977 0.2036585658788681 0.5337926149368286 0.31534409523010254
0 0.4990219473838806 -2.3036556243896484 0.811377763748169 2.530330181121826 1.0899940729141235
0 0.4990096092224121 -3.7232108116149902 0.8977303504943848 4.382022380828857 1.0190178155899048
0 0.498911589384079 0.13678696751594543 -4.527886390686035 0.1558748483657837 6.273406028747559
0 0.4988253712654114 0.37076663970947266 -14.3611478805542 0.3863299489021301 16.08697509765625
0 0.4987297058105469 0.2915649712085724 -18.049692153930664 0.3120003640651703 19.769384384155273
0 0.49871325492858887 -7.202498912811279 0.41387462615966797 9.106614112854004 0.4179840087890625
0 0.4987041652202606 0.2093278467655182 -13.973652839660645 0.23669502139091492 15.703522682189941
0 0.4986310601234436 -1.3497422933578491 0.6446205377578735 2.1633734703063965 1.26030695438385
0 0.49862760305404663 -6.297593593597412 0.5705000162124634 8.200484275817871 0.573994517326355
0 0.49854665994644165 -7.05988073348999 0.49238964915275574 8.965497016906738 0.49667999148368835
