1 0.5498732328414917 0.11606110632419586 -0.8268348574638367 0.4335300326347351 2.605131149291992
1 0.5362641215324402 0.024815291166305542 -0.6155065298080444 0.34355998039245605 2.376884937286377
0 0.5053035020828247 0.3540439009666443 -0.15557199716567993 0.5120795369148254 1.9023141860961914
0 0.4990342855453491 -4.23110294342041 0.9205476641654968 4.881229400634766 0.9960401654243469
0 0.49900561571121216 -2.744658946990967 0.8544683456420898 2.9671578407287598 1.0453165769577026
0 0.49899399280548096 0.37124377489089966 -8.190024375915527 0.38866323232650757 9.926316261291504
0 0.4989641606807709 0.13747519254684448 -5.2828192710876465 0.15473279356956482 7.030523777008057
0 0.49884456396102905 -8.378117561340332 0.5612680912017822 10.279847145080566 0.5649399757385254
0 0.4988418221473694 0.2084788829088211 -7.1444091796875 0.2420452982187271 8.880382537841797
0 0.49882155656814575 0.2901918888092041 -8.777487754821777 0.3158743977546692 10.503788948059082
0 0.4986996352672577 -1.3983705043792725 0.6809971332550049 2.2079203128814697 1.2221051454544067
0 0.4985533356666565 -7.414574146270752 0.47999972105026245 9.308372497558594 0.4835661053657532
0 0.49834010004997253 0.44782212376594543 -3.3714489936828613 0.4625292718410492 5.110257625579834
0 0.49832507967948914 -6.641757011413574 0.6383609175682068 8.535255432128906 0.6412680745124817
0 0.49815961718559265 -6.024971008300781 0.40066227316856384 7.91534423828125 0.40410497784614563
0 0.49808937311172485 -3.7510414123535156 0.2493080347776413 5.652716636657715 0.25247839093208313
0 0.4976862668991089 -4.570281028747559 0.1727040857076645 6.48399543762207 0.17621339857578278
0 0.49713820219039917 -5.467663764953613 0.3225705623626709 7.359439849853516 0.32714909315109253
0 0.4969683885574341 0.42284539341926575 0.7218425273895264 0.4897160232067108 0.8764621019363403
