1 0.7634552121162415 0.3150525987148285 0.2196914255619049 0.3778546154499054 0.41103801131248474
1 0.7232532501220703 0.22380821406841278 0.6073615550994873 0.2800445556640625 0.7251994609832764
0 0.49910515546798706 -3.9012837409973145 0.9002460837364197 4.560120105743408 1.0167689323425293
0 0.49900585412979126 -2.3319149017333984 0.8108930587768555 2.558055877685547 1.0904321670532227
0 0.4989708662033081 0.37097904086112976 -15.05473804473877 0.3867298662662506 16.780214309692383
0 0.49890804290771484 0.13656997680664062 -4.59335994720459 0.1563584804534912 6.338045120239258
0 0.49884000420570374 0.2908099293708801 -19.451099395751953 0.31291496753692627 21.169593811035156
0 0.4988192617893219 -1.50218665599823 0.6473581790924072 2.3163981437683105 1.2571661472320557
0 0.49873870611190796 0.20856110751628876 -14.063746452331543 0.23796643316745758 15.792881965637207
0 0.49858030676841736 -7.077699184417725 0.17744523286819458 8.994327545166016 0.18061667680740356
0 0.49846407771110535 -5.289392471313477 0.2532126307487488 7.197781562805176 0.2571868896484375
0 0.49842172861099243 0.4457710385322571 -7.320315361022949 0.4596397280693054 9.055481910705566
0 0.49837762117385864 -5.66111946105957 0.3321583569049835 7.563370704650879 0.33713915944099426
0 0.49835243821144104 -5.898282051086426 0.4141208529472351 7.795659065246582 0.418657124042511
0 0.4983200430870056 -4.754620552062988 0.5715723633766174 6.666751861572266 0.5752895474433899
0 0.4977666139602661 -5.185177326202393 0.4938206374645233 7.0930495262146 0.49899664521217346
0 0.4964781403541565 -3.6911470890045166 0.6437228322029114 5.586474418640137 0.6470981240272522
