1 0.5496351718902588 0.11789724230766296 -0.5776143074035645 0.4285718500614166 2.3624393939971924
1 0.5380848050117493 0.3496575951576233 -0.08518379926681519 0.5153983235359192 1.8380045890808105
0 0.4989940822124481 -4.365691184997559 0.924015462398529 5.013091087341309 0.9924914240837097
0 0.49892327189445496 -2.413325786590576 0.8342694044113159 2.636362075805664 1.0656113624572754
0 0.49887746572494507 -1.5008127689361572 0.7396313548088074 2.3091068267822266 1.1655023097991943
0 0.49885988235473633 0.3692866861820221 -8.060327529907227 0.38819894194602966 9.798603057861328
0 0.4988511800765991 0.13724613189697266 -5.578063488006592 0.15515077114105225 7.331007480621338
0 0.49872887134552 0.20749720931053162 -6.954485893249512 0.24162843823432922 8.692636489868164
0 0.49867090582847595 0.28898462653160095 -7.806295394897461 0.31583061814308167 9.534488677978516
0 0.49860715866088867 0.4452458918094635 -3.5853383541107178 0.46186718344688416 5.32675838470459
0 0.49852240085601807 -8.518322944641113 0.5622553825378418 10.427824974060059 0.566291332244873
0 0.49847084283828735 -5.640472412109375 0.2514224648475647 7.542152404785156 0.25488966703414917
0 0.49839216470718384 -8.577136993408203 0.40549230575561523 10.475854873657227 0.409757137298584
0 0.4982743263244629 -5.685308933258057 0.17429794371128082 7.595128536224365 0.17750586569309235
0 0.49824225902557373 -7.008134841918945 0.3283390998840332 8.906523704528809 0.33317649364471436
0 0.49808573722839355 -9.870342254638672 0.48237186670303345 11.77402114868164 0.4873526692390442
0 0.49808457493782043 -6.569353103637695 0.6381180286407471 8.46473217010498 0.640982985496521
