1 0.55577552318573 0.23379412293434143 -0.7377113103866577 0.48404595255851746 2.511038303375244
1 0.5458119511604309 0.34694957733154297 -0.1848536729812622 0.5210684537887573 1.9386457204818726
1 0.5454833507537842 0.02665470540523529 -0.5262539386749268 0.33671891689300537 2.291126251220703
0 0.49903404712677 -1.5511445999145508 0.7759746313095093 2.3597304821014404 1.128684639930725
0 0.49901697039604187 -4.548296928405762 0.9285265207290649 5.197078704833984 0.9880703687667847
0 0.498950719833374 -5.971715927124023 0.9138896465301514 6.320089340209961 1.010481357574463
0 0.49893486499786377 0.369650661945343 -8.272546768188477 0.3883169889450073 10.010906219482422
0 0.4988486170768738 0.13817790150642395 -5.037380218505859 0.15486469864845276 6.789661407470703
0 0.49883705377578735 0.44674012064933777 -4.027383804321289 0.46227237582206726 5.768348693847656
0 0.49873214960098267 0.2893819510936737 -7.732161045074463 0.3156667649745941 9.460570335388184
0 0.49870747327804565 0.20847678184509277 -6.445433616638184 0.24053114652633667 8.184266090393066
0 0.4985346794128418 -8.183074951171875 0.5628141164779663 10.090597152709961 0.5668835639953613
0 0.4983738362789154 -4.280862808227539 0.2490430623292923 6.1828765869140625 0.25278565287590027
0 0.4983159899711609 -7.9995317459106445 0.40475431084632874 9.896525382995605 0.40932485461235046
0 0.4981071949005127 -6.14346981048584 0.32693737745285034 8.039405822753906 0.3323497772216797
0 0.49810633063316345 -9.26033878326416 0.48235610127449036 11.162066459655762 0.4874434769153595
0 0.4980167746543884 -6.169386863708496 0.6384943723678589 8.063541412353516 0.6414492130279541
0 0.497749924659729 -3.8752193450927734 0.1704939305782318 5.782867431640625 0.1737859547138214
