0 0.7536555528640747 0.4187653064727783 0.27133655548095703 0.4637001156806946 0.39198386669158936
1 0.5493690967559814 0.10655216872692108 -0.7746943235397339 0.43989431858062744 2.5575075149536133
0 0.5054290890693665 0.3520267605781555 -0.3220773935317993 0.5176482200622559 2.063904285430908
0 0.4991242289543152 -4.114538192749023 0.9261950850486755 4.764777183532715 0.9896987080574036
0 0.49904918670654297 0.371322363615036 -9.05270767211914 0.38873401284217834 10.790679931640625
0 0.49900346994400024 -1.445921540260315 0.7381242513656616 2.257014274597168 1.1670737266540527
0 0.4989844858646393 -2.6139824390411377 0.8483109474182129 2.835535764694214 1.0519260168075562
0 0.4988904595375061 0.13716992735862732 -5.190316677093506 0.15581375360488892 6.940855503082275
0 0.49885720014572144 0.2891829311847687 -9.145242691040039 0.3164918124675751 10.872045516967773
0 0.4988456070423126 0.2077426016330719 -6.855745792388916 0.2426181435585022 8.592170715332031
0 0.49876537919044495 0.4485807716846466 -3.759345769882202 0.4619392454624176 5.499950885772705
0 0.4984687566757202 -7.561460018157959 0.5619584321975708 9.465203285217285 0.5655992031097412
0 0.49846434593200684 -5.017205238342285 0.25038447976112366 6.922895431518555 0.25369158387184143
0 0.49844998121261597 -6.953057289123535 0.4056435823440552 8.849027633666992 0.40940696001052856
0 0.49820899963378906 -7.747440814971924 0.4823252558708191 9.645593643188477 0.4866134524345398
0 0.4981835186481476 -6.57722282409668 0.3268164098262787 8.47571086883545 0.33104047179222107
0 0.4981715679168701 -5.305998802185059 0.17374266684055328 7.216526031494141 0.17723985016345978
0 0.49813807010650635 -6.42745304107666 0.64024817943573 8.320151329040527 0.6428958177566528
