1 0.984103262424469 0.1255245953798294 0.1956004798412323 0.20448438823223114 0.4137078821659088
1 0.9790974855422974 0.40963199734687805 0.35790202021598816 0.47672751545906067 0.5050420761108398
1 0.9537199139595032 0.23217113316059113 0.27915623784065247 0.2853565216064453 0.3915306031703949
1 0.9502753615379333 0.4042140245437622 0.26203808188438416 0.46924644708633423 0.4027949869632721
1 0.9447625279426575 0.31337442994117737 0.062082789838314056 0.37831994891166687 0.23303231596946716
1 0.9286116361618042 0.2497129589319229 0.1108798086643219 0.3015076518058777 0.21935537457466125
1 0.8964717388153076 0.3294129967689514 0.5013371109962463 0.3834867477416992 0.6227193474769592
0 0.8680562973022461 0.563991367816925 0.28910115361213684 0.6161826252937317 0.39771273732185364
0 0.855016827583313 0.7279093265533447 0.19553476572036743 0.8145252466201782 0.4060083031654358
0 0.8490703701972961 0.4021424353122711 0.48007363080978394 0.45222964882850647 0.5797620415687561
1 0.845469057559967 0.4182360768318176 0.5699515342712402 0.49142640829086304 0.725672721862793
0 0.818253755569458 0.2418888658285141 0.007071666419506073 0.30038753151893616 0.13506749272346497
0 0.7984962463378906 0.5141713619232178 0.6030685305595398 0.5710431337356567 0.7236846089363098
0 0.6948574185371399 0.4813649356365204 0.1625460684299469 0.5381519198417664 0.31258100271224976
0 0.6834428310394287 0.656983494758606 0.2812621295452118 0.7041672468185425 0.3948030173778534
0 0.6693545579910278 0.20500703155994415 0.5661669373512268 0.28052428364753723 0.7187488675117493
0 0.6503459811210632 0.33623507618904114 0.2884657382965088 0.38224127888679504 0.3895604610443115
0 0.6489325761795044 0.33286744356155396 0.21697424352169037 0.36796045303344727 0.3049122095108032
0 0.6294576525688171 0.408404141664505 0.19914528727531433 0.44874241948127747 0.3012791574001312
0 0.6110463738441467 0.4862024784088135 0.37626078724861145 0.5345278978347778 0.4664141833782196
