1 0.9728360176086426 0.12952286005020142 0.20337975025177002 0.20138174295425415 0.4047977328300476
1 0.9707788228988647 0.41296830773353577 0.36323392391204834 0.4732799828052521 0.5141069889068604
0 0.9495267271995544 0.32125550508499146 0.37957027554512024 0.37348777055740356 0.5015758275985718
1 0.9429290890693665 0.24717888236045837 0.1071930006146431 0.29908183217048645 0.2210809588432312
0 0.9370352625846863 0.5672014951705933 0.28378134965896606 0.6136837005615234 0.3998735547065735
1 0.9166421890258789 0.22850874066352844 0.26735812425613403 0.28445306420326233 0.3937361240386963
1 0.9039066433906555 0.4061904549598694 0.27025723457336426 0.46593964099884033 0.4115995168685913
1 0.873121976852417 0.3290468752384186 0.5055866241455078 0.38334158062934875 0.6151492595672607
0 0.8558205366134644 0.7328182458877563 0.21366776525974274 0.8168851137161255 0.41479605436325073
0 0.792915940284729 0.509515106678009 0.608497679233551 0.57382732629776 0.7346717715263367
0 0.7896339297294617 0.2428002953529358 0.005016729235649109 0.30020672082901 0.1359155774116516
1 0.6114023327827454 0.3196607828140259 0.06434692442417145 0.37903261184692383 0.2256799191236496
0 0.49914851784706116 -3.467777729034424 0.8971602916717529 4.13503360748291 1.0188413858413696
0 0.4990409016609192 -2.7010817527770996 0.8339909911155701 2.9243626594543457 1.0656698942184448
0 0.49896377325057983 0.36995264887809753 -12.487716674804688 0.38636359572410583 14.214696884155273
0 0.4989570379257202 -6.627720832824707 0.9147343635559082 6.976936340332031 1.0071908235549927
0 0.49893319606781006 0.13438811898231506 -4.816546440124512 0.15814143419265747 6.559867858886719
0 0.4987989664077759 -1.6962485313415527 0.6408929824829102 2.5167722702026367 1.2656954526901245
0 0.4987967610359192 0.2909345030784607 -17.995458602905273 0.31239861249923706 19.713197708129883
0 0.49868327379226685 -6.6288065910339355 0.5687913298606873 8.53248405456543 0.5726439356803894
