1 0.9939945340156555 0.26404768228530884 0.008198834955692291 0.31214165687561035 0.10661061108112335
1 0.982850968837738 0.25207531452178955 0.3593041002750397 0.3004276752471924 0.45654723048210144
1 0.9808664321899414 0.13751104474067688 0.5268135666847229 0.19953426718711853 0.6699162125587463
1 0.9807974696159363 0.23874612152576447 0.4600016176700592 0.287522554397583 0.5589701533317566
0 0.9766255617141724 0.6457099318504333 0.10072121769189835 0.6849597096443176 0.19042572379112244
1 0.9764949083328247 0.15464572608470917 0.19331267476081848 0.22259078919887543 0.365077942609787
1 0.9761714339256287 0.1385311335325241 0.2671339809894562 0.21132422983646393 0.46605709195137024
0 0.9756128787994385 0.6548065543174744 0.18241393566131592 0.6950063109397888 0.27357053756713867
1 0.9750678539276123 0.260343074798584 0.17350849509239197 0.3049773573875427 0.27339014410972595
0 0.9747798442840576 0.4950883686542511 0.25159814953804016 0.537682056427002 0.35281237959861755
1 0.974298357963562 0.1329134702682495 0.422678142786026 0.18688932061195374 0.5573480129241943
0 0.9724815487861633 0.7507877945899963 0.2741622030735016 0.8289023041725159 0.45981183648109436
0 0.971606433391571 0.673058032989502 0.3491937518119812 0.7226440906524658 0.44964462518692017
1 0.9649142026901245 0.22258073091506958 0.6730353236198425 0.28544068336486816 0.8063696026802063
0 0.9637928009033203 0.6813850402832031 0.45397868752479553 0.7320853471755981 0.5545840859413147
1 0.9608694911003113 0.18341802060604095 -0.002115771174430847 0.23697958886623383 0.10705820471048355
1 0.9602881669998169 0.4137634336948395 0.252034455537796 0.45898720622062683 0.35209593176841736
0 0.9468238949775696 0.6119524836540222 0.686658501625061 0.6619923710823059 0.7934705018997192
0 0.9408200979232788 0.4156365394592285 0.3208981156349182 0.4727711081504822 0.45917731523513794
1 0.9368516802787781 0.42171403765678406 0.675277829170227 0.47309377789497375 0.7850862741470337
