0 0.6112378239631653 0.5043917298316956 0.29181626439094543 0.5471933484077454 0.4059952199459076
1 0.5613598823547363 0.022716984152793884 -0.5788848996162415 0.3409612774848938 2.3440134525299072
1 0.5377950668334961 0.23453575372695923 -0.7937432527542114 0.4832833409309387 2.562096118927002
1 0.5177967548370361 0.35147523880004883 -0.21822303533554077 0.5185423493385315 1.9625399112701416
0 0.49907463788986206 -4.27776575088501 0.9259566068649292 4.9284539222717285 0.9899438619613647
0 0.49899566173553467 0.3703816533088684 -8.722899436950684 0.38952159881591797 10.45940113067627
0 0.49896347522735596 -1.528216004371643 0.7382827997207642 2.3390371799468994 1.1666756868362427
0 0.4989417791366577 -2.535376787185669 0.8311951756477356 2.758411169052124 1.069364309310913
0 0.49894076585769653 -6.342306613922119 0.9139326214790344 6.692947864532471 1.008941411972046
0 0.49885284900665283 0.13744868338108063 -5.332154750823975 0.1554650515317917 7.084285259246826
0 0.4987483024597168 0.44798600673675537 -4.169188022613525 0.4626414179801941 5.908240795135498
0 0.498748242855072 0.2888236343860626 -8.694355964660645 0.31732794642448425 10.421586036682129
0 0.49874061346054077 0.2080589383840561 -7.368314266204834 0.24231626093387604 9.10702133178711
0 0.4985233247280121 -4.951210975646973 0.2501983344554901 6.8560590744018555 0.25366154313087463
0 0.4984240233898163 -7.071561813354492 0.40546804666519165 8.967554092407227 0.40960538387298584
0 0.4983776807785034 -7.573419570922852 0.5621906518936157 9.479072570800781 0.5663055181503296
0 0.49832701683044434 -5.477983474731445 0.17334195971488953 7.389422416687012 0.17684820294380188
0 0.4982070326805115 -6.411855697631836 0.32712221145629883 8.30905818939209 0.3316269516944885
0 0.49806833267211914 -8.060870170593262 0.4818495512008667 9.9597806930542 0.4866289496421814
0 0.4980160593986511 -6.247181415557861 0.6390685439109802 8.141654968261719 0.642045795917511
