1 0.984587550163269 0.23653796315193176 0.27024251222610474 0.2924251854419708 0.38910990953445435
1 0.9787129163742065 0.24910536408424377 0.10920681059360504 0.29943832755088806 0.218177929520607
1 0.9761696457862854 0.12551142275333405 0.2011258602142334 0.20792652666568756 0.4089828133583069
1 0.9624241590499878 0.4077517092227936 0.3516247868537903 0.47034814953804016 0.5142613649368286
0 0.9594283699989319 0.6585396528244019 0.2812906503677368 0.7082573175430298 0.392441987991333
1 0.9442599415779114 0.3136836290359497 0.06186430901288986 0.38131582736968994 0.2289687693119049
1 0.9265654683113098 0.16291850805282593 0.024101916700601578 0.22997227311134338 0.14805877208709717
0 0.9210643768310547 0.4819491505622864 0.15901458263397217 0.5373743176460266 0.3123385012149811
1 0.9085888266563416 0.3237716257572174 0.26478469371795654 0.37524500489234924 0.38749831914901733
0 0.8915830254554749 0.5814485549926758 0.48110103607177734 0.6350489854812622 0.5985070466995239
0 0.8855853080749512 0.3937610685825348 0.12367720156908035 0.44509074091911316 0.23675909638404846
1 0.8685550093650818 0.1971198171377182 0.7021838426589966 0.27357473969459534 0.8700135946273804
0 0.8641124963760376 0.2057439535856247 0.5541799664497375 0.2786869406700134 0.7166896462440491
0 0.8510803580284119 0.5393267869949341 0.018682561814785004 0.5980333089828491 0.14576855301856995
0 0.8226819634437561 0.7244799733161926 0.18558433651924133 0.8100735545158386 0.40872111916542053
0 0.8215200304985046 0.5112602710723877 0.6034224629402161 0.5729684829711914 0.7293640971183777
1 0.8131611943244934 0.324124276638031 0.4973353147506714 0.3842102885246277 0.6204137802124023
0 0.8108582496643066 0.3157985806465149 0.3611202538013458 0.38964229822158813 0.5284290909767151
1 0.6339747309684753 0.22864383459091187 0.3687770664691925 0.2899688482284546 0.4798220694065094
1 0.6174074411392212 0.24647070467472076 0.20770107209682465 0.2910762131214142 0.3086937963962555
