1 0.7325240969657898 0.4219767153263092 0.3890843391418457 0.46737125515937805 0.49801021814346313
1 0.5576391220092773 0.2335517704486847 -0.7310335636138916 0.4843854606151581 2.5013482570648193
1 0.5398417115211487 0.01926332712173462 -0.6001944541931152 0.3465332090854645 2.362055778503418
1 0.5331711173057556 0.3453529179096222 -0.16823351383209229 0.5208370685577393 1.9243403673171997
0 0.4990800619125366 -4.72214412689209 0.9275216460227966 5.369815826416016 0.9880961775779724
0 0.4990200400352478 0.36999955773353577 -7.839653968811035 0.38866427540779114 9.577277183532715
0 0.4990178346633911 -1.6164088249206543 0.7495495080947876 2.4251790046691895 1.1536157131195068
0 0.49893301725387573 -2.4577813148498535 0.8393536806106567 2.678572177886963 1.0608447790145874
0 0.4988691210746765 0.1364314705133438 -5.378358364105225 0.15476743876934052 7.128846645355225
0 0.49886512756347656 0.2897794842720032 -8.325260162353516 0.31585896015167236 10.052423477172852
0 0.49884021282196045 0.20853282511234283 -7.063724517822266 0.24076886475086212 8.801051139831543
0 0.49882954359054565 0.4466708302497864 -4.278609752655029 0.46230804920196533 6.020334720611572
0 0.4984368681907654 -8.128949165344238 0.5622681379318237 10.038281440734863 0.566929817199707
0 0.498343825340271 -5.279606342315674 0.2514512240886688 7.179769039154053 0.25533732771873474
0 0.4982154667377472 -7.78732967376709 0.40495601296424866 9.682963371276855 0.40982380509376526
0 0.4981396496295929 -5.559808254241943 0.17438840866088867 7.466888904571533 0.1778683066368103
0 0.4981203079223633 -6.512733459472656 0.32771536707878113 8.40853214263916 0.33300647139549255
0 0.4981139004230499 -6.415923595428467 0.6380500197410583 8.308797836303711 0.6411781907081604
0 0.4978252053260803 -9.010061264038086 0.4816158413887024 10.91236686706543 0.4874908924102783
