1 0.5549063086509705 0.11482846736907959 -0.6206173896789551 0.43167150020599365 2.40045428276062
1 0.510644257068634 0.3514910638332367 -0.15924465656280518 0.5137758255004883 1.904467225074768
0 0.49899011850357056 -4.435058116912842 0.9247373342514038 5.084645748138428 0.9913169145584106
0 0.49890756607055664 -1.4595156908035278 0.7381624579429626 2.270644187927246 1.1670807600021362
0 0.4989054799079895 0.3701794147491455 -8.128737449645996 0.38890379667282104 9.867390632629395
0 0.4988936483860016 -5.810078144073486 0.9088998436927795 6.159084796905518 1.0154311656951904
0 0.4988107681274414 0.13805215060710907 -5.033872604370117 0.15459062159061432 6.787598609924316
0 0.4987024962902069 0.28897979855537415 -8.017587661743164 0.31649455428123474 9.745492935180664
0 0.4986623525619507 0.20866455137729645 -7.111527919769287 0.2401578277349472 8.851339340209961
0 0.49864786863327026 0.4472675323486328 -3.8153982162475586 0.46226251125335693 5.557018280029297
0 0.4983867406845093 -4.9630126953125 0.25015944242477417 6.865250587463379 0.2538301348686218
0 0.498224675655365 -5.0523529052734375 0.1730908304452896 6.961915969848633 0.17642126977443695
0 0.4980720281600952 -6.282800674438477 0.5548111200332642 8.18706226348877 0.5595511198043823
0 0.4980098605155945 -7.25267219543457 0.3985043168067932 9.150186538696289 0.4025178551673889
0 0.4979986250400543 -6.113480091094971 0.32429465651512146 8.012226104736328 0.32907208800315857
0 0.4976314604282379 -5.25047492980957 0.6347461342811584 7.140491485595703 0.6380338072776794
0 0.4973370432853699 -7.449373245239258 0.47474437952041626 9.348518371582031 0.48035019636154175
