1 0.5548822283744812 0.02118764817714691 -0.6304012537002563 0.3456437587738037 2.3928871154785156
1 0.5445885062217712 0.23934483528137207 -0.6739673018455505 0.48052167892456055 2.4463939666748047
1 0.5117061734199524 0.35496658086776733 -0.11620455980300903 0.5128445625305176 1.8621227741241455
0 0.49901002645492554 -4.248202323913574 0.9231715202331543 4.89704704284668 0.9923927783966064
0 0.49898552894592285 -6.194492816925049 0.910602867603302 6.5440802574157715 1.0137859582901
0 0.4989349842071533 -2.450817108154297 0.8245663642883301 2.67521333694458 1.0753713846206665
0 0.4989251494407654 0.37039056420326233 -8.061717987060547 0.38916441798210144 9.800119400024414
0 0.49887925386428833 0.13791410624980927 -5.254992485046387 0.15524627268314362 7.007619857788086
0 0.49883511662483215 -1.3513610363006592 0.7129822373390198 2.1623175144195557 1.1916245222091675
0 0.4988133907318115 0.2087295800447464 -6.977694034576416 0.24095092713832855 8.71735668182373
0 0.4988054037094116 0.2894234359264374 -9.04295825958252 0.31619182229042053 10.771056175231934
0 0.49857813119888306 -4.998478412628174 0.2518403232097626 6.901097774505615 0.2557554543018341
0 0.4985366761684418 -7.6782612800598145 0.40451452136039734 9.573299407958984 0.4088967740535736
0 0.498494029045105 0.44753366708755493 -3.502499580383301 0.46260958909988403 5.243297576904297
0 0.4984714388847351 -8.140917778015137 0.5617830753326416 10.045023918151855 0.5654948949813843
0 0.4983552098274231 -6.371408939361572 0.32716959714889526 8.267687797546387 0.3324633240699768
0 0.4982772767543793 -5.002127170562744 0.17429637908935547 6.912159442901611 0.1779211461544037
0 0.4981782138347626 -8.781136512756348 0.48159360885620117 10.679511070251465 0.486359179019928
0 0.49815797805786133 -6.393016815185547 0.6381452679634094 8.28647232055664 0.64077228307724
1 0.46980515122413635 0.49615785479545593 0.18431934714317322 0.5468425750732422 0.3095147907733917
