1 0.5459551215171814 0.11458663642406464 -0.7398120760917664 0.4346705675125122 2.5199825763702393
0 0.5026718378067017 0.3517143726348877 -0.31222254037857056 0.514398992061615 2.051875114440918
0 0.499056875705719 -4.018746376037598 0.9225821495056152 4.670146942138672 0.993577241897583
0 0.49897801876068115 0.37151074409484863 -8.40284538269043 0.3887292742729187 10.140251159667969
0 0.4989688992500305 -2.586256980895996 0.8434041738510132 2.8098678588867188 1.0565766096115112
0 0.4989092946052551 -1.3629662990570068 0.7175585627555847 2.1750988960266113 1.186352252960205
0 0.4989036023616791 0.13723590970039368 -5.119622707366943 0.15477541089057922 6.869655132293701
0 0.49878060817718506 0.20910999178886414 -6.909476280212402 0.24055910110473633 8.646610260009766
0 0.4987727403640747 0.2903507649898529 -8.652755737304688 0.31583371758461 10.380170822143555
0 0.49864572286605835 0.4487004578113556 -3.712083339691162 0.4615633189678192 5.451730251312256
0 0.49847716093063354 -7.6780781745910645 0.5617620348930359 9.582632064819336 0.5652615427970886
0 0.4984111189842224 -6.512026786804199 0.4049434959888458 8.408149719238281 0.40848293900489807
0 0.4982836842536926 -4.510599136352539 0.2503603398799896 6.417438507080078 0.25357428193092346
0 0.4982225000858307 -7.6436238288879395 0.48163509368896484 9.541571617126465 0.4856564402580261
0 0.4981018006801605 -6.653916835784912 0.6403026580810547 8.547926902770996 0.6429144144058228
0 0.4980386793613434 -5.367615699768066 0.17367319762706757 7.279300689697266 0.17714093625545502
0 0.4979611039161682 -6.275147438049316 0.32675355672836304 8.172727584838867 0.3309062719345093
0 0.41674765944480896 0.489755243062973 0.06580446660518646 0.5430346131324768 0.2275734394788742
