0 0.6182259321212769 0.7165524363517761 0.0333806537091732 0.7650962471961975 0.1480017602443695
1 0.5502634644508362 0.11094249784946442 -0.7370971441268921 0.4348644018173218 2.5167746543884277
0 0.5135465860366821 0.3536596894264221 -0.25427693128585815 0.5185096859931946 1.9975574016571045
0 0.49907952547073364 -3.7934987545013428 0.9171759486198425 4.445804119110107 0.9999824166297913
0 0.499031662940979 0.37178319692611694 -8.483344078063965 0.38832205533981323 10.220505714416504
0 0.498926043510437 -1.3371986150741577 0.6947288513183594 2.1491775512695312 1.2103688716888428
0 0.4988725483417511 -2.4920027256011963 0.8402291536331177 2.7168614864349365 1.0597001314163208
0 0.49880701303482056 0.2903061807155609 -8.303873062133789 0.31529518961906433 10.029378890991211
0 0.4987885355949402 0.1347038596868515 -4.540838241577148 0.15642337501049042 6.291757583618164
0 0.4987046420574188 0.4492707848548889 -3.6147117614746094 0.46168243885040283 5.355668067932129
0 0.49866393208503723 0.20629867911338806 -5.546694278717041 0.24284276366233826 7.281874179840088
0 0.4984952211380005 -4.618470668792725 0.25128987431526184 6.526245594024658 0.2542589604854584
0 0.4984702169895172 -6.91093111038208 0.40607839822769165 8.808024406433105 0.4093515872955322
0 0.4983208179473877 -8.065043449401855 0.5622053742408752 9.96743106842041 0.5656755566596985
0 0.4981802701950073 -5.189890384674072 0.17332381010055542 7.107048511505127 0.17661285400390625
0 0.4981645941734314 -7.902675151824951 0.4820217192173004 9.800514221191406 0.4859437644481659
0 0.4980214238166809 -6.567854404449463 0.3271212577819824 8.465564727783203 0.3311411142349243
0 0.4975138306617737 -6.513403415679932 0.6395224332809448 8.406060218811035 0.6423290967941284
