1 0.7142049074172974 0.4947713017463684 0.2271946370601654 0.56008380651474 0.4143296182155609
1 0.5555993914604187 0.11347486078739166 -0.7377809286117554 0.4354441165924072 2.5177435874938965
1 0.5029242634773254 0.34875163435935974 -0.14630091190338135 0.5126464366912842 1.8936060667037964
0 0.49908116459846497 -4.628695487976074 0.9272212386131287 5.278210639953613 0.9899006485939026
0 0.49899405241012573 0.3706114590167999 -8.232495307922363 0.38860830664634705 9.970908164978027
0 0.49896278977394104 -2.5412817001342773 0.840133011341095 2.7645463943481445 1.0608386993408203
0 0.4989238381385803 -1.4194576740264893 0.7151117324829102 2.2304646968841553 1.1896710395812988
0 0.49890249967575073 0.13740281760692596 -4.9863128662109375 0.1549803465604782 6.738951683044434
0 0.4987921118736267 0.28959909081459045 -8.113470077514648 0.3163926899433136 9.840333938598633
0 0.4987764060497284 0.20802898705005646 -6.273650646209717 0.24143151938915253 8.011003494262695
0 0.4986078143119812 0.44703060388565063 -3.8220763206481934 0.46171635389328003 5.564392566680908
0 0.4985350966453552 -8.215660095214844 0.5613779425621033 10.122182846069336 0.5653647780418396
0 0.4984159767627716 -7.934803485870361 0.40394002199172974 9.83101749420166 0.4083026051521301
0 0.49840179085731506 -4.990218162536621 0.25064578652381897 6.889298439025879 0.25424304604530334
0 0.49833154678344727 -5.338339805603027 0.1738133281469345 7.244436264038086 0.17687897384166718
0 0.49825525283813477 -9.349469184875488 0.48178544640541077 11.250800132751465 0.48658791184425354
0 0.49814528226852417 -6.299417495727539 0.3266814351081848 8.195178985595703 0.3318074345588684
0 0.4981362819671631 -6.446794509887695 0.637831449508667 8.341628074645996 0.640581488609314
1 0.45466285943984985 0.5052708387374878 0.26671475172042847 0.5461529493331909 0.40085119009017944
