1 0.8337575197219849 0.5000668168067932 0.3365978002548218 0.5608713030815125 0.5135558247566223
1 0.5530603528022766 0.11755356192588806 -0.6267884373664856 0.4313370883464813 2.41066575050354
1 0.528262197971344 0.34877780079841614 -0.09070110321044922 0.5143455266952515 1.8437622785568237
0 0.4989796280860901 -4.230191707611084 0.9258573651313782 4.8793253898620605 0.9902328848838806
0 0.4989551305770874 -2.3715131282806396 0.8327099680900574 2.5934298038482666 1.067344069480896
0 0.4988805651664734 -1.442103624343872 0.7468876242637634 2.2523066997528076 1.158280611038208
0 0.4988616704940796 0.13742104172706604 -5.078514099121094 0.15505924820899963 6.831723213195801
0 0.4988519549369812 0.36956706643104553 -7.697972774505615 0.3887597620487213 9.436387062072754
0 0.49876683950424194 0.20759324729442596 -6.467540740966797 0.24170862138271332 8.206016540527344
0 0.4987015128135681 0.28904783725738525 -7.503997325897217 0.3166666626930237 9.231953620910645
0 0.49860140681266785 -8.86982536315918 0.5619049072265625 10.777067184448242 0.5658400058746338
0 0.4985949397087097 0.44595906138420105 -3.612558603286743 0.4617709815502167 5.353914260864258
0 0.4985089898109436 -5.441542625427246 0.25101301074028015 7.341784477233887 0.25443002581596375
0 0.49848926067352295 -8.586548805236816 0.40507981181144714 10.483656883239746 0.4092954695224762
0 0.4983079135417938 -5.691828727722168 0.1736229956150055 7.600582122802734 0.17686334252357483
0 0.4983070194721222 -7.057833671569824 0.32759127020835876 8.954859733581543 0.3324234187602997
0 0.49822497367858887 -9.627761840820312 0.4822536110877991 11.529903411865234 0.4869881868362427
0 0.498095840215683 -6.498224258422852 0.6372255086898804 8.392142295837402 0.6400942802429199
