0 0.6846889853477478 0.4168603718280792 0.18538720905780792 0.4659368693828583 0.3165232539176941
1 0.5581470131874084 0.108133465051651 -0.9469547271728516 0.4423327147960663 2.7252895832061768
0 0.4991208016872406 -4.360007286071777 0.9251949787139893 5.009446144104004 0.9916293621063232
0 0.49910613894462585 0.37106502056121826 -8.055673599243164 0.3883240222930908 9.791810989379883
0 0.49901580810546875 -2.571851968765259 0.8462179899215698 2.795583486557007 1.0535210371017456
0 0.49898502230644226 0.2907288372516632 -10.172483444213867 0.3151043951511383 11.896709442138672
0 0.49892932176589966 0.13774584233760834 -5.596571922302246 0.1556173712015152 7.344209671020508
0 0.49887633323669434 0.20721951127052307 -7.791114330291748 0.24347859621047974 9.525202751159668
0 0.49883735179901123 -1.3158295154571533 0.734127402305603 2.125994920730591 1.1699124574661255
0 0.498598575592041 -6.925896644592285 0.5610674023628235 8.826854705810547 0.5648111701011658
0 0.49846774339675903 0.44647878408432007 -3.8765525817871094 0.46222054958343506 5.61806583404541
0 0.49831485748291016 -6.877896308898926 0.4055332541465759 8.779519081115723 0.40928351879119873
0 0.4982043206691742 -7.022955894470215 0.48174068331718445 8.92505168914795 0.4860136806964874
0 0.4980754554271698 -4.31635046005249 0.2511568069458008 6.220691204071045 0.25470471382141113
0 0.4980596899986267 -6.095065116882324 0.6381322741508484 7.984647750854492 0.6409654021263123
0 0.4977949857711792 0.3541681170463562 -0.12294495105743408 0.5116738677024841 1.874651551246643
0 0.49741727113723755 -6.352876663208008 0.326888769865036 8.25418758392334 0.33198943734169006
0 0.49741485714912415 -4.408937454223633 0.17377141118049622 6.323047637939453 0.17811164259910583
