1 0.7175201773643494 0.4950503706932068 0.2263593077659607 0.5575129389762878 0.40899789333343506
1 0.5620999336242676 0.11268903315067291 -0.5972740650177002 0.43409305810928345 2.3802478313446045
1 0.5378531217575073 0.3479788601398468 -0.14613336324691772 0.5171763300895691 1.899348497390747
1 0.5041386485099792 0.5052598118782043 0.2663783133029938 0.5479653477668762 0.39860889315605164
0 0.4990220069885254 -1.4665510654449463 0.7599258422851562 2.275175094604492 1.145324468612671
0 0.4990219473838806 -4.214688301086426 0.927988588809967 4.862105369567871 0.9880525469779968
0 0.49895310401916504 -5.773637771606445 0.9119418859481812 6.121936798095703 1.0124611854553223
0 0.4989464581012726 -2.441786289215088 0.8337569236755371 2.6641159057617188 1.0664660930633545
0 0.4989328384399414 0.368617981672287 -7.661674499511719 0.38960596919059753 9.399419784545898
0 0.4988982081413269 0.13769155740737915 -5.2607903480529785 0.15516167879104614 7.012354373931885
0 0.4987937808036804 0.44605326652526855 -3.7571299076080322 0.46297693252563477 5.499085426330566
0 0.498759925365448 0.20762871205806732 -6.447018146514893 0.24217961728572845 8.184638023376465
0 0.4987393021583557 0.2880057990550995 -7.602606773376465 0.31736811995506287 9.3295316696167
0 0.49852728843688965 -8.379408836364746 0.561987042427063 10.287396430969238 0.566114068031311
0 0.49845582246780396 -5.128048419952393 0.25202763080596924 7.029322147369385 0.2557978630065918
0 0.49830907583236694 -5.349714279174805 0.17456193268299103 7.259434700012207 0.17783914506435394
0 0.4982926547527313 -7.506497383117676 0.40425100922584534 9.403740882873535 0.4091393053531647
0 0.49816930294036865 -6.560793876647949 0.6373509168624878 8.454692840576172 0.6401187181472778
0 0.49816641211509705 -6.415892601013184 0.3274866044521332 8.313041687011719 0.3329249918460846
0 0.49797698855400085 -8.67402458190918 0.48146697878837585 10.575738906860352 0.48691311478614807
