0 0.8433927297592163 0.8119760751724243 0.7240839600563049 0.8999067544937134 0.8468597531318665
1 0.5563073754310608 0.10577459633350372 -0.8395834565162659 0.44201838970184326 2.6198313236236572
0 0.4990704655647278 -4.308251857757568 0.9211760759353638 4.9591965675354 0.9941662549972534
0 0.4990409016609192 0.37196677923202515 -8.886703491210938 0.3888322114944458 10.623836517333984
0 0.4990401864051819 -2.7079076766967773 0.8578575253486633 2.9311094284057617 1.0413007736206055
0 0.4990003705024719 -6.05082893371582 0.9364418387413025 6.545839309692383 0.9803295731544495
0 0.49898016452789307 0.13746652007102966 -5.103843688964844 0.15493974089622498 6.851653099060059
0 0.4989071488380432 0.20822325348854065 -6.463003158569336 0.2425113320350647 8.19897174835205
0 0.4988960325717926 0.2896575927734375 -8.682343482971191 0.3167155981063843 10.408858299255371
0 0.4988233745098114 -1.4773671627044678 0.697329044342041 2.2883355617523193 1.2071795463562012
0 0.49855196475982666 0.44927191734313965 -3.452066421508789 0.46210986375808716 5.194284439086914
0 0.498381108045578 -7.436864852905273 0.40554413199424744 9.333986282348633 0.40889856219291687
0 0.4983358383178711 -8.05884838104248 0.5608936548233032 9.961321830749512 0.5643662214279175
0 0.49833232164382935 -4.664511680603027 0.25194039940834045 6.571640968322754 0.2550024092197418
1 0.49826326966285706 0.35018935799598694 -0.2498708963394165 0.5167140960693359 1.994381070137024
0 0.49813956022262573 -8.14726734161377 0.48136597871780396 10.044161796569824 0.48533564805984497
0 0.4979028105735779 -4.968501091003418 0.1738712191581726 6.881677627563477 0.1773727834224701
0 0.4978852868080139 -6.865394115447998 0.32744550704956055 8.763530731201172 0.33155035972595215
0 0.49733924865722656 -6.109023094177246 0.6362931132316589 8.000223159790039 0.6388948559761047
