1 0.9938526749610901 0.2650301456451416 0.17889404296875 0.30249154567718506 0.2689721882343292
1 0.9867908954620361 0.18917404115200043 -0.003320213407278061 0.23667241632938385 0.1022394597530365
1 0.9857617020606995 0.2502179443836212 0.3592393398284912 0.2988143861293793 0.45229941606521606
1 0.983977198600769 0.26810652017593384 0.008757099509239197 0.30789488554000854 0.10488369315862656
0 0.9822530746459961 0.6453166604042053 0.09839032590389252 0.6844050288200378 0.19202397763729095
1 0.9810066819190979 0.23973752558231354 0.45897525548934937 0.2887803316116333 0.5576706528663635
1 0.9808180928230286 0.1709657907485962 0.13521000742912292 0.21879929304122925 0.26632291078567505
1 0.9747887253761292 0.2637293040752411 0.09400500357151031 0.30779311060905457 0.1830420345067978
0 0.9739700555801392 0.7324002981185913 0.1513846069574356 0.778052806854248 0.2749828100204468
0 0.9737231731414795 0.6574477553367615 0.18023309111595154 0.6953752636909485 0.2748022973537445
1 0.9730402231216431 0.14523199200630188 0.2724827826023102 0.21267393231391907 0.4582972824573517
1 0.9709160327911377 0.15963146090507507 0.19558309018611908 0.22429582476615906 0.3576551675796509
0 0.9686543941497803 0.7585551142692566 0.28195011615753174 0.8318998217582703 0.45361924171447754
0 0.9668814539909363 0.8033931255340576 0.6688706874847412 0.8785183429718018 0.7970501184463501
0 0.9666634202003479 0.7919772267341614 0.549909234046936 0.8658494353294373 0.6709885597229004
0 0.9660621881484985 0.779072642326355 0.4342116117477417 0.8502092361450195 0.5604573488235474
0 0.9657185077667236 0.7169972062110901 0.08110308647155762 0.7681990265846252 0.19459137320518494
0 0.9641881585121155 0.641901969909668 0.01900121569633484 0.6834557056427002 0.110459104180336
1 0.9624911546707153 0.18163929879665375 0.06530557572841644 0.234980508685112 0.18406417965888977
0 0.9619768857955933 0.6775364279747009 0.3536246120929718 0.7212768197059631 0.44882163405418396
