0 0.8749312162399292 0.17441204190254211 0.021481458097696304 0.22915148735046387 0.14272737503051758
1 0.552505612373352 0.11039124429225922 -0.8425427675247192 0.43851304054260254 2.6218929290771484
0 0.5110260248184204 0.35364824533462524 -0.23521924018859863 0.5166940689086914 1.9781684875488281
0 0.49906623363494873 -4.415041923522949 0.9209299683570862 5.0665283203125 0.9947519898414612
0 0.4990276098251343 0.37145933508872986 -8.66132640838623 0.38898852467536926 10.39861011505127
0 0.4989938735961914 -2.620495557785034 0.8500242233276367 2.8435513973236084 1.0501086711883545
0 0.49891752004623413 0.13751520216464996 -5.235625267028809 0.15544654428958893 6.985067367553711
0 0.498853862285614 0.2079910784959793 -6.4859161376953125 0.24262796342372894 8.22288703918457
0 0.4988490045070648 0.28950417041778564 -8.361570358276367 0.3168819546699524 10.08889389038086
0 0.4987620413303375 -1.4342925548553467 0.6864073276519775 2.2455649375915527 1.2163679599761963
0 0.49849748611450195 0.4487672448158264 -3.9300942420959473 0.46215206384658813 5.670464038848877
0 0.4984372854232788 -8.167555809020996 0.5617327094078064 10.071938514709473 0.5653349757194519
0 0.4983312487602234 -7.100226879119873 0.40543416142463684 8.996735572814941 0.40894386172294617
0 0.4981294870376587 -7.963874816894531 0.48188722133636475 9.86201286315918 0.48608529567718506
0 0.49807053804397583 -4.393684387207031 0.25068995356559753 6.299091339111328 0.2539878785610199
0 0.4980510473251343 -6.856174945831299 0.6393688321113586 8.751124382019043 0.6420229077339172
0 0.4977177381515503 -6.5359954833984375 0.326354056596756 8.433260917663574 0.3307103216648102
0 0.49748629331588745 -4.732921123504639 0.17327016592025757 6.644230365753174 0.17691415548324585
