0 0.5822846293449402 0.4971083402633667 0.032293740659952164 0.5380951166152954 0.15037043392658234
1 0.552764356136322 0.0995970219373703 -1.2038495540618896 0.4479878544807434 2.975972890853882
1 0.5478798747062683 0.23032400012016296 -0.9399421215057373 0.4887634813785553 2.7102320194244385
0 0.5069604516029358 0.5002942085266113 0.1134636178612709 0.5400197505950928 0.23985901474952698
1 0.5007187724113464 0.35756218433380127 -0.11333400011062622 0.5115018486976624 1.864520788192749
0 0.4992141127586365 -6.44687032699585 0.940689742565155 6.944082736968994 0.9746277928352356
0 0.49918243288993835 -4.365511417388916 0.9214507937431335 5.0174641609191895 0.9919230341911316
0 0.4991515576839447 0.3723241686820984 -11.813669204711914 0.3886246085166931 13.545581817626953
0 0.49913763999938965 0.28996944427490234 -12.662647247314453 0.3161771893501282 14.38630485534668
0 0.4990234971046448 -2.5417087078094482 0.8589786887168884 2.765667676925659 1.0404810905456543
0 0.49895304441452026 0.20657309889793396 -7.949323654174805 0.2443368136882782 9.683052062988281
0 0.498939573764801 0.13668522238731384 -5.339324951171875 0.1556592881679535 7.08543586730957
0 0.4985406994819641 -1.242078185081482 0.6639273762702942 2.0522313117980957 1.2350633144378662
0 0.49839234352111816 -4.815918922424316 0.2547672986984253 6.719132423400879 0.25800979137420654
0 0.49814537167549133 0.4487672746181488 -4.88771390914917 0.4625772535800934 6.62815523147583
0 0.49805837869644165 -7.776993274688721 0.4046624004840851 9.677177429199219 0.4076084792613983
0 0.49797654151916504 -7.8768510818481445 0.5560125112533569 9.777880668640137 0.5593491792678833
0 0.4977889657020569 -8.259044647216797 0.47872641682624817 10.158208847045898 0.48218241333961487
0 0.4975481629371643 -4.1855597496032715 0.17458833754062653 6.104508876800537 0.1801009625196457
0 0.497163325548172 -6.716085910797119 0.3272303342819214 8.613856315612793 0.3315510153770447
