1 0.9285486340522766 0.14005476236343384 0.2860780358314514 0.2190660536289215 0.5032994151115417
0 0.9270592927932739 0.49580302834510803 0.28724175691604614 0.5448405146598816 0.40788865089416504
0 0.879758358001709 0.6688125133514404 0.4849536716938019 0.7244282960891724 0.6015784740447998
1 0.8317694067955017 0.47809505462646484 -0.005194075405597687 0.5371930599212646 0.14551830291748047
1 0.7988300919532776 0.3157408833503723 0.4838687777519226 0.379550039768219 0.6026149392127991
0 0.7709804773330688 0.5020912885665894 0.4667448103427887 0.5626332759857178 0.622154951095581
0 0.7429248690605164 0.7243196368217468 0.19475097954273224 0.8062954545021057 0.41195857524871826
0 0.7203050851821899 0.3243095278739929 0.06804855912923813 0.38286787271499634 0.2305242419242859
0 0.6533842086791992 0.6288890242576599 0.09781968593597412 0.696114718914032 0.2311590611934662
1 0.5175867080688477 0.10195188224315643 0.5685659050941467 0.1887943595647812 0.7163367867469788
0 0.4990760087966919 -3.5554823875427246 0.9082664251327515 4.221024513244629 1.0103209018707275
0 0.49903547763824463 -2.327791690826416 0.8394743204116821 2.556138038635254 1.0632723569869995
0 0.4989445209503174 0.134079709649086 -4.165482521057129 0.15670640766620636 5.911445617675781
0 0.49891385436058044 -1.43598473072052 0.6773586273193359 2.255154609680176 1.2291104793548584
0 0.49889254570007324 0.3673931062221527 -15.85973834991455 0.38756492733955383 17.5853214263916
0 0.4988241493701935 0.20430099964141846 -12.078083038330078 0.237743079662323 13.80621337890625
0 0.49878963828086853 0.28858891129493713 -18.156105041503906 0.31177952885627747 19.874462127685547
0 0.49856528639793396 0.44341638684272766 -6.777458190917969 0.4606266915798187 8.512212753295898
0 0.4983092248439789 -5.149418830871582 0.174793541431427 7.0606184005737305 0.17838045954704285
0 0.49826884269714355 -5.410877704620361 0.5648560523986816 7.310073375701904 0.5697908401489258
