1 0.885083794593811 0.8111809492111206 0.7127043008804321 0.8913894891738892 0.8466449975967407
1 0.5569531917572021 0.11435545980930328 -0.5990884900093079 0.4306619167327881 2.3813412189483643
1 0.525018572807312 0.34744006395339966 -0.1595381498336792 0.515737771987915 1.9081367254257202
0 0.4989854693412781 -1.5079606771469116 0.7574483752250671 2.318402051925659 1.1480367183685303
0 0.49898457527160645 -4.210089683532715 0.9256871342658997 4.857608795166016 0.9919609427452087
0 0.49891528487205505 0.37001755833625793 -8.216034889221191 0.38836726546287537 9.955235481262207
0 0.49885421991348267 -5.583658695220947 0.9086053967475891 5.934396266937256 1.0156248807907104
0 0.4988005459308624 0.4474307596683502 -3.6557726860046387 0.46205195784568787 5.396143436431885
0 0.49875277280807495 0.13792632520198822 -4.778051853179932 0.15500615537166595 6.53212308883667
0 0.4986932575702667 0.2890501916408539 -8.279631614685059 0.3155132830142975 10.008749961853027
0 0.4986141324043274 0.20890159904956818 -6.389991760253906 0.2398654669523239 8.130088806152344
0 0.4984709322452545 -8.518940925598145 0.5614473819732666 10.426692008972168 0.5652948617935181
0 0.4984591007232666 -5.063570976257324 0.2507326900959015 6.9652814865112305 0.2545667588710785
0 0.49841511249542236 -7.756282329559326 0.4040132761001587 9.65119743347168 0.40841829776763916
0 0.49824613332748413 -6.418399333953857 0.3264238238334656 8.314470291137695 0.3315918445587158
0 0.49821579456329346 -5.143918991088867 0.17357102036476135 7.0560102462768555 0.17700156569480896
0 0.4980209469795227 -8.848387718200684 0.4811798632144928 10.747471809387207 0.4861268699169159
0 0.4980078339576721 -6.361506462097168 0.6348713636398315 8.256107330322266 0.6376866102218628
