1 0.991630494594574 0.2625750005245209 0.176588237285614 0.3049858510494232 0.27067628502845764
1 0.9857804775238037 0.2481989860534668 0.3580828309059143 0.299108624458313 0.45436543226242065
1 0.9853032827377319 0.26470163464546204 0.011927973479032516 0.3084416091442108 0.10203300416469574
1 0.9816197752952576 0.16693006455898285 0.13907480239868164 0.21922217309474945 0.26857057213783264
1 0.9805001616477966 0.18626879155635834 0.00018363073468208313 0.2349029928445816 0.10455219447612762
0 0.9791685342788696 0.6453945636749268 0.09732642024755478 0.6835068464279175 0.19162246584892273
0 0.9755820035934448 0.7372401356697083 0.15283188223838806 0.7852271199226379 0.28064537048339844
1 0.9752299189567566 0.2594212591648102 0.09428966045379639 0.3060401380062103 0.1810215413570404
1 0.9746074080467224 0.15823575854301453 0.19637542963027954 0.22360381484031677 0.3570742607116699
1 0.9745237231254578 0.14340126514434814 0.27431488037109375 0.21078509092330933 0.4581518769264221
1 0.9743456840515137 0.23893077671527863 0.46014806628227234 0.28858548402786255 0.5616588592529297
0 0.9741547703742981 0.7188910245895386 0.07794220745563507 0.7728184461593628 0.19286130368709564
0 0.9735444188117981 0.6557411551475525 0.18185339868068695 0.6973845362663269 0.27610403299331665
0 0.9714716076850891 0.7752812504768372 0.43369942903518677 0.845345675945282 0.5627057552337646
0 0.9705118536949158 0.7936685085296631 0.5495399236679077 0.8640131950378418 0.6715390682220459
0 0.9664520025253296 0.8060298562049866 0.6681932210922241 0.8774647116661072 0.8003172874450684
1 0.9661493897438049 0.176064595580101 0.07049444317817688 0.22745482623577118 0.18438658118247986
0 0.9653626680374146 0.7592784762382507 0.28050047159194946 0.8332955241203308 0.4547790288925171
0 0.9640400409698486 0.7193711996078491 0.01614401489496231 0.7679046392440796 0.11874561756849289
0 0.9620586633682251 0.6423696279525757 0.019589431583881378 0.6813033819198608 0.11031775921583176
