1 0.9842188954353333 0.25262776017189026 0.11559569835662842 0.2947820723056793 0.21196666359901428
1 0.9823060631752014 0.1601613610982895 0.07228940725326538 0.21724660694599152 0.20155200362205505
1 0.9788520932197571 0.23568329215049744 0.2899186313152313 0.2814203202724457 0.3941110074520111
1 0.9702214002609253 0.235087588429451 0.38393718004226685 0.28528153896331787 0.489712119102478
0 0.9696891903877258 0.6579907536506653 0.29675033688545227 0.7052186131477356 0.3932107388973236
0 0.9653468728065491 0.5554906129837036 0.1304427981376648 0.5986831188201904 0.2298891842365265
1 0.9609972834587097 0.2197662889957428 0.6095249056816101 0.268270343542099 0.7240015864372253
1 0.9597266316413879 0.12741179764270782 0.30993980169296265 0.19730664789676666 0.5039186477661133
0 0.9579494595527649 0.6154193878173828 0.5937061309814453 0.6795995235443115 0.722747802734375
1 0.9554222226142883 0.11257915198802948 0.5905588865280151 0.17598287761211395 0.7337049245834351
0 0.9505559802055359 0.5148857235908508 0.6031261682510376 0.5697044730186462 0.7229980230331421
1 0.9497770071029663 0.39474281668663025 0.191051185131073 0.4374750554561615 0.29796355962753296
0 0.9456469416618347 0.7023938894271851 0.023057948797941208 0.7556766271591187 0.14313934743404388
0 0.9443851709365845 0.6757650375366211 0.33835285902023315 0.7400838136672974 0.49975043535232544
0 0.9433965682983398 0.5736353993415833 0.49093982577323914 0.6225386261940002 0.5996246337890625
0 0.942729651927948 0.4950237572193146 0.20566591620445251 0.5363126993179321 0.31230583786964417
1 0.9410864114761353 0.32304519414901733 0.2641313672065735 0.3851693272590637 0.3931227922439575
0 0.9403076767921448 0.5757216215133667 0.27554720640182495 0.633074164390564 0.41715508699417114
1 0.9373785853385925 0.39188921451568604 0.03306202217936516 0.4325307607650757 0.13793019950389862
0 0.92963045835495 0.7361026406288147 0.20362620055675507 0.808877170085907 0.3924928307533264
