1 0.9151155948638916 0.32915517687797546 0.5022035837173462 0.39219918847084045 0.6214315891265869
0 0.9004852175712585 0.7323322892189026 0.21444958448410034 0.8181506991386414 0.4131651520729065
0 0.8752772212028503 0.5091735124588013 0.6049274206161499 0.574164867401123 0.7302581071853638
1 0.816299319267273 0.2173442840576172 0.31275680661201477 0.30248695611953735 0.49207982420921326
1 0.8141345977783203 0.2266913503408432 0.2700018882751465 0.2972872853279114 0.40823084115982056
0 0.7873846888542175 0.5602502822875977 0.2727911174297333 0.6271347999572754 0.41400519013404846
1 0.7425092458724976 0.7041831016540527 0.1018289178609848 0.7669957876205444 0.24080224335193634
1 0.6968660354614258 0.12055432796478271 0.30249810218811035 0.21417802572250366 0.5091795325279236
0 0.6842131018638611 0.32151901721954346 0.37900617718696594 0.3744608163833618 0.49458298087120056
0 0.4990534484386444 -3.474539279937744 0.8990159630775452 4.139811038970947 1.0204213857650757
0 0.49899011850357056 -2.5016472339630127 0.823552668094635 2.726250410079956 1.0779173374176025
0 0.49889278411865234 0.13323242962360382 -4.3394694328308105 0.15803904831409454 6.087790012359619
0 0.4988894462585449 0.36896616220474243 -15.472806930541992 0.3861778974533081 17.2000675201416
0 0.49869030714035034 0.2014942765235901 -10.542160987854004 0.24117308855056763 12.271550178527832
0 0.49865174293518066 -1.4509990215301514 0.6395727396011353 2.269242525100708 1.2657058238983154
0 0.4986366629600525 0.2878864109516144 -16.811689376831055 0.31269726157188416 18.5312442779541
0 0.4984738826751709 -6.638350963592529 0.5682164430618286 8.54240608215332 0.5721081495285034
0 0.4983855187892914 -7.249841690063477 0.4168594181537628 9.15140151977539 0.4221137464046478
0 0.49830305576324463 -5.820781707763672 0.3335891366004944 7.722412109375 0.3398483991622925
0 0.4982532858848572 0.4428582787513733 -6.4959516525268555 0.4583938717842102 8.234543800354004
