1 0.8513980507850647 0.4231339395046234 0.27873358130455017 0.46729931235313416 0.40648940205574036
1 0.558119535446167 0.021805286407470703 -0.5652934312820435 0.3422990143299103 2.3312506675720215
1 0.5331453084945679 0.2376541793346405 -0.7542429566383362 0.4815259277820587 2.5219051837921143
0 0.49901944398880005 -4.268037796020508 0.9240446090698242 4.918274879455566 0.9917155504226685
0 0.4989839196205139 -1.512336254119873 0.7401425838470459 2.322798490524292 1.165568232536316
0 0.4989469647407532 0.3704262673854828 -7.797727584838867 0.3890017569065094 9.535480499267578
0 0.49891746044158936 -2.5226056575775146 0.8333320021629333 2.745642900466919 1.0668525695800781
0 0.4988267421722412 0.13735543191432953 -5.274768829345703 0.15560539066791534 7.026939392089844
0 0.49874818325042725 0.20771370828151703 -7.349076271057129 0.2421741634607315 9.087624549865723
0 0.4987226128578186 0.4474564492702484 -3.453950881958008 0.46243372559547424 5.193634986877441
0 0.49871501326560974 0.2886601686477661 -8.78134822845459 0.31665128469467163 10.508477210998535
0 0.4985116124153137 -5.174164772033691 0.2501920461654663 7.07839298248291 0.2540084719657898
0 0.49835240840911865 -7.169942378997803 0.4042709469795227 9.0651216506958 0.408750057220459
0 0.49832403659820557 -7.58397102355957 0.5622943639755249 9.489521026611328 0.5664300918579102
0 0.4982810616493225 -5.509220600128174 0.17309243977069855 7.419538974761963 0.17685456573963165
0 0.4981876015663147 -6.508256435394287 0.3265047073364258 8.405430793762207 0.3314896821975708
0 0.4980509877204895 0.3525741696357727 -0.18544167280197144 0.517301082611084 1.928682804107666
0 0.49803799390792847 -6.22116231918335 0.6394243240356445 8.116779327392578 0.6423261165618896
0 0.49796754121780396 -8.298307418823242 0.4814853072166443 10.196615219116211 0.48650407791137695
