1 0.9868302345275879 0.16093307733535767 0.07686831802129745 0.21629762649536133 0.2068161964416504
1 0.9829128384590149 0.2541876435279846 0.11483395099639893 0.2954953908920288 0.21278786659240723
1 0.9732878804206848 0.23708470165729523 0.2893502116203308 0.28322547674179077 0.39399611949920654
1 0.9723891615867615 0.1293068826198578 0.3107168674468994 0.19750961661338806 0.5003947019577026
0 0.9720929265022278 0.7037691473960876 0.02314695343375206 0.7521265149116516 0.14129237830638885
1 0.9698779582977295 0.32285431027412415 0.2584933638572693 0.3828992545604706 0.3993508815765381
0 0.9687966704368591 0.5784631371498108 0.27393341064453125 0.6352241635322571 0.4129563570022583
1 0.9679272770881653 0.40586262941360474 0.4978284239768982 0.4541386365890503 0.6163367629051208
0 0.9677579402923584 0.6604717969894409 0.2955486476421356 0.7031906843185425 0.389205664396286
1 0.9667685627937317 0.2212252914905548 0.6121604442596436 0.270524799823761 0.7233541011810303
0 0.9663299322128296 0.6803032755851746 0.33151111006736755 0.7429106831550598 0.49561944603919983
1 0.9566450715065002 0.11160078644752502 0.5949028134346008 0.1740102469921112 0.734453022480011
1 0.9545645713806152 0.394318163394928 0.19183173775672913 0.4378650188446045 0.2977217733860016
1 0.9516056776046753 0.24097339808940887 0.1449108123779297 0.30921670794487 0.2957095801830292
1 0.9482969641685486 0.3130319118499756 0.7077983617782593 0.37876904010772705 0.8483188152313232
0 0.9469060897827148 0.5746061205863953 0.4863133728504181 0.6243924498558044 0.5998048782348633
0 0.9411385655403137 0.8109565377235413 0.7112033367156982 0.886524498462677 0.8507510423660278
0 0.9387184381484985 0.736686110496521 0.20531001687049866 0.8074425458908081 0.3953607976436615
0 0.9354121088981628 0.555949866771698 0.12730558216571808 0.5981045365333557 0.2229548841714859
1 0.9350358247756958 0.23558558523654938 0.38522177934646606 0.2849874198436737 0.49142909049987793
