1 0.983497679233551 0.12450895458459854 0.30864062905311584 0.20014607906341553 0.5063259601593018
0 0.9832825660705566 0.6589288711547852 0.28589245676994324 0.7083107233047485 0.3914320766925812
1 0.9826123714447021 0.25123557448387146 0.10992300510406494 0.2986762821674347 0.21943464875221252
1 0.9792277216911316 0.1577366590499878 0.07074780017137527 0.21984544396400452 0.19891369342803955
1 0.975832462310791 0.23381765186786652 0.2774081826210022 0.2846386432647705 0.3899688720703125
1 0.9734762907028198 0.23245501518249512 0.3789176046848297 0.2828744053840637 0.4867021143436432
0 0.9677850008010864 0.4921492338180542 0.35167092084884644 0.5568791627883911 0.5144054293632507
1 0.9650115966796875 0.32286927103996277 0.25690150260925293 0.3838892877101898 0.38939058780670166
0 0.9637513756752014 0.5705774426460266 0.266741544008255 0.6236756443977356 0.40799424052238464
1 0.9576777219772339 0.3172088861465454 0.0657179057598114 0.3818863034248352 0.23091736435890198
1 0.9450163841247559 0.3863198459148407 0.027234967797994614 0.43447771668434143 0.14304445683956146
0 0.9414966702461243 0.5646421909332275 0.08147165179252625 0.6223570108413696 0.23267552256584167
0 0.9341698884963989 0.4658495783805847 0.11461731046438217 0.5134457349777222 0.22150355577468872
0 0.9283807873725891 0.49291497468948364 0.1987231969833374 0.5345878005027771 0.31481242179870605
1 0.9182072877883911 0.1969854235649109 0.706074059009552 0.27374204993247986 0.8705452084541321
1 0.895094633102417 0.3287522494792938 0.35826241970062256 0.3882159888744354 0.5082378387451172
0 0.8906563520431519 0.5824816226959229 0.4817357361316681 0.6350013017654419 0.5978894829750061
1 0.8721150159835815 0.22049710154533386 0.611679196357727 0.27320799231529236 0.7246023416519165
0 0.8715621829032898 0.7101641893386841 0.7177830934524536 0.772118330001831 0.8449113368988037
0 0.8499290943145752 0.32538551092147827 0.4620727002620697 0.39150142669677734 0.6091558933258057
