1 0.9904692769050598 0.26143592596054077 0.16788557171821594 0.3126087784767151 0.26873746514320374
1 0.9852173924446106 0.12902173399925232 0.5292909145355225 0.19951686263084412 0.6732239723205566
1 0.9822297692298889 0.2606811225414276 0.0034637227654457092 0.3108120858669281 0.10617485642433167
1 0.9804895520210266 0.22033736109733582 0.6705493927001953 0.28764352202415466 0.8109453916549683
0 0.9787609577178955 0.4947022795677185 0.25192388892173767 0.5384555459022522 0.3536358177661896
1 0.9771277904510498 0.41290953755378723 0.24770644307136536 0.46166661381721497 0.3552781641483307
0 0.9682283997535706 0.6751378178596497 0.34818270802497864 0.722900927066803 0.4520769417285919
1 0.9678201675415039 0.13793060183525085 0.2695891857147217 0.20846092700958252 0.4624597430229187
0 0.9590534567832947 0.8017506003379822 0.6590090394020081 0.8790077567100525 0.8040472865104675
1 0.9559688568115234 0.17861802875995636 -0.006277289241552353 0.23848982155323029 0.11233721673488617
0 0.9556792974472046 0.6524204611778259 0.1759638488292694 0.6950562596321106 0.2774945795536041
0 0.9436004757881165 0.640289306640625 0.09542737901210785 0.6845016479492188 0.19169561564922333
0 0.943259596824646 0.6831604838371277 0.4459728002548218 0.7314991354942322 0.5536407232284546
0 0.9334027171134949 0.49972572922706604 0.015164487063884735 0.54429692029953 0.11978407949209213
0 0.9311777353286743 0.7470883727073669 0.267107218503952 0.8319522738456726 0.4675193130970001
1 0.9261521697044373 0.4233551323413849 0.6697064638137817 0.4722054898738861 0.7888400554656982
1 0.9204420447349548 0.12626580893993378 0.4156761169433594 0.18839286267757416 0.5552856922149658
0 0.9198915958404541 0.5669645667076111 0.19934317469596863 0.6295110583305359 0.3787011206150055
0 0.9165686964988708 0.6714040637016296 0.5394735336303711 0.7435440421104431 0.686660647392273
1 0.916373610496521 0.33991730213165283 0.13026300072669983 0.3903334140777588 0.2554706037044525
