0 0.8008517622947693 0.4239102602005005 0.37197449803352356 0.4691045880317688 0.5016582608222961
1 0.5501269698143005 0.10937714576721191 -0.9187050461769104 0.44117432832717896 2.696826219558716
1 0.5242471098899841 0.23669913411140442 -0.735456109046936 0.48320111632347107 2.505427837371826
1 0.504578173160553 0.3527735471725464 -0.146045982837677 0.5137348175048828 1.897414207458496
0 0.49911242723464966 -4.218029022216797 0.9224331378936768 4.867323875427246 0.9939296245574951
0 0.4990917444229126 0.37084659934043884 -8.186594009399414 0.38864120841026306 9.923282623291016
0 0.49906864762306213 -5.742938995361328 0.9380624294281006 6.237726211547852 0.9793434143066406
0 0.4990372657775879 -2.5876238346099854 0.8511910438537598 2.810563325881958 1.0487710237503052
0 0.49897727370262146 0.2906585931777954 -9.768467903137207 0.3155851364135742 11.4932279586792
0 0.4989691376686096 0.1384945511817932 -5.562180995941162 0.1551322638988495 7.309676647186279
0 0.4989256262779236 0.20833280682563782 -7.4743194580078125 0.24262216687202454 9.209423065185547
0 0.49886685609817505 -1.330979347229004 0.7292611598968506 2.139981985092163 1.1742459535598755
0 0.49858489632606506 -7.166191577911377 0.5615457892417908 9.066668510437012 0.5651686787605286
0 0.49853426218032837 0.44702598452568054 -3.899533987045288 0.462032288312912 5.641924858093262
0 0.498262494802475 -7.2986369132995605 0.4056118130683899 9.200284004211426 0.4093199372291565
0 0.49823668599128723 -7.429958820343018 0.482130765914917 9.331646919250488 0.4861941337585449
0 0.4980279207229614 -6.166265487670898 0.6383588314056396 8.0549898147583 0.6412500143051147
0 0.49787524342536926 -4.024932861328125 0.25150755047798157 5.929311752319336 0.25516030192375183
0 0.4972589612007141 -6.316235065460205 0.3270484209060669 8.216595649719238 0.3322826623916626
0 0.49724462628364563 -4.209010601043701 0.1735251396894455 6.123554706573486 0.17777378857135773
