0 0.6399757862091064 0.4271561801433563 0.04019350931048393 0.4711249768733978 0.16175366938114166
1 0.5211707353591919 0.12860175967216492 -0.7412179112434387 0.42059680819511414 2.500549554824829
0 0.4991888403892517 -4.783596038818359 0.9328292012214661 5.284031867980957 0.9803634285926819
0 0.4990614652633667 0.28943052887916565 -10.143097877502441 0.31556710600852966 11.867924690246582
0 0.4988805055618286 -2.6949193477630615 0.849909782409668 2.9200308322906494 1.050880789756775
0 0.4987996816635132 0.20668534934520721 -7.615143775939941 0.24264301359653473 9.351344108581543
0 0.4986627697944641 0.13770891726016998 -4.579164505004883 0.155736044049263 6.330222129821777
0 0.4979451298713684 -5.049019813537598 0.2506096661090851 6.943936347961426 0.25421395897865295
0 0.49793654680252075 0.36837896704673767 -5.95498514175415 0.3851597011089325 7.687016010284424
0 0.4976235628128052 -5.456471920013428 0.4035828411579132 7.355739116668701 0.4082607924938202
0 0.4971367120742798 -5.082217693328857 0.4786202609539032 6.981378078460693 0.4849683344364166
0 0.49658650159835815 -5.882358551025391 0.32303348183631897 7.775217056274414 0.32927367091178894
0 0.4965624213218689 -5.054213047027588 0.5556378960609436 6.95430326461792 0.5622038245201111
0 0.49633854627609253 -4.709196090698242 0.17206460237503052 6.613339424133301 0.17720112204551697
0 0.4935869574546814 -4.783816337585449 0.6297558546066284 6.67673397064209 0.6353999376296997
0 0.4749847948551178 -0.3171839416027069 0.6205271482467651 1.1218433380126953 1.2431811094284058
0 0.4681132435798645 0.4335099458694458 -1.7309002876281738 0.4506176710128784 3.476301670074463
0 0.40637436509132385 0.4278686046600342 0.12417617440223694 0.4708552956581116 0.2460513710975647
