0 0.7345554828643799 0.4998709261417389 0.24324408173561096 0.558135986328125 0.4110390245914459
1 0.5516918897628784 0.11019393801689148 -0.8394564986228943 0.43877288699150085 2.619745969772339
0 0.4990939199924469 -4.258099555969238 0.9220604300498962 4.909821510314941 0.9934924244880676
0 0.49901822209358215 0.3713173270225525 -8.486474990844727 0.38924282789230347 10.22273063659668
0 0.4989825487136841 -2.755735397338867 0.8501067757606506 2.977691650390625 1.0499413013458252
0 0.49893689155578613 -1.453412652015686 0.7048653364181519 2.26438307762146 1.1975114345550537
0 0.49891573190689087 0.13693593442440033 -4.983984470367432 0.15518172085285187 6.7330641746521
0 0.4988250732421875 0.20794980227947235 -6.567668437957764 0.24210213124752045 8.304084777832031
0 0.49881699681282043 0.2895866632461548 -8.642489433288574 0.31671351194381714 10.368819236755371
0 0.4986412525177002 0.44868743419647217 -3.4745023250579834 0.4621582627296448 5.213028907775879
0 0.4983714818954468 -6.953104496002197 0.40459662675857544 8.849398612976074 0.4080532193183899
0 0.49835366010665894 -7.779435157775879 0.5610314011573792 9.682835578918457 0.5644407868385315
0 0.49815452098846436 -7.71310567855835 0.48087388277053833 9.61051082611084 0.4848150610923767
0 0.4981119632720947 -4.543857574462891 0.2502264678478241 6.449792861938477 0.2534473240375519
0 0.49783337116241455 -6.5088653564453125 0.6390842795372009 8.402101516723633 0.6417320370674133
1 0.4978295564651489 0.3525882959365845 -0.2701963186264038 0.5155853033065796 2.014514446258545
0 0.4978117346763611 -6.574214458465576 0.3263779580593109 8.472078323364258 0.3305484354496002
0 0.49777427315711975 -5.272579669952393 0.17303815484046936 7.185084819793701 0.17651918530464172
