1 0.9838946461677551 0.2320362776517868 0.3761988878250122 0.2843930423259735 0.4941898584365845
1 0.9834335446357727 0.1587437242269516 0.07448828220367432 0.21764083206653595 0.20683935284614563
1 0.982306718826294 0.25059470534324646 0.11006512492895126 0.29699942469596863 0.21944603323936462
1 0.9817282557487488 0.12079010903835297 0.30719268321990967 0.20580442249774933 0.5137878060340881
0 0.9813644886016846 0.49070727825164795 0.334888756275177 0.556735634803772 0.514427125453949
1 0.977363646030426 0.23355558514595032 0.2777949273586273 0.28312596678733826 0.3924754559993744
0 0.9754564762115479 0.6043421030044556 0.5789487361907959 0.6654403209686279 0.7300046682357788
0 0.9737327694892883 0.567983865737915 0.2613315284252167 0.6256252527236938 0.4038350284099579
0 0.9681816101074219 0.6610271334648132 0.2826916575431824 0.7075273394584656 0.39001816511154175
1 0.9661340117454529 0.3231329619884491 0.2555782198905945 0.38421574234962463 0.3896483778953552
1 0.9613492488861084 0.3166216313838959 0.06721338629722595 0.3806115686893463 0.22930583357810974
1 0.9496440887451172 0.3874574899673462 0.026431161910295486 0.43440115451812744 0.14292903244495392
0 0.943471372127533 0.49108442664146423 0.201383575797081 0.5343654751777649 0.31724733114242554
0 0.9320088624954224 0.5680525302886963 0.08026304841041565 0.6249065399169922 0.2358364760875702
0 0.9310594201087952 0.4658117890357971 0.11817803978919983 0.5125560164451599 0.22281572222709656
0 0.9251956939697266 0.5142050385475159 0.6066612005233765 0.5704079270362854 0.7221269607543945
0 0.9220486879348755 0.32737329602241516 0.4605339765548706 0.38847073912620544 0.6128166913986206
0 0.9206726551055908 0.7244123220443726 0.19470815360546112 0.8103985786437988 0.4046446681022644
0 0.8920290470123291 0.7126535773277283 0.7250762581825256 0.7652391791343689 0.8345857262611389
1 0.8919245004653931 0.3937635123729706 0.187037855386734 0.43889930844306946 0.30301690101623535
