1 0.545809805393219 0.022458791732788086 -0.6625268459320068 0.34227409958839417 2.426776647567749
1 0.5395582914352417 0.23681318759918213 -0.867705225944519 0.4817308783531189 2.6353697776794434
0 0.5035310387611389 0.35263434052467346 -0.2674703001976013 0.5159088373184204 2.0065457820892334
0 0.49907416105270386 -4.278879165649414 0.9252476692199707 4.929614067077637 0.9902619123458862
0 0.4990207850933075 -1.5258501768112183 0.7502343654632568 2.3368144035339355 1.1551454067230225
0 0.4989966154098511 0.37089085578918457 -8.742692947387695 0.3888772130012512 10.480213165283203
0 0.4989674687385559 -2.463914155960083 0.8393638134002686 2.6872928142547607 1.06068754196167
0 0.4988909065723419 0.1368873417377472 -5.505324363708496 0.15585073828697205 7.255281448364258
0 0.4988325834274292 0.2074640393257141 -7.371260643005371 0.2425394356250763 9.109000205993652
0 0.4988085627555847 0.2890065312385559 -9.389886856079102 0.3166729211807251 11.11733627319336
0 0.4987441599369049 0.4481232464313507 -3.6369690895080566 0.46226468682289124 5.374979496002197
0 0.4985423982143402 -7.7052130699157715 0.560242772102356 9.609869003295898 0.5641489028930664
0 0.49824994802474976 -4.07659387588501 0.24590368568897247 5.978862285614014 0.249929741024971
0 0.4981134235858917 -5.086432456970215 0.17281164228916168 6.996813774108887 0.17680297791957855
0 0.498004674911499 -6.211933135986328 0.6380810141563416 8.106711387634277 0.6410300135612488
0 0.4978705942630768 -6.804722785949707 0.47812026739120483 8.696297645568848 0.4829094409942627
0 0.49781280755996704 -5.582857608795166 0.3982006907463074 7.470030307769775 0.40324968099594116
0 0.49740320444107056 -5.136839389801025 0.3184957504272461 7.030419826507568 0.3244338631629944
