0 0.7783384919166565 0.42350780963897705 0.37325143814086914 0.4666031002998352 0.502261221408844
1 0.5445521473884583 0.1134701669216156 -0.6936526298522949 0.43501171469688416 2.47444486618042
1 0.5418391823768616 0.23652322590351105 -0.906085729598999 0.48304957151412964 2.6718485355377197
0 0.49906542897224426 -4.261768817901611 0.9240971803665161 4.912998676300049 0.9925601482391357
0 0.4990012049674988 -1.4368616342544556 0.7359939813613892 2.247250556945801 1.1692272424697876
0 0.49899327754974365 0.3712024390697479 -8.256531715393066 0.3890950381755829 9.99443531036377
0 0.4989855885505676 -2.5549614429473877 0.8444267511367798 2.7784526348114014 1.0556879043579102
0 0.4989016354084015 0.13644082844257355 -5.087375640869141 0.15598945319652557 6.836923599243164
0 0.49879908561706543 0.20826764404773712 -6.632926940917969 0.24209736287593842 8.371102333068848
0 0.498748242855072 0.4489825367927551 -3.9269354343414307 0.4624216556549072 5.666426658630371
0 0.4987342357635498 0.29008591175079346 -8.139674186706543 0.31593000888824463 9.8677339553833
0 0.4986037313938141 0.35153526067733765 -0.31242072582244873 0.5174153447151184 2.050778388977051
0 0.49848705530166626 -7.846356391906738 0.5622851252555847 9.750565528869629 0.5660704970359802
0 0.4984484314918518 -6.947180271148682 0.4055490493774414 8.842266082763672 0.4092404842376709
0 0.49837303161621094 -5.201746463775635 0.2499610185623169 7.1072869300842285 0.253437876701355
0 0.4982481002807617 -7.850478172302246 0.48228707909584045 9.748749732971191 0.4864329993724823
0 0.49814581871032715 -6.643101692199707 0.32686567306518555 8.541105270385742 0.3311399817466736
0 0.498088002204895 -5.785854339599609 0.17320716381072998 7.696276664733887 0.17680883407592773
0 0.4980184733867645 -6.689708709716797 0.6399557590484619 8.581912994384766 0.6427302360534668
