1 0.9837603569030762 0.2319389283657074 0.37827152013778687 0.28431037068367004 0.48758429288864136
1 0.982192873954773 0.2517312169075012 0.10573571175336838 0.29782384634017944 0.22155925631523132
1 0.9790875315666199 0.23268282413482666 0.2800808548927307 0.2849045991897583 0.3904106020927429
1 0.9760638475418091 0.15920516848564148 0.060934651643037796 0.22436952590942383 0.1850976198911667
1 0.9729442596435547 0.12438563257455826 0.30833035707473755 0.20042350888252258 0.5073907375335693
0 0.9678137898445129 0.6583783030509949 0.2810066044330597 0.7085573077201843 0.38995763659477234
1 0.9597741365432739 0.3169098496437073 0.06656395643949509 0.3801957964897156 0.22888365387916565
1 0.9596065878868103 0.32532402873039246 0.25456807017326355 0.38228121399879456 0.39485540986061096
0 0.9541036486625671 0.5673921704292297 0.2594425082206726 0.6243391633033752 0.40502434968948364
1 0.9443367123603821 0.3872066140174866 0.028205882757902145 0.4349902868270874 0.14038705825805664
1 0.9438531398773193 0.19873616099357605 0.7082713842391968 0.27251261472702026 0.8650987148284912
0 0.9420850872993469 0.490299254655838 0.2038712501525879 0.5346575379371643 0.31496959924697876
0 0.9388678073883057 0.567505955696106 0.07985945791006088 0.6233251094818115 0.23491328954696655
0 0.924413800239563 0.46462470293045044 0.118839792907238 0.5122820138931274 0.220191091299057
1 0.8992560505867004 0.3305942714214325 0.35564476251602173 0.3787318170070648 0.4720129370689392
0 0.8779990673065186 0.32810673117637634 0.4729609489440918 0.3902510702610016 0.6089147329330444
0 0.8384552001953125 0.727331817150116 0.19659098982810974 0.8066137433052063 0.4015677273273468
1 0.8372358083724976 0.22362610697746277 0.6165558695793152 0.27249038219451904 0.7208516001701355
0 0.8355509042739868 0.5425317287445068 0.02414834126830101 0.5936384201049805 0.14075011014938354
0 0.7722579836845398 0.4111034870147705 0.7007696628570557 0.4756258726119995 0.857884407043457
