1 0.9858280420303345 0.15979526937007904 0.07378873974084854 0.21496807038784027 0.20267322659492493
1 0.9806956648826599 0.2502722144126892 0.11332307755947113 0.29364627599716187 0.2125370055437088
1 0.9748774766921997 0.23418322205543518 0.2830578684806824 0.2808872163295746 0.39274686574935913
0 0.9706104397773743 0.6105319857597351 0.5894421339035034 0.6796190142631531 0.7297064065933228
0 0.9694702625274658 0.4906691908836365 0.3258764445781708 0.5529327988624573 0.5087747573852539
0 0.9693361520767212 0.6589793562889099 0.2864416241645813 0.7088668942451477 0.39098626375198364
1 0.9675992131233215 0.12783518433570862 0.3079497814178467 0.19528475403785706 0.5003664493560791
1 0.9640708565711975 0.3208264410495758 0.2616744637489319 0.3836614191532135 0.3938940167427063
1 0.9597721099853516 0.11041291058063507 0.5923178195953369 0.17450471222400665 0.7348440885543823
1 0.9596605896949768 0.3937937617301941 0.187447190284729 0.43791860342025757 0.30216795206069946
1 0.9590502977371216 0.23331280052661896 0.38595321774482727 0.283778578042984 0.49009081721305847
1 0.9579064249992371 0.23886090517044067 0.14020848274230957 0.3108205795288086 0.30260974168777466
0 0.9544147253036499 0.703121542930603 0.024810802191495895 0.7565282583236694 0.14142067730426788
0 0.9482178688049316 0.4925854206085205 0.20558160543441772 0.5342504978179932 0.3063023090362549
0 0.9404305815696716 0.5566505193710327 0.12922444939613342 0.5988789796829224 0.22399047017097473
1 0.9388185143470764 0.392002135515213 0.03243589401245117 0.43209192156791687 0.13826721906661987
1 0.9386719465255737 0.2158806174993515 0.6113232970237732 0.2729102671146393 0.7256808876991272
0 0.9340003132820129 0.5117793083190918 0.607591450214386 0.5708856582641602 0.7250609993934631
0 0.9291218519210815 0.57322096824646 0.489951491355896 0.627855658531189 0.5953867435455322
1 0.9245354533195496 0.40397223830223083 0.4963437020778656 0.4523676335811615 0.6115332245826721
