1 0.798954427242279 0.5006439089775085 0.44029736518859863 0.5665088295936584 0.6170284748077393
1 0.551287829875946 0.236460343003273 -0.7823147773742676 0.4833106994628906 2.5538785457611084
1 0.5471290946006775 0.022455677390098572 -0.6172205805778503 0.3404906988143921 2.382323980331421
1 0.504427969455719 0.3482854664325714 -0.17858481407165527 0.5168019533157349 1.9278995990753174
0 0.4990677833557129 -4.696203708648682 0.928842306137085 5.344054698944092 0.9874939918518066
0 0.4990014433860779 -1.4467904567718506 0.7458291053771973 2.256080150604248 1.1588201522827148
0 0.4989796280860901 0.3700871765613556 -8.548888206481934 0.38908711075782776 10.28625774383545
0 0.4989333152770996 -2.511075019836426 0.8323805332183838 2.735386371612549 1.0674163103103638
0 0.4988722801208496 0.1371849626302719 -4.865538597106934 0.1546911746263504 6.617439270019531
0 0.4988083243370056 0.28891780972480774 -8.314886093139648 0.31683626770973206 10.041528701782227
0 0.4987989664077759 0.2080695927143097 -6.6623311042785645 0.24116382002830505 8.400535583496094
0 0.4987265467643738 0.4469693899154663 -4.120547771453857 0.46194398403167725 5.86143159866333
0 0.498563289642334 -8.900681495666504 0.5618500113487244 10.806168556213379 0.5659101605415344
0 0.4983946681022644 -8.331387519836426 0.40393495559692383 10.226950645446777 0.40845030546188354
0 0.4983349144458771 -5.130965709686279 0.25152644515037537 7.028749942779541 0.25522133708000183
0 0.49820148944854736 -10.063971519470215 0.48144835233688354 11.964829444885254 0.4865068793296814
0 0.4981694221496582 -5.370924472808838 0.17400291562080383 7.277369976043701 0.1772790551185608
0 0.4981125295162201 -6.7497076988220215 0.6379735469818115 8.642610549926758 0.6408028602600098
0 0.498100221157074 -6.580538749694824 0.32739293575286865 8.47497272491455 0.3326061964035034
