1 0.9167549014091492 0.32822471857070923 0.5018446445465088 0.39004969596862793 0.6184223890304565
0 0.9010586142539978 0.7347860336303711 0.21635718643665314 0.8167710304260254 0.4109768867492676
1 0.8932144045829773 0.23356413841247559 0.277945339679718 0.28782325983047485 0.3900516629219055
0 0.8842760920524597 0.5104559659957886 0.6011247038841248 0.5747334957122803 0.7279646992683411
1 0.8572649359703064 0.12454260885715485 0.3019753694534302 0.20863346755504608 0.5082931518554688
0 0.8118427395820618 0.323980450630188 0.3760942220687866 0.3755718469619751 0.493064284324646
1 0.7620171308517456 0.7043188214302063 0.09987500309944153 0.7690666317939758 0.2396334707736969
0 0.7408847212791443 0.5641787648200989 0.2772763967514038 0.6157144904136658 0.4014201760292053
0 0.49909669160842896 -3.609898805618286 0.9009428024291992 4.2767558097839355 1.0177638530731201
0 0.4990023672580719 0.37011221051216125 -15.680644035339355 0.38659438490867615 17.409433364868164
0 0.4989786744117737 -2.484828233718872 0.8229406476020813 2.7091429233551025 1.0790386199951172
0 0.49892497062683105 0.1331857442855835 -4.272172927856445 0.1580723226070404 6.019469261169434
0 0.49886199831962585 -1.5538145303726196 0.6478613018989563 2.377431869506836 1.2576837539672852
0 0.4987570643424988 0.28875643014907837 -16.80548858642578 0.31284523010253906 18.525344848632812
0 0.4987414479255676 0.2017359733581543 -10.431853294372559 0.24176746606826782 12.160861015319824
0 0.49861565232276917 -5.864471435546875 0.5647932291030884 7.7727251052856445 0.5687493085861206
0 0.4985211491584778 0.4446605145931244 -6.756991386413574 0.45919016003608704 8.495113372802734
0 0.4984366297721863 -6.421131610870361 0.3315448760986328 8.322593688964844 0.33735716342926025
0 0.4983799457550049 -3.8954365253448486 0.24892491102218628 5.798702239990234 0.2534281015396118
0 0.49836233258247375 -5.776211738586426 0.17245005071163177 7.686676025390625 0.1760079711675644
