1 0.9646705985069275 0.31445959210395813 0.31070202589035034 0.38503411412239075 0.5098692178726196
1 0.9574182033538818 0.39960142970085144 0.28433898091316223 0.4539966285228729 0.39782342314720154
0 0.9493255019187927 0.563145101070404 0.23593956232070923 0.6292361617088318 0.4138299822807312
0 0.9440800547599792 0.4862840175628662 0.28991758823394775 0.5344836711883545 0.39350461959838867
1 0.9337873458862305 0.22074607014656067 0.6044801473617554 0.283952921628952 0.7347327470779419
0 0.8763498067855835 0.8023778796195984 0.7102521657943726 0.8834835886955261 0.8498541116714478
0 0.8300113677978516 0.6492536067962646 0.2042820006608963 0.6984796524047852 0.30564451217651367
0 0.7879297137260437 0.5880454778671265 0.41806837916374207 0.6668866872787476 0.61353999376297
1 0.7799287438392639 0.24380408227443695 0.0329982228577137 0.29161715507507324 0.14299452304840088
0 0.49912214279174805 -4.256957054138184 0.9023439884185791 4.915835380554199 1.0139864683151245
0 0.49899768829345703 -2.512509346008301 0.8071562647819519 2.7381949424743652 1.0937814712524414
0 0.49894168972969055 0.37204471230506897 -14.904340744018555 0.3865210711956024 16.6304988861084
0 0.4988924264907837 0.1368979513645172 -4.593340873718262 0.15674158930778503 6.337197303771973
0 0.4987756609916687 -1.637515902519226 0.6610835194587708 2.4483227729797363 1.2424249649047852
0 0.4987714886665344 0.29162243008613586 -18.140539169311523 0.3126339614391327 19.859373092651367
0 0.4986554980278015 0.2087242305278778 -12.579686164855957 0.23889127373695374 14.308388710021973
0 0.4985847771167755 -5.62407922744751 0.2538073658943176 7.532026767730713 0.2577281594276428
0 0.49848294258117676 -6.5219621658325195 0.1773044914007187 8.436144828796387 0.18106214702129364
0 0.4982064962387085 0.4458279013633728 -6.328692436218262 0.45990586280822754 8.064095497131348
0 0.49817711114883423 -5.255942344665527 0.5716379880905151 7.165862083435059 0.5751100778579712
