1 0.9827896952629089 0.25093138217926025 0.11094474047422409 0.2934427261352539 0.21468740701675415
1 0.9770880937576294 0.16105593740940094 0.047469839453697205 0.21986569464206696 0.17109766602516174
0 0.9751734733581543 0.4916655123233795 0.3343716263771057 0.5523943305015564 0.5113306045532227
0 0.9711697697639465 0.6035473942756653 0.578938901424408 0.6684021353721619 0.7305216193199158
1 0.970576286315918 0.23657497763633728 0.2807842493057251 0.28063252568244934 0.3923491835594177
1 0.9691886305809021 0.32181477546691895 0.2639610171318054 0.3838775157928467 0.39404916763305664
1 0.9640409350395203 0.12588807940483093 0.3052070140838623 0.19891506433486938 0.5025518536567688
1 0.9639350771903992 0.39568081498146057 0.18925201892852783 0.4395410120487213 0.3013584017753601
1 0.9583368897438049 0.23167817294597626 0.38200703263282776 0.28316324949264526 0.4916190207004547
1 0.9570965766906738 0.23907195031642914 0.14219513535499573 0.31653863191604614 0.2989124655723572
1 0.9523426294326782 0.3913600444793701 0.032689329236745834 0.43423908948898315 0.13876822590827942
0 0.9448962211608887 0.6590077877044678 0.281930148601532 0.7078762054443359 0.3916625380516052
0 0.9428554177284241 0.5552420616149902 0.12709105014801025 0.5984625816345215 0.2273050844669342
0 0.9414806365966797 0.4916302561759949 0.20490337908267975 0.5368279814720154 0.30920666456222534
1 0.9414477348327637 0.10973992943763733 0.5863583087921143 0.17465552687644958 0.7322354316711426
1 0.940784752368927 0.2157209813594818 0.609427809715271 0.2715870440006256 0.726049542427063
0 0.9396527409553528 0.7045993208885193 0.024533502757549286 0.7574977278709412 0.142970472574234
0 0.9268288612365723 0.5155587792396545 0.6071154475212097 0.5660989880561829 0.7183476090431213
0 0.9261507987976074 0.810147762298584 0.7146510481834412 0.8872289657592773 0.8509345650672913
0 0.924672544002533 0.5759326219558716 0.2729072868824005 0.634545087814331 0.4043181836605072
