0 0.807522177696228 0.5994911193847656 0.47887271642684937 0.6650574207305908 0.6141209006309509
1 0.5430290699005127 0.11475211381912231 -0.6451283693313599 0.43420881032943726 2.4285640716552734
0 0.49901604652404785 -4.662524223327637 0.9273849725723267 5.310667037963867 0.9889974594116211
0 0.49893859028816223 -2.476402759552002 0.83200603723526 2.699389934539795 1.0681664943695068
0 0.4989128112792969 -1.527168869972229 0.753537654876709 2.3348467350006104 1.1510474681854248
0 0.4989054203033447 0.3699089288711548 -8.019182205200195 0.3887402415275574 9.756830215454102
0 0.4988482594490051 0.13782237470149994 -5.306212425231934 0.15526323020458221 7.058576583862305
0 0.4987630546092987 0.20826227962970734 -6.732555389404297 0.24122832715511322 8.469808578491211
0 0.49875378608703613 0.290024995803833 -8.377511024475098 0.3153223395347595 10.105120658874512
0 0.4986608624458313 0.44663116335868835 -3.880830764770508 0.46236470341682434 5.620596885681152
0 0.4984622299671173 -8.422441482543945 0.5626354217529297 10.330739974975586 0.5667769908905029
0 0.4984532296657562 -5.683041572570801 0.2510610520839691 7.581978797912598 0.2546774446964264
0 0.4984179735183716 -8.867072105407715 0.4050455093383789 10.764607429504395 0.4091675877571106
0 0.49828654527664185 -5.751345157623291 0.17366373538970947 7.659652233123779 0.1770695447921753
0 0.4982510209083557 -7.258309841156006 0.3279866576194763 9.154961585998535 0.33272552490234375
0 0.4981048107147217 -10.010613441467285 0.48236003518104553 11.913025856018066 0.4872244894504547
0 0.49804335832595825 -6.273072242736816 0.6392748355865479 8.168416976928711 0.6422123908996582
0 0.4975306987762451 0.348599910736084 -0.13716387748718262 0.5194388628005981 1.883310317993164
