1 0.6214809417724609 0.18129754066467285 0.007061339914798737 0.23363402485847473 0.12956517934799194
1 0.5483330488204956 0.11455298960208893 -0.620455801486969 0.4316992163658142 2.4059808254241943
1 0.5274211168289185 0.3502599895000458 -0.09331017732620239 0.5171575546264648 1.8460924625396729
0 0.4989798665046692 -4.106867790222168 0.9258073568344116 4.754690170288086 0.9917290210723877
0 0.49896901845932007 -5.938713550567627 0.913459062576294 6.287695407867432 1.0110576152801514
0 0.49890950322151184 -1.3887431621551514 0.7488369941711426 2.197026252746582 1.1576743125915527
0 0.4988902807235718 -2.429448366165161 0.8301402926445007 2.6528546810150146 1.0704894065856934
0 0.49888181686401367 0.36917078495025635 -7.6057024002075195 0.3885101079940796 9.34497356414795
0 0.4988436698913574 0.13725148141384125 -5.1588969230651855 0.15519778430461884 6.910337924957275
0 0.49874383211135864 0.2079504430294037 -6.734659194946289 0.2410658299922943 8.472918510437012
0 0.4987361431121826 0.2889462113380432 -7.973292350769043 0.3158939480781555 9.701764106750488
0 0.49863022565841675 0.4458375573158264 -3.568525791168213 0.4624781012535095 5.3102707862854
0 0.4984803795814514 -8.33603286743164 0.562598705291748 10.246011734008789 0.5668947696685791
0 0.4982624650001526 -8.473761558532715 0.40510377287864685 10.372122764587402 0.4097098410129547
0 0.4982569217681885 -5.279336452484131 0.2510243058204651 7.178022861480713 0.2548348307609558
0 0.4980854392051697 -6.889612197875977 0.32782799005508423 8.787507057189941 0.33302879333496094
0 0.4980660676956177 -6.265941143035889 0.6386197209358215 8.162485122680664 0.641633927822113
0 0.49806272983551025 -5.519513130187988 0.17416034638881683 7.426847457885742 0.17757828533649445
0 0.497955322265625 -9.669242858886719 0.48219096660614014 11.572622299194336 0.487609326839447
