0 0.8447732925415039 0.5013018250465393 0.360451340675354 0.5658320784568787 0.5108534097671509
1 0.5498975515365601 0.023227423429489136 -0.7517607808113098 0.34071779251098633 2.50614857673645
1 0.5472144484519958 0.11055316030979156 -1.0422143936157227 0.438959002494812 2.8150978088378906
1 0.5264515280723572 0.23652604222297668 -0.8443293571472168 0.4847829043865204 2.6110174655914307
0 0.5077862739562988 0.35867321491241455 -0.09561115503311157 0.5150901079177856 1.8482122421264648
0 0.499115914106369 -4.605998992919922 0.92467200756073 5.2555742263793945 0.9904261827468872
0 0.4991030991077423 0.37130314111709595 -10.922629356384277 0.3886021375656128 12.657050132751465
0 0.49904680252075195 0.2912517488002777 -11.633305549621582 0.31452181935310364 13.357640266418457
0 0.4989452064037323 -2.536442995071411 0.8462408781051636 2.759373903274536 1.0532130002975464
0 0.4988735318183899 0.13767963647842407 -5.281244277954102 0.1544496715068817 7.0309295654296875
0 0.4988349676132202 0.20822526514530182 -7.233473777770996 0.2415141612291336 8.968554496765137
0 0.4987463653087616 -1.3104794025421143 0.6890004873275757 2.1165661811828613 1.2120883464813232
0 0.49853646755218506 -5.908693790435791 0.5573634505271912 7.8116135597229 0.5616962313652039
0 0.4985167384147644 -7.334378242492676 0.40426933765411377 9.240130424499512 0.40780746936798096
0 0.4984022378921509 0.4472513198852539 -4.653608798980713 0.4618864059448242 6.39680814743042
0 0.49833887815475464 -6.493258476257324 0.4794706404209137 8.400150299072266 0.48391440510749817
0 0.4982834458351135 -5.671211242675781 0.634423553943634 7.561727523803711 0.6372974514961243
0 0.49803590774536133 -4.420628070831299 0.2505914270877838 6.3266520500183105 0.2542590796947479
0 0.497768759727478 -6.69696569442749 0.3261435627937317 8.60268497467041 0.33109050989151
0 0.49751007556915283 -4.235944747924805 0.17399457097053528 6.152761459350586 0.1782379150390625
