1 0.9765244126319885 0.12746258080005646 0.20133137702941895 0.2021009773015976 0.4043508768081665
1 0.9721541404724121 0.4100476801395416 0.3530195951461792 0.4744322597980499 0.5108339190483093
1 0.966535210609436 0.23497873544692993 0.27718672156333923 0.2893522381782532 0.39582040905952454
1 0.9594515562057495 0.24798636138439178 0.1088278740644455 0.2991950809955597 0.22197739779949188
1 0.9583228230476379 0.3147733211517334 0.06019660830497742 0.37879621982574463 0.23182103037834167
0 0.9292289018630981 0.5808085799217224 0.482827752828598 0.6337581276893616 0.6000053286552429
0 0.9241008758544922 0.4822444021701813 0.15870550274848938 0.53298020362854 0.3112207055091858
1 0.9173545241355896 0.32379239797592163 0.267002135515213 0.37507516145706177 0.3923961818218231
1 0.8669342398643494 0.19835655391216278 0.7042914628982544 0.2735493779182434 0.8687053918838501
1 0.8584505915641785 0.3306017518043518 0.49476760625839233 0.38298559188842773 0.620674192905426
1 0.8530438542366028 0.4154881536960602 0.5642560124397278 0.4821551740169525 0.7283216118812561
0 0.8503845930099487 0.5164464712142944 0.6052818298339844 0.5681023597717285 0.721824049949646
0 0.8497316837310791 0.6603912115097046 0.28460243344306946 0.708746075630188 0.39639076590538025
0 0.8286224603652954 0.7276911735534668 0.19542306661605835 0.8146960735321045 0.4024627208709717
0 0.7422946095466614 0.39661821722984314 0.11809266358613968 0.4446534216403961 0.23619860410690308
0 0.7126935720443726 0.5393698215484619 0.01962873339653015 0.6052229404449463 0.14955079555511475
1 0.6250914931297302 0.22478365898132324 0.36528486013412476 0.28348439931869507 0.47033119201660156
1 0.6207704544067383 0.3335229456424713 0.12167492508888245 0.3744286000728607 0.2165367603302002
0 0.597598135471344 0.20685535669326782 0.5536481738090515 0.27725592255592346 0.722706139087677
1 0.5773651599884033 0.2500014007091522 0.2124282270669937 0.28954192996025085 0.3080797791481018
