0 0.831316351890564 0.506138265132904 0.34131407737731934 0.5638070702552795 0.514917254447937
1 0.5539981126785278 0.10757826268672943 -0.753177285194397 0.43929511308670044 2.533003330230713
1 0.5035334229469299 0.3518509268760681 -0.2740338444709778 0.5147995352745056 2.017728328704834
0 0.49905985593795776 -4.132443904876709 0.9197763204574585 4.784216403961182 0.9955480098724365
0 0.4990196228027344 0.3715876042842865 -8.984116554260254 0.3885352313518524 10.722216606140137
0 0.49897730350494385 -2.518206834793091 0.8439825773239136 2.742551565170288 1.0547380447387695
0 0.4989085793495178 -1.4662750959396362 0.7017017602920532 2.279364585876465 1.201860785484314
0 0.498884916305542 0.13661175966262817 -4.924625873565674 0.1554338037967682 6.674301624298096
0 0.49883854389190674 0.20778149366378784 -6.714582443237305 0.2424621880054474 8.45058536529541
0 0.49882936477661133 0.289254754781723 -9.076004981994629 0.3167232573032379 10.80278491973877
0 0.4986335039138794 0.4487844407558441 -3.7273879051208496 0.46204307675361633 5.467366695404053
0 0.4984329342842102 -6.888237953186035 0.40558990836143494 8.784448623657227 0.40912631154060364
0 0.4984135031700134 -7.827209949493408 0.5621657371520996 9.731620788574219 0.5658136606216431
0 0.4982239902019501 -7.813241481781006 0.48220962285995483 9.710822105407715 0.48638439178466797
0 0.4982045292854309 -4.768635272979736 0.24973396956920624 6.674698352813721 0.25292086601257324
0 0.4979907274246216 -6.625173091888428 0.6397449970245361 8.520054817199707 0.6425014734268188
0 0.4979309141635895 -6.510712623596191 0.326670378446579 8.40899658203125 0.33079418540000916
0 0.49791550636291504 -5.603635787963867 0.17263934016227722 7.515416145324707 0.17600199580192566
