1 0.9841669797897339 0.2506710886955261 0.10750782489776611 0.29756850004196167 0.2207605540752411
1 0.9826706051826477 0.12949350476264954 0.2027096152305603 0.20547479391098022 0.4064716696739197
1 0.9795899391174316 0.23552192747592926 0.27918267250061035 0.2847442030906677 0.39068490266799927
1 0.9752109050750732 0.23327474296092987 0.3801581561565399 0.29000112414360046 0.49252501130104065
0 0.972845733165741 0.3940107822418213 0.12744127213954926 0.44144517183303833 0.2382991760969162
0 0.9667295813560486 0.6610323786735535 0.2810533940792084 0.708610475063324 0.3939378559589386
1 0.9612116813659668 0.16048483550548553 0.04384470731019974 0.2239231914281845 0.17599955201148987
1 0.9582071304321289 0.3151550590991974 0.060635536909103394 0.3814127743244171 0.23326045274734497
1 0.9476379752159119 0.3300209939479828 0.5027980804443359 0.38535597920417786 0.6151211261749268
0 0.944525957107544 0.31888332962989807 0.36411264538764954 0.3866948187351227 0.5177515745162964
0 0.9399821162223816 0.2077934592962265 0.5548765063285828 0.28026309609413147 0.7155781388282776
1 0.931696355342865 0.1961745321750641 0.705196738243103 0.274846613407135 0.8730465173721313
0 0.8798519372940063 0.48452797532081604 0.27489835023880005 0.5430943965911865 0.4194696545600891
0 0.8595718145370483 0.5812616348266602 0.4821086823940277 0.6340136528015137 0.5977690815925598
0 0.8518990874290466 0.5096114277839661 0.6090177297592163 0.5738762021064758 0.7300524711608887
0 0.8508845567703247 0.5721542835235596 0.08818676322698593 0.6250214576721191 0.23250097036361694
0 0.819778323173523 0.5438399910926819 0.02008698135614395 0.600665271282196 0.14073073863983154
0 0.7269766330718994 0.7291389107704163 0.19345030188560486 0.8127606511116028 0.40535417199134827
1 0.5309087038040161 0.24739548563957214 0.20135873556137085 0.2874409854412079 0.29402828216552734
0 0.5135794281959534 0.33331990242004395 0.12126399576663971 0.37152212858200073 0.22166208922863007
