1 0.93239825963974 0.2348077893257141 0.2816327214241028 0.28651243448257446 0.39214223623275757
1 0.9157266020774841 0.3287529945373535 0.5012658834457397 0.39050787687301636 0.621909499168396
0 0.9034904837608337 0.7321037650108337 0.21832533180713654 0.8187300562858582 0.4104716181755066
0 0.8760365843772888 0.15866710245609283 0.06990117579698563 0.2225860208272934 0.2155517041683197
1 0.8734229207038879 0.12363612651824951 0.2977679967880249 0.20883169770240784 0.5101697444915771
0 0.8676915764808655 0.3244779407978058 0.3773472011089325 0.37383636832237244 0.4964548647403717
0 0.8670561909675598 0.5094256401062012 0.6060516834259033 0.5744515657424927 0.7307250499725342
0 0.7949271202087402 0.5588136911392212 0.28265899419784546 0.6223016977310181 0.40889400243759155
1 0.7115059494972229 0.7022508978843689 0.10236594080924988 0.7660457491874695 0.24010592699050903
0 0.49906501173973083 -3.4785430431365967 0.8973314166069031 4.144838809967041 1.0216081142425537
0 0.4989927411079407 -2.523263692855835 0.8233805298805237 2.7475788593292236 1.0780489444732666
0 0.4989306926727295 0.369841605424881 -15.972134590148926 0.3861744701862335 17.700157165527344
0 0.4988977611064911 0.13355380296707153 -4.508901596069336 0.15802517533302307 6.257761001586914
0 0.49875855445861816 -1.4871338605880737 0.6416963338851929 2.3077597618103027 1.2643101215362549
0 0.49870792031288147 0.20203253626823425 -10.729131698608398 0.24145272374153137 12.45846176147461
0 0.4986737370491028 0.2887449562549591 -17.713350296020508 0.3128916919231415 19.433141708374023
0 0.4985334277153015 -6.550643444061279 0.5680981874465942 8.456131935119629 0.5720905065536499
0 0.4983874559402466 0.4442625641822815 -6.538704872131348 0.4588516354560852 8.277242660522461
0 0.49835047125816345 -7.44129753112793 0.41547244787216187 9.340526580810547 0.4206063151359558
0 0.4982854425907135 -6.341128349304199 0.33253729343414307 8.240997314453125 0.338611900806427
