1 0.9788882732391357 0.2288341075181961 0.27631667256355286 0.2821161150932312 0.38677510619163513
1 0.9768210053443909 0.24874910712242126 0.11425909399986267 0.29780611395835876 0.22334221005439758
1 0.9748958945274353 0.12575487792491913 0.19567108154296875 0.20191027224063873 0.41351044178009033
1 0.9717054963111877 0.31467482447624207 0.06485370546579361 0.3824335038661957 0.23051568865776062
0 0.9667820334434509 0.660183310508728 0.28367841243743896 0.708605170249939 0.39083296060562134
0 0.9642562866210938 0.39154747128486633 0.12657752633094788 0.4410765469074249 0.2363068163394928
1 0.9399551153182983 0.4095332622528076 0.35744163393974304 0.4699336290359497 0.5118865966796875
1 0.929653525352478 0.16387592256069183 0.025288604199886322 0.225791797041893 0.15326052904129028
1 0.9232184886932373 0.2326163649559021 0.3729880154132843 0.2887011170387268 0.4854908883571625
0 0.9168494939804077 0.31956541538238525 0.27922821044921875 0.3830522894859314 0.41891831159591675
0 0.9047885537147522 0.31621256470680237 0.36440932750701904 0.3828282058238983 0.5217433571815491
0 0.8917661309242249 0.5809865593910217 0.4808276295661926 0.6339934468269348 0.5992289185523987
0 0.8861605525016785 0.48213431239128113 0.16238434612751007 0.5386620759963989 0.31428056955337524
1 0.8793597221374512 0.19624322652816772 0.7047357559204102 0.27493640780448914 0.8705481290817261
0 0.8570268154144287 0.20723502337932587 0.5523123145103455 0.2780829668045044 0.7224047780036926
1 0.831771969795227 0.3244048058986664 0.4936365485191345 0.38596609234809875 0.6206362843513489
0 0.7991401553153992 0.7269397377967834 0.1862514317035675 0.8082672953605652 0.4083520472049713
0 0.7629880309104919 0.5114957690238953 0.6067445874214172 0.5733352303504944 0.7302286028862
0 0.711818277835846 0.5434496402740479 0.015540041029453278 0.5981264114379883 0.1496008336544037
0 0.547965943813324 0.5680722594261169 0.09692304581403732 0.6232293248176575 0.22484496235847473
