1 0.9926007986068726 0.26228347420692444 0.17871680855751038 0.3031386435031891 0.26995527744293213
1 0.9874325394630432 0.2638104557991028 0.01109854131937027 0.3087380528450012 0.10480757057666779
1 0.9856223464012146 0.2504410445690155 0.3568078875541687 0.300576776266098 0.45240598917007446
1 0.9805994033813477 0.1857433319091797 -0.0003661215305328369 0.23470264673233032 0.10697432607412338
1 0.9802600741386414 0.16705060005187988 0.1389268934726715 0.2176973521709442 0.2652595341205597
1 0.9782048463821411 0.23977859318256378 0.45934203267097473 0.28875070810317993 0.5590929985046387
1 0.9769570231437683 0.15834183990955353 0.19330301880836487 0.22599367797374725 0.36276736855506897
0 0.9750071167945862 0.645526647567749 0.09882114082574844 0.6833477020263672 0.1923936903476715
0 0.974429726600647 0.7917551398277283 0.5464887022972107 0.8649507164955139 0.6756990551948547
1 0.9734676480293274 0.14335313439369202 0.2717459499835968 0.2119801938533783 0.46136537194252014
0 0.9727123379707336 0.7789185047149658 0.4325225353240967 0.8489923477172852 0.5665994882583618
1 0.9725122451782227 0.2603698670864105 0.0966564416885376 0.30450770258903503 0.18073463439941406
0 0.9717260599136353 0.7371863722801208 0.1541416347026825 0.7827628254890442 0.2799994945526123
0 0.9712456464767456 0.7187164425849915 0.08254297077655792 0.7717702984809875 0.19209428131580353
0 0.9695630073547363 0.8045392036437988 0.6651648879051208 0.8779398202896118 0.798280656337738
0 0.967302680015564 0.7570462822914124 0.28154879808425903 0.8318820595741272 0.45709264278411865
0 0.9652402400970459 0.6776014566421509 0.3544827103614807 0.7208031415939331 0.4477950930595398
1 0.9644193649291992 0.1765998899936676 0.06939523667097092 0.22666871547698975 0.1843593716621399
0 0.9643546938896179 0.7193578481674194 0.014355674386024475 0.7679537534713745 0.1201142966747284
0 0.9638844132423401 0.6565349698066711 0.18364739418029785 0.694920003414154 0.2744150459766388
