1 0.5521993637084961 0.019868522882461548 -0.6194265484809875 0.3471110761165619 2.384197235107422
1 0.545600175857544 0.23426569998264313 -0.7350704073905945 0.4845971465110779 2.5037174224853516
1 0.5095012187957764 0.3498744070529938 -0.19995403289794922 0.5186161994934082 1.9455621242523193
0 0.4990641176700592 -4.543326377868652 0.9261676073074341 5.193636894226074 0.9901466369628906
0 0.4990367293357849 -1.6710076332092285 0.7481462955474854 2.482333183288574 1.1578514575958252
0 0.4989933967590332 0.370673805475235 -8.28115177154541 0.38904646039009094 10.019257545471191
0 0.4988805651664734 0.13782396912574768 -5.492979526519775 0.15545663237571716 7.24552583694458
0 0.4988395571708679 0.4482788145542145 -3.895129680633545 0.46262994408607483 5.635518550872803
0 0.498809278011322 0.28877267241477966 -8.485228538513184 0.316951721906662 10.213170051574707
0 0.4987719655036926 0.2082703709602356 -6.942336559295654 0.24198013544082642 8.68164348602295
0 0.49835699796676636 -8.081643104553223 0.5619210600852966 9.986241340637207 0.5658770203590393
0 0.4982839822769165 -4.79840087890625 0.24955901503562927 6.701523780822754 0.2532826364040375
0 0.4982035458087921 -7.098522186279297 0.40368127822875977 8.994340896606445 0.4081016778945923
0 0.4980704188346863 -6.307201385498047 0.6385464072227478 8.200854301452637 0.6412914395332336
0 0.4980161786079407 -5.104098320007324 0.17313823103904724 7.013811111450195 0.17676565051078796
0 0.49795469641685486 -6.198700904846191 0.3257301449775696 8.095012664794922 0.3307141065597534
0 0.4978705048561096 -8.509886741638184 0.4809075891971588 10.40839672088623 0.48587945103645325
