1 0.9908064603805542 0.25186094641685486 0.11804915219545364 0.29600468277931213 0.21736624836921692
0 0.9786238074302673 0.7011315822601318 0.02502155676484108 0.748916745185852 0.1420823484659195
1 0.9753990173339844 0.23633788526058197 0.28221359848976135 0.28634849190711975 0.38893094658851624
1 0.968923807144165 0.23864801228046417 0.1990572065114975 0.2845446765422821 0.3044317066669464
1 0.9645694494247437 0.24058139324188232 0.04713258519768715 0.29003018140792847 0.1357734650373459
1 0.9618920683860779 0.15440431237220764 0.07813096046447754 0.2183854877948761 0.20823577046394348
1 0.9605947136878967 0.13665418326854706 0.18240979313850403 0.20208029448986053 0.30572664737701416
1 0.9547344446182251 0.23437359929084778 0.38180607557296753 0.2828202545642853 0.4908847212791443
1 0.9525797367095947 0.14008450508117676 0.24019140005111694 0.21153762936592102 0.4074958562850952
1 0.9516522288322449 0.16862742602825165 0.029607705771923065 0.2220407873392105 0.14764949679374695
0 0.9450494050979614 0.6315845251083374 0.041353628039360046 0.6711548566818237 0.14046135544776917
0 0.9449341893196106 0.7150112390518188 0.09182645380496979 0.7639589309692383 0.22568769752979279
1 0.9335972666740417 0.12363307178020477 0.306823194026947 0.1983143836259842 0.5024276971817017
0 0.9302363395690918 0.6327391266822815 0.1370289921760559 0.6747134327888489 0.22947773337364197
0 0.9291847348213196 0.6522970199584961 0.22899483144283295 0.6951354742050171 0.32653650641441345
0 0.9256370663642883 0.65555340051651 0.29614052176475525 0.7027127146720886 0.3926096260547638
0 0.9221874475479126 0.8086957335472107 0.7200105786323547 0.8894627690315247 0.8465812802314758
0 0.9220360517501831 0.6722966432571411 0.4882477819919586 0.7259852886199951 0.6010888814926147
0 0.9216095805168152 0.716815173625946 0.7326440811157227 0.7667251229286194 0.832350492477417
0 0.9202466607093811 0.7282761931419373 0.17552924156188965 0.8037919402122498 0.3231559693813324
