0 0.9294705986976624 0.4955205023288727 0.40964940190315247 0.5672590732574463 0.6072721481323242
1 0.8960185050964355 0.22480475902557373 0.6126342415809631 0.28077811002731323 0.7281708121299744
1 0.8008999824523926 0.31523391604423523 0.22052183747291565 0.3768850862979889 0.4052029550075531
0 0.49905264377593994 -3.764603853225708 0.8995229005813599 4.424205780029297 1.0179568529129028
0 0.4990391135215759 -2.370556116104126 0.815971314907074 2.5972139835357666 1.0850995779037476
0 0.49892428517341614 0.13627643883228302 -4.612319469451904 0.15622831881046295 6.356944561004639
0 0.49887943267822266 0.3708207905292511 -13.984289169311523 0.3866659104824066 15.710973739624023
0 0.4987815022468567 0.29082009196281433 -17.568113327026367 0.3129243552684784 19.28727912902832
0 0.49875807762145996 -1.4321231842041016 0.6541579961776733 2.246969223022461 1.2520133256912231
0 0.49874627590179443 0.20834968984127045 -13.164753913879395 0.23795638978481293 14.89416217803955
0 0.4986431896686554 -7.325242042541504 0.41369229555130005 9.228301048278809 0.4176860451698303
0 0.4986007809638977 -6.437808036804199 0.5697579383850098 8.343374252319336 0.5730900764465332
0 0.49846017360687256 -7.281950950622559 0.49179893732070923 9.18860912322998 0.49587929248809814
0 0.49841344356536865 -5.389876842498779 0.25464528799057007 7.297154903411865 0.2589119076728821
0 0.4984033703804016 -6.250584125518799 0.3320167660713196 8.154006958007812 0.3370414972305298
0 0.4983155429363251 0.44468024373054504 -7.195156574249268 0.4591158330440521 8.931001663208008
0 0.4983031451702118 -6.204833030700684 0.1777629554271698 8.117679595947266 0.18160730600357056
0 0.4971618950366974 -4.3331298828125 0.6432697176933289 6.2291975021362305 0.6461924910545349
