1 0.6494776606559753 0.17301908135414124 0.02539236471056938 0.23743873834609985 0.13941171765327454
1 0.5603664517402649 0.11216998100280762 -0.5880916714668274 0.4346159100532532 2.3669326305389404
1 0.5459834337234497 0.34804248809814453 -0.15442025661468506 0.5164062976837158 1.9062668085098267
0 0.4990141987800598 -4.257387161254883 0.9277248978614807 4.906063079833984 0.9893955588340759
0 0.4989926815032959 -1.430569052696228 0.7601492404937744 2.2399818897247314 1.144378900527954
0 0.4989091455936432 0.368825763463974 -7.810760974884033 0.3886739909648895 9.54833984375
0 0.49885088205337524 0.13749785721302032 -5.05967903137207 0.15505386888980865 6.811427116394043
0 0.49877679347991943 0.44550052285194397 -3.7665717601776123 0.4620152413845062 5.50783634185791
0 0.49875062704086304 0.2079819291830063 -6.559704780578613 0.24151168763637543 8.29830265045166
0 0.49874669313430786 0.28842633962631226 -7.575968265533447 0.31638461351394653 9.303910255432129
0 0.4985734820365906 -5.424756050109863 0.25257623195648193 7.324612617492676 0.2559114098548889
0 0.49847134947776794 -8.609501838684082 0.561681866645813 10.516871452331543 0.5658988952636719
0 0.4983949065208435 -8.35423469543457 0.404094398021698 10.251518249511719 0.4085959792137146
0 0.4983551800251007 -7.072751998901367 0.3278740346431732 8.969385147094727 0.33272531628608704
0 0.4983327388763428 -5.669137954711914 0.1747780591249466 7.576506614685059 0.1777665764093399
0 0.49806326627731323 -6.682013988494873 0.6376624703407288 8.575839042663574 0.6405218243598938
0 0.4980286955833435 -9.464241981506348 0.4813702404499054 11.366423606872559 0.48654302954673767
