1 0.5515822768211365 0.23736506700515747 -0.6657211780548096 0.48189622163772583 2.436312198638916
1 0.5475720167160034 0.023014411330223083 -0.5255364775657654 0.3437143564224243 2.291787624359131
1 0.516157329082489 0.3494497239589691 -0.1735956072807312 0.5172914862632751 1.9190623760223389
0 0.49902981519699097 -1.6479820013046265 0.7495733499526978 2.4586892127990723 1.1564903259277344
0 0.4990154206752777 -4.398606300354004 0.9249039888381958 5.048494338989258 0.990963339805603
0 0.49891912937164307 0.3701487183570862 -7.764683246612549 0.3899378776550293 9.503423690795898
0 0.49882301688194275 0.13787062466144562 -4.864779949188232 0.155880406498909 6.6175150871276855
0 0.49880683422088623 0.44769495725631714 -3.694408893585205 0.46322041749954224 5.434627056121826
0 0.49870800971984863 0.20734815299510956 -6.474302768707275 0.2428898960351944 8.213622093200684
0 0.4987053871154785 0.2878256142139435 -7.892416954040527 0.31803569197654724 9.621075630187988
0 0.49852123856544495 -5.149667263031006 0.25113293528556824 7.052605152130127 0.2547512948513031
0 0.49841171503067017 -7.713581085205078 0.4045087397098541 9.609306335449219 0.40877923369407654
0 0.49840444326400757 -8.45475959777832 0.5619857907295227 10.359914779663086 0.565885603427887
0 0.49825915694236755 -6.55990743637085 0.3271446228027344 8.456158638000488 0.3319213390350342
0 0.4982122778892517 -5.23447847366333 0.17386990785598755 7.144144535064697 0.1773875653743744
0 0.49804699420928955 -6.580281734466553 0.6385364532470703 8.473892211914062 0.6412370204925537
0 0.49800747632980347 -8.890945434570312 0.48142674565315247 10.78997802734375 0.4862075746059418
