1 0.9599628448486328 0.40705955028533936 0.2862435281276703 0.44980698823928833 0.39352211356163025
0 0.9558011889457703 0.5622450113296509 0.23763346672058105 0.6266138553619385 0.4177700877189636
0 0.9535043835639954 0.4893418252468109 0.28691187500953674 0.5320530533790588 0.39017656445503235
1 0.9526421427726746 0.33232733607292175 0.12528671324253082 0.3807314336299896 0.2365948110818863
1 0.9521979689598083 0.23940034210681915 0.03247518837451935 0.2916957139968872 0.13852420449256897
1 0.9473052620887756 0.3149867653846741 0.31199467182159424 0.39368849992752075 0.5115506649017334
0 0.947299599647522 0.6946436762809753 0.5257576704025269 0.7809423804283142 0.7433418035507202
0 0.9440352320671082 0.5968743562698364 0.488598495721817 0.6476033926010132 0.6038298010826111
1 0.9352361559867859 0.14138300716876984 0.18804460763931274 0.21100236475467682 0.3140454888343811
0 0.9323731064796448 0.6520074605941772 0.19904084503650665 0.697729229927063 0.31355011463165283
1 0.847626268863678 0.22119680047035217 0.6113959550857544 0.2811785042285919 0.7314847707748413
0 0.8001304864883423 0.8041447401046753 0.7036505937576294 0.8809609413146973 0.8570177555084229
0 0.7073573470115662 0.22856926918029785 0.4718192219734192 0.300750195980072 0.6173879504203796
1 0.687997043132782 0.24739323556423187 0.1269935965538025 0.2970205545425415 0.2202613353729248
1 0.6317923665046692 0.60282301902771 0.7019967436790466 0.6749740839004517 0.8453711867332458
0 0.4991440176963806 -4.145472049713135 0.8972813487052917 4.804439067840576 1.019490361213684
0 0.49902665615081787 -2.4384803771972656 0.807157576084137 2.6634750366210938 1.0935931205749512
0 0.4989922046661377 0.3719961643218994 -15.608226776123047 0.3869800567626953 17.334461212158203
0 0.4989587664604187 0.13695508241653442 -4.9859209060668945 0.15666019916534424 6.729301452636719
0 0.49885880947113037 0.2923160195350647 -19.693185806274414 0.31213611364364624 21.412466049194336
