1 0.8605971932411194 0.8122591376304626 0.7105492353439331 0.8960972428321838 0.852892279624939
1 0.545932948589325 0.11437943577766418 -0.5883030295372009 0.4318169057369232 2.368330240249634
1 0.5295896530151367 0.3515559434890747 -0.17047911882400513 0.5143716931343079 1.9148764610290527
0 0.49896174669265747 -4.333349227905273 0.9221253395080566 4.982787132263184 0.9942144155502319
0 0.49895191192626953 -1.489513874053955 0.7530871033668518 2.301068067550659 1.1536641120910645
0 0.4988741874694824 0.370206356048584 -8.185144424438477 0.3886667490005493 9.924934387207031
0 0.4988587200641632 0.13830134272575378 -4.854411602020264 0.15514740347862244 6.607432842254639
0 0.4987178444862366 0.447525292634964 -3.6620168685913086 0.462309330701828 5.40323543548584
0 0.4987173080444336 0.20889461040496826 -6.622693061828613 0.24061480164527893 8.362281799316406
0 0.4986913800239563 0.2888984680175781 -7.780826568603516 0.3164061903953552 9.510391235351562
0 0.49852049350738525 -8.59152889251709 0.5605743527412415 10.498211860656738 0.5643506646156311
0 0.4984844923019409 -8.168801307678223 0.4038641154766083 10.065884590148926 0.40810373425483704
0 0.4984421730041504 -5.374098777770996 0.25012314319610596 7.27606201171875 0.2538081407546997
0 0.49825015664100647 -7.070531845092773 0.3262900710105896 8.966777801513672 0.3311513066291809
0 0.49820154905319214 -5.340920448303223 0.1729787290096283 7.251119613647461 0.1765127182006836
0 0.4981433153152466 -9.404544830322266 0.4805058538913727 11.304361343383789 0.4852721393108368
0 0.4979631304740906 -6.179745674133301 0.634117603302002 8.074487686157227 0.6369719505310059
