1 0.9081341028213501 0.3268688917160034 0.501754641532898 0.3905169367790222 0.6197086572647095
0 0.9076244235038757 0.7322978973388672 0.21863743662834167 0.8184744119644165 0.40818920731544495
1 0.8599995374679565 0.12352445721626282 0.30360472202301025 0.21125167608261108 0.5074965953826904
0 0.8498210906982422 0.5093829035758972 0.6048774123191833 0.5743542313575745 0.7295113205909729
0 0.849373996257782 0.3249613642692566 0.3801614046096802 0.3757396936416626 0.49582386016845703
1 0.834381639957428 0.2339870035648346 0.28067702054977417 0.28600654006004333 0.39205217361450195
0 0.7865371108055115 0.5584006905555725 0.2810852825641632 0.6235676407814026 0.40836378931999207
1 0.718976616859436 0.7028694152832031 0.10123968869447708 0.7677688598632812 0.23781061172485352
0 0.49908170104026794 -3.5095958709716797 0.9016757607460022 4.174588203430176 1.0179234743118286
0 0.4989723563194275 -2.4600000381469727 0.822799801826477 2.684525966644287 1.0790659189224243
0 0.4989267587661743 0.36961036920547485 -16.28400993347168 0.38612449169158936 18.011743545532227
0 0.49889248609542847 0.13365621864795685 -4.328542709350586 0.15756557881832123 6.076688766479492
0 0.49879539012908936 -1.439906358718872 0.6375976800918579 2.258587121963501 1.267836570739746
0 0.4987068176269531 0.20224529504776 -10.73824405670166 0.2407756745815277 12.4680757522583
0 0.49869829416275024 0.28852805495262146 -17.42431640625 0.31283143162727356 19.144245147705078
0 0.4985036253929138 -6.604501247406006 0.5674134492874146 8.510210037231445 0.5714623928070068
0 0.4984494149684906 0.44356825947761536 -7.120355606079102 0.45832303166389465 8.859095573425293
0 0.4983034133911133 -7.408699035644531 0.41638773679733276 9.309854507446289 0.42151492834091187
0 0.49825167655944824 -6.217032432556152 0.3335784673690796 8.118212699890137 0.339447557926178
0 0.49819839000701904 -3.629507064819336 0.25001010298728943 5.530046463012695 0.2545948922634125
