0 0.9828819632530212 0.8005459308624268 0.6559622287750244 0.8800320625305176 0.807949423789978
0 0.9799332618713379 0.413065642118454 0.3239273130893707 0.47434350848197937 0.4641821086406708
1 0.9797434210777283 0.26247328519821167 0.16288678348064423 0.31082701683044434 0.2672284245491028
0 0.9778093099594116 0.5649051666259766 0.202559694647789 0.6311776638031006 0.3818280100822449
0 0.977129340171814 0.48949623107910156 0.24737948179244995 0.5401681661605835 0.35619527101516724
1 0.9744013547897339 0.33113276958465576 0.19513049721717834 0.3898853063583374 0.3834361135959625
1 0.9732832312583923 0.41066017746925354 0.24835547804832458 0.46201834082603455 0.35445573925971985
1 0.9706186652183533 0.12661738693714142 0.5269688963890076 0.20174537599086761 0.6786970496177673
1 0.9689931273460388 0.25954341888427734 0.0018982626497745514 0.31086915731430054 0.10855436325073242
1 0.9682334065437317 0.23263747990131378 0.25953373312950134 0.3013133704662323 0.48348715901374817
1 0.9622711539268494 0.17826151847839355 -0.002164386212825775 0.24021130800247192 0.10900063067674637
0 0.9617576003074646 0.6718363165855408 0.34766021370887756 0.7242760062217712 0.4583826959133148
0 0.9601500034332275 0.6495072841644287 0.17547161877155304 0.6984723806381226 0.27707159519195557
0 0.957599937915802 0.49698254466056824 0.01299523189663887 0.5475113987922668 0.11744682490825653
0 0.9522451758384705 0.5975094437599182 0.4485795497894287 0.6505743861198425 0.5621345043182373
1 0.9457798600196838 0.21930313110351562 0.6730983257293701 0.29103684425354004 0.8150156736373901
1 0.9393743872642517 0.40858587622642517 0.528651237487793 0.4728553593158722 0.6755317449569702
1 0.9222890734672546 0.47684311866760254 0.0694255456328392 0.535187840461731 0.20616447925567627
0 0.8879072070121765 0.775314450263977 0.3751682937145233 0.8584651947021484 0.5953697562217712
0 0.8873409032821655 0.6364666223526001 0.08894659578800201 0.6850155591964722 0.19549469649791718
