0 0.5790327191352844 0.5009889602661133 0.11336744576692581 0.5407570600509644 0.2386135458946228
1 0.5487171411514282 0.10241495072841644 -1.032775640487671 0.44526201486587524 2.8037896156311035
1 0.5434553623199463 0.014789491891860962 -0.7015635967254639 0.3531452417373657 2.4573540687561035
0 0.5376127362251282 0.4973360300064087 0.032172005623579025 0.5382363796234131 0.15000757575035095
0 0.5021722912788391 0.3569364845752716 -0.06238675117492676 0.5102701187133789 1.8118456602096558
0 0.49917393922805786 -6.071939945220947 0.9389877915382385 6.5703349113464355 0.9777470231056213
0 0.49915555119514465 -4.401263236999512 0.92482990026474 5.053084373474121 0.9897953867912292
0 0.4991212487220764 0.3718927204608917 -11.923078536987305 0.3882574737071991 13.656106948852539
0 0.4990657567977905 0.28968116641044617 -12.06015682220459 0.3150757849216461 13.785944938659668
0 0.4989866614341736 -2.5921590328216553 0.850981593132019 2.8186724185943604 1.0481370687484741
0 0.49891942739486694 0.13684692978858948 -5.338613033294678 0.15555354952812195 7.085899829864502
0 0.4988633990287781 0.20667845010757446 -7.629864692687988 0.24331212043762207 9.365586280822754
0 0.49858731031417847 -1.243026614189148 0.682768702507019 2.053260087966919 1.2204221487045288
0 0.49824684858322144 -4.816703796386719 0.2544647455215454 6.719699859619141 0.2580324411392212
0 0.49819135665893555 0.4484498202800751 -4.802561283111572 0.4628969728946686 6.543507099151611
0 0.4981502294540405 -7.787381649017334 0.40515509247779846 9.688671112060547 0.40835461020469666
0 0.49798914790153503 -8.444008827209473 0.556458592414856 10.345267295837402 0.5600177049636841
0 0.4979062080383301 -8.807565689086914 0.47922202944755554 10.708703994750977 0.482861191034317
0 0.4972350299358368 -4.014466762542725 0.174388125538826 5.933826923370361 0.17996226251125336
0 0.4972136616706848 -6.829865455627441 0.3276379704475403 8.72915267944336 0.3322599530220032
