1 0.5568649172782898 0.021146520972251892 -0.6474204659461975 0.3440629243850708 2.4128546714782715
1 0.5361253619194031 0.23637032508850098 -0.8242074847221375 0.4827355146408081 2.5908236503601074
1 0.5062905550003052 0.3524262309074402 -0.2441791296005249 0.516944169998169 1.981833577156067
0 0.4990595579147339 -4.2912750244140625 0.9255276322364807 4.942318916320801 0.9902569651603699
0 0.4989864230155945 -1.5630664825439453 0.7529577016830444 2.3754589557647705 1.1537057161331177
0 0.4989752173423767 0.3710272014141083 -8.4126615524292 0.3887673318386078 10.150284767150879
0 0.4989602565765381 -2.5413060188293457 0.839226245880127 2.7642369270324707 1.061440110206604
0 0.49885547161102295 0.13674569129943848 -5.244664669036865 0.15570497512817383 6.996035099029541
0 0.49877601861953735 0.20738451182842255 -7.077221393585205 0.24244488775730133 8.814932823181152
0 0.4987622797489166 0.2888562083244324 -9.017570495605469 0.31678545475006104 10.744865417480469
0 0.498728483915329 0.4484214186668396 -3.359438896179199 0.4622155427932739 5.0984907150268555
0 0.4985020160675049 -6.96590518951416 0.40545642375946045 8.86121940612793 0.4093092083930969
0 0.4983897805213928 -7.392744064331055 0.5624709129333496 9.297050476074219 0.5664478540420532
0 0.4983742833137512 -4.889410018920898 0.2502449154853821 6.79434871673584 0.2536200284957886
0 0.49816495180130005 -7.883082389831543 0.4821334183216095 9.78049373626709 0.4866439402103424
0 0.4981430172920227 -6.498569011688232 0.32683131098747253 8.39620304107666 0.33124998211860657
0 0.4980682134628296 -5.498220920562744 0.1738031804561615 7.407890796661377 0.1772269606590271
0 0.49798518419265747 -6.405784606933594 0.6407693028450012 8.299606323242188 0.6436133980751038
