1 0.9749407172203064 0.34784647822380066 0.18884243071079254 0.4134003221988678 0.3748912215232849
1 0.9680118560791016 0.2559499144554138 0.25198882818222046 0.3208925127983093 0.4618520140647888
1 0.960670530796051 0.43180736899375916 0.24072352051734924 0.47859492897987366 0.3445890247821808
1 0.960456907749176 0.2829429507255554 0.15036913752555847 0.3265133500099182 0.25115445256233215
0 0.9567378163337708 0.6179267168045044 0.4530113935470581 0.6655675172805786 0.5593326091766357
0 0.9563097953796387 0.6973315477371216 0.49465081095695496 0.7847622632980347 0.7039691209793091
0 0.9511057734489441 0.42500370740890503 0.3171948790550232 0.49167340993881226 0.4601784944534302
0 0.9472332000732422 0.512737512588501 0.24408969283103943 0.55936598777771 0.34838297963142395
1 0.9444376230239868 0.2669587731361389 -0.003421090543270111 0.31408125162124634 0.0972367450594902
1 0.9414408206939697 0.24529458582401276 0.5482534170150757 0.30463290214538574 0.6580421924591064
1 0.9332098364830017 0.6251224875450134 0.6473202109336853 0.6957228779792786 0.7984158396720886
0 0.9287752509117126 0.6730037927627563 0.17142443358898163 0.7223802804946899 0.28048941493034363
0 0.9157437086105347 0.812899112701416 0.6726795434951782 0.8913872241973877 0.8111258745193481
0 0.8341725468635559 0.5839500427246094 0.20665514469146729 0.6542954444885254 0.3793094754219055
1 0.7391676306724548 0.4967629909515381 0.058538421988487244 0.5641046762466431 0.20270030200481415
0 0.6992588639259338 0.6957730650901794 0.35510313510894775 0.7419520020484924 0.45773088932037354
1 0.5575568079948425 0.3507448732852936 0.13884203135967255 0.4030332863330841 0.2512859106063843
0 0.5492900013923645 0.2797088623046875 0.22872214019298553 0.31116974353790283 0.33151739835739136
0 0.5344603061676025 0.2567618489265442 0.25137728452682495 0.2922520041465759 0.400729238986969
1 0.5297030806541443 0.1851012110710144 -0.00288541242480278 0.23217836022377014 0.10553498566150665
