1 0.5514683127403259 0.2305496484041214 -0.6717399954795837 0.48632967472076416 2.442342519760132
1 0.5460447072982788 0.020670205354690552 -0.5646788477897644 0.3439127802848816 2.3257908821105957
1 0.5397902727127075 0.3451007604598999 -0.10775190591812134 0.5199505686759949 1.8629519939422607
0 0.49906307458877563 -4.473607063293457 0.9261506199836731 5.12324333190918 0.9895772337913513
0 0.4989781975746155 0.3696640729904175 -7.77369499206543 0.3889954090118408 9.511005401611328
0 0.4989723563194275 -1.5392239093780518 0.7414513826370239 2.3474087715148926 1.1612106561660767
0 0.4988960027694702 -2.354161500930786 0.8304975032806396 2.5762345790863037 1.0694907903671265
0 0.4988444745540619 0.13732843101024628 -5.1052656173706055 0.15535284578800201 6.856947898864746
0 0.4987925887107849 0.28948119282722473 -7.7248406410217285 0.3161793053150177 9.451725006103516
0 0.49876469373703003 0.2085893452167511 -6.6886796951293945 0.24164795875549316 8.425806999206543
0 0.49874138832092285 0.44639092683792114 -3.945091724395752 0.46305644512176514 5.6875128746032715
0 0.49856019020080566 -8.150118827819824 0.5631358623504639 10.059876441955566 0.5674898624420166
0 0.4983714520931244 -8.027280807495117 0.405871719121933 9.923748016357422 0.41067853569984436
0 0.4983597695827484 -5.312710285186768 0.2516833245754242 7.213499546051025 0.255710631608963
0 0.49819689989089966 -6.623133182525635 0.3284651041030884 8.519790649414062 0.3338967561721802
0 0.49813127517700195 -9.421164512634277 0.48296934366226196 11.32409381866455 0.4884491562843323
0 0.4980393648147583 -6.308691024780273 0.638398289680481 8.203439712524414 0.6415618658065796
0 0.49803683161735535 -5.354309558868408 0.17393235862255096 7.260526180267334 0.17750202119350433
