1 0.9550399780273438 0.33213162422180176 0.12153514474630356 0.378398597240448 0.23268339037895203
1 0.9514182806015015 0.40399301052093506 0.28618699312210083 0.4523453712463379 0.3978778123855591
0 0.9496049284934998 0.6939597129821777 0.5278190970420837 0.7788249254226685 0.7420181632041931
1 0.9493837356567383 0.14367583394050598 0.1902446299791336 0.2098936140537262 0.30845364928245544
0 0.9493255615234375 0.5614989399909973 0.2469976842403412 0.6284218430519104 0.40577802062034607
0 0.9442551732063293 0.5966803431510925 0.49023959040641785 0.6489543318748474 0.6024084687232971
1 0.9428445100784302 0.23951983451843262 0.03519504889845848 0.2918511629104614 0.13744890689849854
0 0.8932830095291138 0.6533138751983643 0.2021094262599945 0.6981093883514404 0.3145621120929718
0 0.8791357278823853 0.4848601520061493 0.28873059153556824 0.5289095640182495 0.39052459597587585
1 0.8548411726951599 0.22053620219230652 0.6092274785041809 0.2798803150653839 0.7300124764442444
1 0.8453210592269897 0.22977305948734283 0.3151373863220215 0.29792284965515137 0.5063143968582153
0 0.7772205471992493 0.8032495975494385 0.7045176029205322 0.8811845779418945 0.8554238080978394
1 0.7577365040779114 0.2397698163986206 0.12446609139442444 0.2980530858039856 0.2169766128063202
0 0.7006083726882935 0.23131203651428223 0.4711260199546814 0.303056001663208 0.6173761487007141
0 0.5475966930389404 0.6007676124572754 0.700412392616272 0.6744801998138428 0.8472996950149536
0 0.4991779327392578 -4.238646507263184 0.9012278318405151 4.898249626159668 1.0167394876480103
0 0.4990520775318146 -2.4255759716033936 0.8095476031303406 2.6495416164398193 1.0915409326553345
0 0.49898743629455566 0.3715508282184601 -15.108570098876953 0.3869747221469879 16.83424949645996
0 0.4989778995513916 0.13720321655273438 -5.052123546600342 0.15646809339523315 6.79632043838501
0 0.49885526299476624 0.2923104763031006 -19.427753448486328 0.3120782971382141 21.146774291992188
