1 0.9856149554252625 0.26281529664993286 0.15901504456996918 0.3121810555458069 0.2651245594024658
0 0.9777735471725464 0.4136815369129181 0.32581061124801636 0.47664788365364075 0.46699899435043335
1 0.9720593094825745 0.33116278052330017 0.20049554109573364 0.39128586649894714 0.38342368602752686
0 0.9678024053573608 0.49395158886909485 0.24796190857887268 0.53932785987854 0.3577001988887787
1 0.9665969610214233 0.25896143913269043 0.003231104463338852 0.31073999404907227 0.10828138887882233
1 0.9656118154525757 0.41388025879859924 0.24356555938720703 0.4595992863178253 0.3597298264503479
1 0.9596160650253296 0.17729854583740234 -0.00317976251244545 0.2409675419330597 0.1128026694059372
1 0.9586963057518005 0.23576749861240387 0.27260416746139526 0.3046112060546875 0.47331541776657104
0 0.9572077393531799 0.7977790832519531 0.6665769219398499 0.8818453550338745 0.8085107207298279
1 0.9467253088951111 0.40792518854141235 0.5241066217422485 0.476385235786438 0.6811056137084961
0 0.9403172135353088 0.5619093775749207 0.2021092176437378 0.6335561871528625 0.3911898136138916
0 0.9376763701438904 0.6767789125442505 0.3530731201171875 0.7224833965301514 0.4552038908004761
0 0.937487781047821 0.7697407007217407 0.3890354633331299 0.8534358739852905 0.5906985998153687
1 0.936064600944519 0.3320484459400177 0.41875356435775757 0.3928602635860443 0.5731910467147827
1 0.9270549416542053 0.23152118921279907 0.5552408695220947 0.29249638319015503 0.667485237121582
0 0.9164730906486511 0.6539973020553589 0.17079460620880127 0.6976794004440308 0.28234434127807617
0 0.9061150550842285 0.5978430509567261 0.45114320516586304 0.6471798419952393 0.5565357804298401
1 0.8703867793083191 0.6046893000602722 0.6502429246902466 0.6821470856666565 0.7940123081207275
0 0.8223046064376831 0.4980197846889496 0.013041775673627853 0.5442635416984558 0.11569054424762726
1 0.7814042568206787 0.4809156656265259 0.0616656094789505 0.5351368188858032 0.1974317580461502
