1 0.9803851246833801 0.125483900308609 0.2012805938720703 0.2024821639060974 0.405988872051239
1 0.963650107383728 0.410620778799057 0.3623233139514923 0.47152236104011536 0.5098661780357361
1 0.9540464878082275 0.23471590876579285 0.2783486545085907 0.2878721058368683 0.3870168626308441
1 0.9491372108459473 0.3147638738155365 0.06259925663471222 0.3773241341114044 0.23281846940517426
0 0.9236522912979126 0.5809043645858765 0.4838884472846985 0.6339274644851685 0.5984193682670593
1 0.9214763045310974 0.3287545442581177 0.4989081621170044 0.38274288177490234 0.6210627555847168
0 0.9095374345779419 0.20872873067855835 0.5579644441604614 0.2780880331993103 0.724096417427063
0 0.9018383622169495 0.48559170961380005 0.16411927342414856 0.5369531512260437 0.30471301078796387
1 0.884051501750946 0.4152742922306061 0.5600792169570923 0.48308953642845154 0.7287335395812988
0 0.8645853400230408 0.6586383581161499 0.2806112766265869 0.7099893093109131 0.3941017985343933
1 0.8344351649284363 0.1964995265007019 0.7073171138763428 0.2756441831588745 0.8683664798736572
0 0.8277678489685059 0.72794109582901 0.1946244090795517 0.8146834969520569 0.4034932851791382
0 0.8057135939598083 0.5165309906005859 0.6049197316169739 0.5683985948562622 0.7195490002632141
0 0.8022325038909912 0.24244481325149536 0.005225837230682373 0.3000173568725586 0.13746623694896698
1 0.7986257076263428 0.3965916633605957 0.09821941703557968 0.45530563592910767 0.22496914863586426
1 0.777714729309082 0.24442701041698456 0.10541042685508728 0.2993689775466919 0.22035369277000427
1 0.7500901818275452 0.4103587865829468 0.2727135419845581 0.4686543345451355 0.3808138370513916
0 0.597222089767456 0.5717981457710266 0.2887401282787323 0.6242226958274841 0.3926589787006378
0 0.5501037240028381 0.5782603025436401 0.391559362411499 0.6200491189956665 0.49548107385635376
0 0.5159898996353149 0.4091935157775879 0.700950562953949 0.4800565838813782 0.8602717518806458
