1 0.9886683225631714 0.25230538845062256 0.11933834850788116 0.2966083288192749 0.21693073213100433
0 0.9779130220413208 0.701524019241333 0.027685414999723434 0.7484259605407715 0.13996917009353638
1 0.9778019189834595 0.23945832252502441 0.2806647717952728 0.2886272668838501 0.38653090596199036
1 0.9696294665336609 0.2383117526769638 0.20043125748634338 0.28398746252059937 0.30573132634162903
0 0.9616218209266663 0.7172337770462036 0.09252806752920151 0.7671165466308594 0.22694358229637146
1 0.9612441062927246 0.1380775421857834 0.18293726444244385 0.20215429365634918 0.30669212341308594
1 0.95965576171875 0.24126523733139038 0.04596799984574318 0.29129648208618164 0.1353697031736374
0 0.9571716785430908 0.6360262632369995 0.1388743370771408 0.6825333833694458 0.23175208270549774
1 0.9563608169555664 0.15360485017299652 0.07840622216463089 0.2172040194272995 0.20842227339744568
1 0.9557963013648987 0.23672106862068176 0.3809790015220642 0.2876185476779938 0.4876827597618103
0 0.9524088501930237 0.6536580324172974 0.2315244823694229 0.6982313394546509 0.3280465602874756
1 0.9511439800262451 0.14153729379177094 0.2387252151966095 0.2120598405599594 0.41213735938072205
0 0.949988067150116 0.7285826802253723 0.1801127791404724 0.8028791546821594 0.3167415261268616
1 0.9453186988830566 0.16889438033103943 0.029630061239004135 0.22348979115486145 0.1460694670677185
0 0.9422114491462708 0.6327703595161438 0.044365134090185165 0.6719725728034973 0.14402519166469574
1 0.9358662366867065 0.12386566400527954 0.3055655360221863 0.19908952713012695 0.5056098103523254
0 0.9206816554069519 0.6586416363716125 0.30487674474716187 0.7051203846931458 0.39883434772491455
0 0.9156762361526489 0.8080081939697266 0.7165414094924927 0.8900923728942871 0.8472081422805786
0 0.915227472782135 0.7877811789512634 0.5832653045654297 0.857746422290802 0.7134106159210205
0 0.9150205254554749 0.7777178287506104 0.47941526770591736 0.8496350049972534 0.6070556640625
