1 0.9813372492790222 0.126822367310524 0.1982351839542389 0.2073311060667038 0.4129783809185028
1 0.9510353803634644 0.40775570273399353 0.3521002531051636 0.47557029128074646 0.5074065923690796
1 0.9504642486572266 0.23425884544849396 0.2780548334121704 0.2896575629711151 0.3852689266204834
1 0.9481227397918701 0.2491799145936966 0.11129181832075119 0.2996163070201874 0.22094446420669556
1 0.9424446821212769 0.40614283084869385 0.2705934941768646 0.4612653851509094 0.4155748784542084
0 0.939460277557373 0.563014030456543 0.27883803844451904 0.61519455909729 0.40264248847961426
1 0.9092479348182678 0.3165167570114136 0.060194000601768494 0.37504786252975464 0.23037515580654144
1 0.8855106234550476 0.32934287190437317 0.5031670331954956 0.38164791464805603 0.6232579946517944
1 0.854651927947998 0.41835078597068787 0.5652806758880615 0.49146685004234314 0.7275435924530029
0 0.8504185676574707 0.32522231340408325 0.33961403369903564 0.38668060302734375 0.4991093873977661
0 0.8125813603401184 0.7287781238555908 0.1981859654188156 0.8155423402786255 0.3978765606880188
0 0.7596861124038696 0.40514999628067017 0.493806391954422 0.4498855471611023 0.593062162399292
0 0.7540716528892517 0.5149607062339783 0.6023327112197876 0.5697656273841858 0.7234803438186646
0 0.7418652176856995 0.2431495189666748 0.00825413316488266 0.29936373233795166 0.13391298055648804
0 0.6431218385696411 0.20577393472194672 0.5654643177986145 0.28006166219711304 0.7157045006752014
0 0.4990759789943695 -3.5154099464416504 0.9105769991874695 4.181457042694092 1.0074478387832642
0 0.4990255832672119 -2.392573833465576 0.8411621451377869 2.6196541786193848 1.060530424118042
0 0.49895036220550537 0.3686331510543823 -17.026365280151367 0.3865612745285034 18.752641677856445
0 0.49893951416015625 0.13431163132190704 -3.8292691707611084 0.1568640023469925 5.574631214141846
0 0.4987969696521759 -1.4717397689819336 0.6640897989273071 2.292288064956665 1.2409005165100098
