1 0.9585225582122803 0.28007692098617554 0.14750343561172485 0.3284396529197693 0.2528134286403656
1 0.9583367109298706 0.25395697355270386 0.25289908051490784 0.32226449251174927 0.469312459230423
1 0.9568609595298767 0.34417665004730225 0.18130545318126678 0.41249120235443115 0.3847094774246216
0 0.9533605575561523 0.6975929141044617 0.4954683780670166 0.782071053981781 0.7045124769210815
1 0.9517741203308105 0.26024773716926575 -0.00328841432929039 0.3069973886013031 0.09692193567752838
0 0.9419924020767212 0.42717334628105164 0.3188551664352417 0.4881161153316498 0.45745187997817993
0 0.9403420686721802 0.5113850235939026 0.24745111167430878 0.5590299963951111 0.348783016204834
1 0.9396445751190186 0.6257479190826416 0.6435455083847046 0.6936973333358765 0.7932919263839722
1 0.9394286274909973 0.431081086397171 0.24311977624893188 0.4768216907978058 0.3456183075904846
0 0.9391058087348938 0.6160045862197876 0.4517955780029297 0.6663987636566162 0.5594955682754517
1 0.9375017285346985 0.24761812388896942 0.5458450317382812 0.30367040634155273 0.657861590385437
0 0.9354123473167419 0.6746600270271301 0.17006731033325195 0.7213515639305115 0.28093069791793823
0 0.9167011380195618 0.8130183815956116 0.6736740469932556 0.8924457430839539 0.8114455342292786
0 0.8890802264213562 0.6967031359672546 0.35176682472229004 0.7401565909385681 0.45535343885421753
1 0.885602593421936 0.33850905299186707 0.407196968793869 0.4076271951198578 0.5603049397468567
0 0.8830789923667908 0.5870606303215027 0.20976921916007996 0.652791440486908 0.38059166073799133
1 0.8750861287117004 0.4231697618961334 0.5171267986297607 0.48642662167549133 0.6770502328872681
1 0.6017743349075317 0.40908583998680115 0.15847711265087128 0.45214971899986267 0.27031630277633667
1 0.5985239744186401 0.4950079321861267 0.06199687719345093 0.5605522990226746 0.19788458943367004
1 0.5903679728507996 0.34971150755882263 0.13675175607204437 0.39783820509910583 0.252381831407547
