0 0.7762090563774109 0.4180261492729187 0.2771313190460205 0.4665488004684448 0.40282124280929565
1 0.5554929375648499 0.021335497498512268 -0.6664621233940125 0.34822165966033936 2.4279093742370605
1 0.5240944027900696 0.234394833445549 -0.8335209488868713 0.4836648106575012 2.6016364097595215
1 0.5015473365783691 0.3522775173187256 -0.183641254901886 0.5131168365478516 1.9315612316131592
0 0.49913787841796875 0.37057599425315857 -8.492210388183594 0.38886621594429016 10.228012084960938
0 0.49912720918655396 -4.125380992889404 0.9255120158195496 4.774983882904053 0.9912559390068054
0 0.49896544218063354 0.2897568941116333 -10.112083435058594 0.31585246324539185 11.836673736572266
0 0.49895256757736206 -6.4376301765441895 0.9167314171791077 6.787421703338623 1.0064700841903687
0 0.4989394247531891 -2.542232036590576 0.8376304507255554 2.7671279907226562 1.062259316444397
0 0.4988894462585449 -1.2962239980697632 0.7334635257720947 2.1051266193389893 1.1708221435546875
0 0.49886447191238403 0.13753706216812134 -5.1377387046813965 0.15549135208129883 6.886742115020752
0 0.49881741404533386 0.20707249641418457 -7.602214336395264 0.24297741055488586 9.337793350219727
0 0.4986748695373535 -7.4435014724731445 0.5614525675773621 9.34409236907959 0.5648686289787292
0 0.4985716938972473 0.4472237825393677 -3.812811851501465 0.46281445026397705 5.554164886474609
0 0.498320609331131 -7.2721710205078125 0.4815661609172821 9.173698425292969 0.48566344380378723
0 0.49831777811050415 -6.996272563934326 0.405009925365448 8.89745807647705 0.40877193212509155
0 0.49800407886505127 -4.2738542556762695 0.2509702742099762 6.17730712890625 0.2545020282268524
0 0.4979991316795349 -6.252840995788574 0.6385115385055542 8.14206600189209 0.6411597728729248
0 0.49734586477279663 -4.3401336669921875 0.1730964332818985 6.2528076171875 0.177425816655159
0 0.49720144271850586 -6.4013447761535645 0.3259923756122589 8.300760269165039 0.3312198221683502
