1 0.9853171706199646 0.24611635506153107 0.10465187579393387 0.298984169960022 0.22156327962875366
1 0.9794828295707703 0.12567660212516785 0.3097907602787018 0.19992288947105408 0.5122109651565552
1 0.9762784838676453 0.3203796148300171 0.3645460605621338 0.38872480392456055 0.5085883140563965
1 0.9732736945152283 0.15394578874111176 0.07315147668123245 0.22099916636943817 0.21580299735069275
1 0.9656009078025818 0.23587585985660553 0.2810528576374054 0.28822869062423706 0.3924085199832916
0 0.9574660062789917 0.6591308116912842 0.28657394647598267 0.7074096202850342 0.3879442811012268
1 0.9548615217208862 0.3159721791744232 0.06670468300580978 0.37887337803840637 0.22789597511291504
0 0.9496080875396729 0.3948991894721985 0.12720568478107452 0.4385189414024353 0.23330946266651154
1 0.9248543381690979 0.2297118604183197 0.37558504939079285 0.2939790189266205 0.5011035799980164
1 0.9196519255638123 0.1991095095872879 0.7027415633201599 0.27258798480033875 0.8717406392097473
0 0.9113134145736694 0.48850902915000916 0.367931991815567 0.5617105960845947 0.5142132639884949
1 0.9038298726081848 0.33227333426475525 0.5018259882926941 0.38618525862693787 0.6192924380302429
0 0.8989155888557434 0.7273492813110352 0.19499117136001587 0.8134133815765381 0.399422287940979
0 0.8844661116600037 0.58253014087677 0.48354479670524597 0.6340864896774292 0.5962280035018921
0 0.8727505207061768 0.7105936408042908 0.7157207727432251 0.7746168971061707 0.8461912870407104
0 0.867443859577179 0.40405383706092834 0.18316221237182617 0.47014984488487244 0.3113972246646881
0 0.8174744248390198 0.5409597158432007 0.01762177050113678 0.6007617712020874 0.14250309765338898
0 0.8106710910797119 0.5666613578796387 0.08830568939447403 0.6253612041473389 0.2265547215938568
0 0.8028867840766907 0.4684436321258545 0.11078143119812012 0.516920268535614 0.22702187299728394
0 0.7919406890869141 0.4091142416000366 0.6989249587059021 0.47752028703689575 0.8604323267936707
