1 0.8668039441108704 0.3375830352306366 0.18392176926136017 0.3872072398662567 0.30362409353256226
1 0.5528566241264343 0.10998967289924622 -0.6710132360458374 0.43620553612709045 2.452711582183838
1 0.5361860394477844 0.3481181859970093 -0.15993571281433105 0.5182368159294128 1.9116911888122559
0 0.49900615215301514 -4.344766139984131 0.927903950214386 4.993931293487549 0.9872685074806213
0 0.49900275468826294 -6.09857177734375 0.9176432490348816 6.4466352462768555 1.0062810182571411
0 0.4989462196826935 -1.4154820442199707 0.7449958324432373 2.2249014377593994 1.1588364839553833
0 0.49891144037246704 0.3699575662612915 -8.173238754272461 0.38835644721984863 9.911026000976562
0 0.49890297651290894 -2.413299798965454 0.8368909358978271 2.6356089115142822 1.0634765625
0 0.49882352352142334 0.13757124543190002 -5.231622219085693 0.15511924028396606 6.984598636627197
0 0.4987771511077881 0.2890845835208893 -7.894077301025391 0.3159849941730499 9.621376037597656
0 0.49874967336654663 0.2084033042192459 -6.6104230880737305 0.24103860557079315 8.348865509033203
0 0.49872469902038574 0.44661328196525574 -3.866286516189575 0.46179142594337463 5.607262134552002
0 0.4984844923019409 -8.352156639099121 0.5623955130577087 10.261275291442871 0.5666247010231018
0 0.49832120537757874 -5.172266960144043 0.2510448098182678 7.071118354797363 0.25473493337631226
0 0.49831873178482056 -8.518592834472656 0.40490975975990295 10.416685104370117 0.4092552959918976
0 0.49810898303985596 -6.820738792419434 0.3275927007198334 8.718011856079102 0.332681804895401
0 0.4980989098548889 -5.4302144050598145 0.17358867824077606 7.337000370025635 0.1769736260175705
0 0.49805939197540283 -9.744386672973633 0.48203760385513306 11.648418426513672 0.4870741367340088
0 0.49801355600357056 -6.165905952453613 0.6380588412284851 8.062108993530273 0.6411536335945129
1 0.409966379404068 0.3461960256099701 0.11513321101665497 0.3865344226360321 0.23508931696414948
