1 0.9927999377250671 0.26248395442962646 0.006968177855014801 0.3117099404335022 0.10740111023187637
1 0.9818559288978577 0.13138233125209808 0.5290009379386902 0.1990811973810196 0.671783983707428
1 0.9755510091781616 0.23973290622234344 0.45684006810188293 0.28862035274505615 0.5573139190673828
0 0.9745851159095764 0.49279987812042236 0.25256428122520447 0.5377724170684814 0.34964391589164734
1 0.9731578230857849 0.15509971976280212 0.18821567296981812 0.22280851006507874 0.3660959005355835
1 0.9731012582778931 0.13810007274150848 0.2679908871650696 0.21070252358913422 0.4669700860977173
1 0.9719859957695007 0.24731281399726868 0.35513654351234436 0.3011886179447174 0.4516508877277374
1 0.9716723561286926 0.22171980142593384 0.6616311073303223 0.2844359278678894 0.8049235343933105
1 0.9702114462852478 0.2580409646034241 0.17087844014167786 0.3051924705505371 0.27566418051719666
1 0.9675014615058899 0.41242676973342896 0.24978326261043549 0.45774412155151367 0.3523494601249695
0 0.9660695195198059 0.6764528751373291 0.34797829389572144 0.7240629196166992 0.44943004846572876
1 0.9620897769927979 0.1836361289024353 -0.0007246434688568115 0.23631662130355835 0.105684295296669
0 0.9590368270874023 0.6541644930839539 0.18002775311470032 0.6951032280921936 0.27326759696006775
1 0.9523277282714844 0.12843462824821472 0.4161123037338257 0.18805846571922302 0.5559486150741577
0 0.9503189325332642 0.7511941194534302 0.2732499837875366 0.832399845123291 0.4589608907699585
0 0.9494346976280212 0.6433399319648743 0.09187339246273041 0.6845714449882507 0.19388176500797272
0 0.9457202553749084 0.683626651763916 0.44630685448646545 0.7326231002807617 0.5522018671035767
1 0.9428907036781311 0.23813201487064362 0.5584043860435486 0.2872215211391449 0.6675555109977722
1 0.9403550028800964 0.4226735234260559 0.677614688873291 0.47151535749435425 0.787632942199707
0 0.9355137348175049 0.41274553537368774 0.3267430365085602 0.47189509868621826 0.4623973071575165
