1 0.9977781772613525 0.26311540603637695 0.17725110054016113 0.3052929639816284 0.27087128162384033
1 0.9878093600273132 0.2685331702232361 0.010415330529212952 0.30560076236724854 0.10424818098545074
1 0.9859317541122437 0.1449965238571167 0.27150028944015503 0.20879659056663513 0.4607809782028198
1 0.9857113361358643 0.1580599695444107 0.19142329692840576 0.22313477098941803 0.3615490794181824
1 0.9854470491409302 0.2525006830692291 0.354364812374115 0.30142542719841003 0.4520961046218872
0 0.9850448966026306 0.6463784575462341 0.10017834603786469 0.6851844191551208 0.19100908935070038
0 0.9802299737930298 0.655200183391571 0.18436628580093384 0.696615993976593 0.2723275423049927
0 0.9779463410377502 0.7534074187278748 0.27618494629859924 0.829936683177948 0.45976224541664124
1 0.974556565284729 0.24144518375396729 0.46035847067832947 0.2869790196418762 0.5578537583351135
1 0.9743722081184387 0.1886826902627945 -0.0011878237128257751 0.23492272198200226 0.10409557074308395
1 0.9711986780166626 0.1367245763540268 0.5283156633377075 0.20159436762332916 0.6709771156311035
1 0.9675514101982117 0.17114509642124176 0.1349356472492218 0.22174568474292755 0.2695762515068054
0 0.9673638343811035 0.4951780438423157 0.24789439141750336 0.5387946963310242 0.35309040546417236
0 0.9655676484107971 0.6849517822265625 0.45191851258277893 0.7325929403305054 0.5508497357368469
0 0.9655406475067139 0.6759019494056702 0.3487539291381836 0.7225903868675232 0.448810338973999
1 0.9650790691375732 0.22573862969875336 0.6680527925491333 0.2873372733592987 0.8096007108688354
1 0.9601303935050964 0.13279083371162415 0.42349308729171753 0.18792733550071716 0.5602800250053406
1 0.9493951201438904 0.3448117971420288 0.14443296194076538 0.3905947208404541 0.2618522644042969
0 0.9465817809104919 0.6112895607948303 0.6836703419685364 0.6609616875648499 0.7937993407249451
1 0.9409292340278625 0.2554815411567688 0.26482921838760376 0.30225998163223267 0.3573527932167053
