1 0.9853609800338745 0.22942928969860077 0.3775370121002197 0.28427568078041077 0.4904903173446655
1 0.9847673773765564 0.11968927085399628 0.3049444556236267 0.2074933797121048 0.5119075179100037
0 0.9809660315513611 0.6588155031204224 0.28450122475624084 0.7083642482757568 0.3903826177120209
1 0.9809305667877197 0.2344217151403427 0.27977192401885986 0.28381702303886414 0.39010894298553467
1 0.9806713461875916 0.250546932220459 0.10898704826831818 0.2978360652923584 0.21971841156482697
1 0.9778560996055603 0.15688639879226685 0.07036981731653214 0.22044336795806885 0.19881892204284668
1 0.9719550609588623 0.3230527341365814 0.25472837686538696 0.3857615888118744 0.3947623372077942
0 0.9710143208503723 0.49160322546958923 0.335923433303833 0.557065486907959 0.5137084722518921
1 0.9633222222328186 0.31594690680503845 0.06493425369262695 0.3795984089374542 0.23213264346122742
0 0.9586162567138672 0.5695692300796509 0.2665309011936188 0.6234622001647949 0.4081578552722931
0 0.9468353986740112 0.4880107045173645 0.1939302384853363 0.5356412529945374 0.31486591696739197
1 0.9440934658050537 0.38737058639526367 0.02744103968143463 0.43592631816864014 0.14183974266052246
1 0.9385676980018616 0.1990795135498047 0.7082694172859192 0.2723141312599182 0.8645414710044861
0 0.933598518371582 0.5664960741996765 0.08126064389944077 0.6243814826011658 0.23412513732910156
0 0.9309327602386475 0.46441179513931274 0.1142154410481453 0.5137227177619934 0.22182908654212952
0 0.9103372097015381 0.32508936524391174 0.461759090423584 0.3872593343257904 0.6114006042480469
1 0.8761864304542542 0.39341431856155396 0.18450596928596497 0.43980687856674194 0.3035323917865753
1 0.8646397590637207 0.32960933446884155 0.36116325855255127 0.3874034285545349 0.5053807497024536
0 0.8571925759315491 0.5119529962539673 0.6076596975326538 0.5776112079620361 0.725540041923523
0 0.8307730555534363 0.543104350566864 0.024265944957733154 0.5930891633033752 0.14005665481090546
