1 0.8726209998130798 0.5022695660591125 0.3284936249256134 0.5624870657920837 0.5164201855659485
1 0.5512537956237793 0.11226537823677063 -0.6893898844718933 0.435670405626297 2.4716432094573975
1 0.5129746198654175 0.3521597683429718 -0.13436919450759888 0.5158959627151489 1.8852605819702148
0 0.4990246891975403 -4.346614837646484 0.9279292225837708 4.99424934387207 0.9885987639427185
0 0.49895179271698 -2.3276960849761963 0.8340594172477722 2.5504000186920166 1.0665279626846313
0 0.4989266097545624 0.370158851146698 -8.249244689941406 0.3882332444190979 9.98702621459961
0 0.4988798499107361 0.1368238925933838 -5.343315601348877 0.15581047534942627 7.093852519989014
0 0.49882224202156067 0.28959062695503235 -8.395980834960938 0.31572583317756653 10.123149871826172
0 0.4988158941268921 0.20701585710048676 -7.043996810913086 0.2423870712518692 8.78087043762207
0 0.49866849184036255 0.4462791085243225 -3.837484121322632 0.4621504545211792 5.577851295471191
0 0.49848994612693787 -5.227226257324219 0.25130558013916016 7.127224922180176 0.25486284494400024
0 0.4984751343727112 -8.392082214355469 0.5619540214538574 10.300790786743164 0.5662602186203003
0 0.4983288049697876 -8.217620849609375 0.4046887457370758 10.114416122436523 0.409170538187027
0 0.4983265995979309 -5.487100124359131 0.17396393418312073 7.395060062408447 0.17724528908729553
0 0.4982430636882782 -6.732466697692871 0.3276359438896179 8.628667831420898 0.3326261043548584
0 0.49810338020324707 -6.439811706542969 0.6374056339263916 8.335259437561035 0.6403541564941406
0 0.497958242893219 -9.429106712341309 0.48165205121040344 11.331711769104004 0.48693010210990906
