1 0.7104119658470154 0.5044050216674805 0.2800728976726532 0.5493605136871338 0.3984746038913727
1 0.5435261726379395 0.1131708174943924 -0.7019100189208984 0.4330604076385498 2.4821903705596924
0 0.4990506172180176 -4.369328022003174 0.9259796142578125 5.017862796783447 0.9896433353424072
0 0.49896499514579773 0.3707818388938904 -8.153494834899902 0.38937056064605713 9.891205787658691
0 0.49896207451820374 -1.4832653999328613 0.7316953539848328 2.293245792388916 1.173107385635376
0 0.49890488386154175 -2.4062395095825195 0.8324958086013794 2.6295742988586426 1.0673431158065796
0 0.4988429546356201 0.13757580518722534 -5.102299213409424 0.15551242232322693 6.853855609893799
0 0.4987639784812927 0.2886273264884949 -8.46900749206543 0.31688445806503296 10.196317672729492
0 0.4987555146217346 0.2080177366733551 -7.027714729309082 0.24180564284324646 8.766030311584473
0 0.49870413541793823 0.44797104597091675 -3.6428864002227783 0.46256834268569946 5.382025718688965
0 0.4984886944293976 -4.653090476989746 0.25101521611213684 6.557265281677246 0.2547287046909332
0 0.4984202980995178 -8.144485473632812 0.561689555644989 10.049413681030273 0.5658171772956848
0 0.49837613105773926 -7.033722877502441 0.404255211353302 8.929896354675293 0.40875208377838135
0 0.4982481598854065 -5.958984375 0.326843798160553 7.8562726974487305 0.3318745493888855
0 0.49816182255744934 -6.385894298553467 0.6381772756576538 8.280577659606934 0.6410472393035889
0 0.49813026189804077 -4.834829807281494 0.17376184463500977 6.7462382316589355 0.17727982997894287
0 0.49804461002349854 -8.643068313598633 0.48150601983070374 10.54263687133789 0.48646822571754456
1 0.49748295545578003 0.3528014123439789 -0.17915105819702148 0.5163388252258301 1.9214437007904053
1 0.43512865900993347 0.49684107303619385 0.18808886408805847 0.5460478067398071 0.31002652645111084
