1 0.5600256323814392 0.11647935211658478 -0.701094925403595 0.43371450901031494 2.4830002784729004
1 0.5051037669181824 0.3470601439476013 -0.1527184247970581 0.518027663230896 1.9022656679153442
0 0.49904337525367737 -4.5310258865356445 0.9270111918449402 5.179694175720215 0.9899055361747742
0 0.4989657700061798 -1.4162977933883667 0.7349902391433716 2.2257986068725586 1.1709177494049072
0 0.4989471435546875 -2.413423776626587 0.8304237723350525 2.636495351791382 1.069854974746704
0 0.4988900423049927 0.37012460827827454 -8.095210075378418 0.3890734612941742 9.832243919372559
0 0.49885010719299316 0.13751865923404694 -4.933601379394531 0.15592841804027557 6.685921669006348
0 0.49873918294906616 0.20883984863758087 -6.511813163757324 0.24136607348918915 8.249960899353027
0 0.4986947774887085 0.2901478409767151 -7.5808587074279785 0.31628310680389404 9.307477951049805
0 0.4986913204193115 0.44654959440231323 -3.9228224754333496 0.46216100454330444 5.663754940032959
0 0.49861282110214233 -8.750297546386719 0.56322181224823 10.658531188964844 0.5672355890274048
0 0.4984303116798401 -8.08791446685791 0.40537330508232117 9.985247611999512 0.40972355008125305
0 0.4983839988708496 -5.1078782081604 0.25140032172203064 7.008139133453369 0.25492456555366516
0 0.49824386835098267 -9.74906063079834 0.4831060469150543 11.652472496032715 0.4879252016544342
0 0.498202383518219 -5.529937267303467 0.17368952929973602 7.437728404998779 0.17684204876422882
0 0.4981985092163086 -6.652919769287109 0.3278859853744507 8.549860000610352 0.3328895568847656
0 0.49815833568573 -6.823314666748047 0.6387124061584473 8.718582153320312 0.6414769887924194
0 0.4003589451313019 0.57877117395401 0.18085026741027832 0.6265074610710144 0.30659350752830505
