1 0.9816939830780029 0.25050973892211914 0.11032353341579437 0.2956242561340332 0.2182277888059616
1 0.981379508972168 0.2343733310699463 0.27890005707740784 0.28427815437316895 0.3912523686885834
1 0.9774513840675354 0.23280905187129974 0.3802151679992676 0.2891024649143219 0.4940952658653259
1 0.975683331489563 0.12733153998851776 0.20185905694961548 0.20656095445156097 0.40823978185653687
0 0.9703949689865112 0.3934140205383301 0.12441299855709076 0.4430007338523865 0.2388024479150772
1 0.9680073261260986 0.15921121835708618 0.059766411781311035 0.2217693030834198 0.20479294657707214
1 0.9672302603721619 0.31482386589050293 0.05901879072189331 0.382548987865448 0.23454886674880981
0 0.9612467885017395 0.660895586013794 0.282048761844635 0.7071110010147095 0.39543384313583374
0 0.9493234157562256 0.31941336393356323 0.36325639486312866 0.3875686526298523 0.5156973004341125
1 0.94451504945755 0.32958734035491943 0.5040309429168701 0.3854525685310364 0.6136102676391602
0 0.9351284503936768 0.20802834630012512 0.5554549098014832 0.2801198363304138 0.7201631665229797
1 0.9192241430282593 0.19665107131004333 0.7044515013694763 0.27332618832588196 0.8725083470344543
0 0.9078651070594788 0.5819782018661499 0.4829883575439453 0.6313550472259521 0.5968470573425293
0 0.9033666253089905 0.4842948019504547 0.2758882939815521 0.5435983538627625 0.4150979220867157
0 0.8534240126609802 0.5725511312484741 0.08880645781755447 0.6252959966659546 0.23036471009254456
0 0.8226534128189087 0.5441069602966309 0.019844278693199158 0.6012080907821655 0.1408328264951706
0 0.7892623543739319 0.7298378944396973 0.19536824524402618 0.8130490779876709 0.4034872055053711
0 0.7590181231498718 0.5129552483558655 0.6075694561004639 0.5694093108177185 0.7214585542678833
1 0.5506647825241089 0.24620559811592102 0.20238324999809265 0.2859269678592682 0.2946358919143677
0 0.5261221528053284 0.3327960968017578 0.12045171856880188 0.37221211194992065 0.22114837169647217
