1 0.9747917056083679 0.3496835231781006 0.1860785186290741 0.41053885221481323 0.3731962740421295
1 0.9683014750480652 0.25461694598197937 0.25286656618118286 0.320369154214859 0.46131157875061035
1 0.9675459265708923 0.43205732107162476 0.24219639599323273 0.4786306619644165 0.3476078510284424
1 0.9634860754013062 0.28235986828804016 0.15106555819511414 0.32716134190559387 0.2520533502101898
0 0.9632878303527832 0.42604878544807434 0.31814825534820557 0.4903918206691742 0.45813316106796265
0 0.9511226415634155 0.5126647353172302 0.24190229177474976 0.5570842623710632 0.3483733534812927
0 0.9491689205169678 0.6986579298973083 0.5047075748443604 0.7847889065742493 0.6969418525695801
1 0.9473279118537903 0.2666615843772888 -0.004668254405260086 0.3143908381462097 0.09483160078525543
0 0.9323089122772217 0.6170406341552734 0.45826610922813416 0.6639069318771362 0.5571228265762329
1 0.930208146572113 0.2476268708705902 0.5470736026763916 0.3025490939617157 0.6584932804107666
1 0.9264031052589417 0.6260926723480225 0.6447239518165588 0.6926531791687012 0.7937895655632019
0 0.9247652292251587 0.6735528707504272 0.1706993728876114 0.7232506275177002 0.280338317155838
0 0.9217939972877502 0.8138824105262756 0.67231285572052 0.8905321955680847 0.8122920989990234
0 0.8993374705314636 0.587442934513092 0.20783796906471252 0.6516812443733215 0.38046303391456604
0 0.8918238878250122 0.6932119727134705 0.3507924973964691 0.7429903149604797 0.4603157341480255
1 0.8686866164207458 0.4209394156932831 0.5187566876411438 0.48785749077796936 0.6682129502296448
1 0.8073080778121948 0.4977923035621643 0.06086266040802002 0.563927948474884 0.20341458916664124
1 0.6648920774459839 0.42674142122268677 0.6532331705093384 0.5065615773200989 0.8003311157226562
1 0.5757883191108704 0.414765328168869 0.1535366326570511 0.4586385190486908 0.2749873399734497
1 0.5618823766708374 0.3515741527080536 0.13961921632289886 0.4042646586894989 0.25054359436035156
