0 0.8502314686775208 0.1764756739139557 0.024723026901483536 0.23012539744377136 0.1406661868095398
1 0.551792562007904 0.10797327756881714 -0.8024770021438599 0.44037455320358276 2.584723949432373
1 0.5033495426177979 0.35448330640792847 -0.24683129787445068 0.5141649842262268 1.9924126863479614
0 0.4990806579589844 -4.164302825927734 0.9211087822914124 4.815947532653809 0.994378387928009
0 0.4989975690841675 0.37163621187210083 -8.47619915008545 0.38835597038269043 10.214848518371582
0 0.498959481716156 -2.6300835609436035 0.8481988310813904 2.852604389190674 1.0518418550491333
0 0.4988924264907837 0.13732527196407318 -5.172094345092773 0.15514571964740753 6.922682762145996
0 0.4988490343093872 -1.3802036046981812 0.7003198862075806 2.191810369491577 1.2029058933258057
0 0.49880969524383545 0.2079901248216629 -6.418318271636963 0.24237926304340363 8.155102729797363
0 0.49880409240722656 0.2895416021347046 -8.672414779663086 0.31624484062194824 10.40017318725586
0 0.4985654652118683 0.4485446810722351 -3.6397881507873535 0.4614235758781433 5.381978511810303
0 0.4984092116355896 -7.018669128417969 0.4052829444408417 8.915332794189453 0.4087553918361664
0 0.49837857484817505 -7.698696613311768 0.5610870718955994 9.603157043457031 0.5645589232444763
0 0.4982678294181824 -4.569145679473877 0.25047144293785095 6.473892688751221 0.2536662518978119
0 0.49810880422592163 -7.5742268562316895 0.48127248883247375 9.472713470458984 0.4853990972042084
0 0.49794429540634155 -6.648118019104004 0.3265639841556549 8.545454978942871 0.3307240307331085
0 0.497939795255661 -6.42136812210083 0.6390290856361389 8.315778732299805 0.6416656374931335
0 0.49775606393814087 -4.971309185028076 0.17311066389083862 6.882068157196045 0.1767338216304779
