1 0.5659148097038269 0.02683013677597046 -0.5146718621253967 0.3385772705078125 2.2833333015441895
1 0.5389401912689209 0.23318295180797577 -0.637782871723175 0.4839397668838501 2.408475637435913
1 0.5268930196762085 0.34832650423049927 -0.11970305442810059 0.5183680057525635 1.8741477727890015
0 0.49904319643974304 -4.173426628112793 0.928443968296051 4.822653770446777 0.9874692559242249
0 0.49896353483200073 -1.4098701477050781 0.7515066862106323 2.2200913429260254 1.151897668838501
0 0.4989606738090515 0.3684127926826477 -7.469615936279297 0.3896006941795349 9.208675384521484
0 0.49891936779022217 -6.003490447998047 0.9153944849967957 6.351428031921387 1.0094926357269287
0 0.4988912343978882 -2.556748151779175 0.8302374482154846 2.7779781818389893 1.069704294204712
0 0.49880358576774597 0.13626611232757568 -4.694503307342529 0.15512347221374512 6.4469780921936035
0 0.498773992061615 0.4460768699645996 -3.529475688934326 0.46262127161026 5.271570682525635
0 0.49870556592941284 0.2880134582519531 -7.317615985870361 0.31654471158981323 9.047264099121094
0 0.49864137172698975 0.20729824900627136 -6.311341285705566 0.24152180552482605 8.05228328704834
0 0.498446524143219 -8.486028671264648 0.5621305704116821 10.392580032348633 0.5662623643875122
0 0.49833565950393677 -8.083626747131348 0.4042360186576843 9.978913307189941 0.40881532430648804
0 0.49832820892333984 -5.0956196784973145 0.25190114974975586 6.995065212249756 0.25591951608657837
0 0.4981004297733307 -9.489411354064941 0.48184555768966675 11.3902006149292 0.48691850900650024
0 0.49806421995162964 -5.066999912261963 0.17429950833320618 6.975439548492432 0.17791390419006348
0 0.49803420901298523 -6.412805080413818 0.3268539607524872 8.307353973388672 0.3323618471622467
0 0.49792784452438354 -6.240103721618652 0.6382979154586792 8.133804321289062 0.6412105560302734
