1 0.5471345782279968 0.23534026741981506 -0.7447419762611389 0.48308005928993225 2.5121381282806396
1 0.5428794622421265 0.020536959171295166 -0.6082754135131836 0.34272849559783936 2.372342824935913
1 0.5263062119483948 0.3488193452358246 -0.15271008014678955 0.5187714099884033 1.9065021276474
0 0.49907323718070984 -4.692826747894287 0.9277452230453491 5.341800212860107 0.9882807731628418
0 0.49899524450302124 0.3698057532310486 -7.360655307769775 0.3890379071235657 9.097819328308105
0 0.49895912408828735 -1.5246186256408691 0.7507920861244202 2.334880828857422 1.1540555953979492
0 0.4988323450088501 0.13699539005756378 -5.149803638458252 0.15560735762119293 6.901505947113037
0 0.49881511926651 0.20783613622188568 -6.873807907104492 0.24227304756641388 8.61147403717041
0 0.4987984299659729 0.28869524598121643 -7.811781406402588 0.31711289286613464 9.53897762298584
0 0.4987363815307617 0.4466802179813385 -3.8137476444244385 0.46220722794532776 5.555375099182129
0 0.4982985854148865 -6.813418388366699 0.5580592751502991 8.718351364135742 0.5619334578514099
0 0.4980918765068054 -4.559087753295898 0.24841411411762238 6.461749076843262 0.2520773708820343
0 0.4979739785194397 -5.9089555740356445 0.6365412473678589 7.801427841186523 0.6392444372177124
0 0.49782052636146545 -5.179559230804443 0.17333710193634033 7.090569019317627 0.17700940370559692
0 0.49758023023605347 -6.042413234710693 0.40025776624679565 7.938246250152588 0.40442657470703125
0 0.49751782417297363 -4.6778178215026855 0.32273051142692566 6.5744194984436035 0.3271764814853668
0 0.49737805128097534 -7.79373025894165 0.47684246301651 9.69224739074707 0.4815289378166199
