0 0.9556167125701904 0.6954975724220276 0.5264130234718323 0.7785391211509705 0.7437019944190979
1 0.9495484828948975 0.3345407545566559 0.12790118157863617 0.3825473487377167 0.2341906875371933
0 0.9390188455581665 0.5962153077125549 0.48926109075546265 0.6501466631889343 0.6000016331672668
0 0.9321357607841492 0.5602996349334717 0.23805749416351318 0.6277858018875122 0.41197794675827026
1 0.9272114634513855 0.2433944195508957 0.036932554095983505 0.2917720675468445 0.14059671759605408
1 0.9231371879577637 0.23432880640029907 0.3271959125995636 0.2956671118736267 0.510726273059845
1 0.9119325876235962 0.405498743057251 0.29090163111686707 0.45334529876708984 0.3958528935909271
1 0.9094422459602356 0.32384759187698364 0.241317480802536 0.3888742923736572 0.42069849371910095
1 0.9085881114006042 0.1440272480249405 0.1872786581516266 0.21038256585597992 0.30800536274909973
0 0.8805263042449951 0.4890129268169403 0.28540241718292236 0.5283718109130859 0.39326244592666626
0 0.8746601939201355 0.4074777364730835 0.36331644654273987 0.4713159203529358 0.5097872614860535
0 0.8506038188934326 0.6516584157943726 0.20536981523036957 0.6967911720275879 0.3078259527683258
1 0.837971031665802 0.2230508029460907 0.609770655632019 0.27942731976509094 0.7326767444610596
0 0.7374744415283203 0.8037851452827454 0.7041527032852173 0.8821143507957458 0.8586392402648926
1 0.7038758993148804 0.24387753009796143 0.13397839665412903 0.3018978238105774 0.22191137075424194
1 0.6935851573944092 0.40389686822891235 0.13154985010623932 0.44326210021972656 0.24596358835697174
1 0.6523672938346863 0.6036033630371094 0.7008418440818787 0.6741074323654175 0.8469615578651428
1 0.6360777616500854 0.4083509147167206 0.20730549097061157 0.4516267478466034 0.32861989736557007
1 0.5901093482971191 0.48427295684814453 0.14227640628814697 0.5307924747467041 0.2525703012943268
1 0.5648311972618103 0.49075496196746826 0.22444744408130646 0.5354334115982056 0.32656195759773254
