1 0.9856986403465271 0.2310926616191864 0.274603009223938 0.28342363238334656 0.3917597532272339
0 0.9810314774513245 0.6581178903579712 0.2812063992023468 0.707766056060791 0.39103737473487854
1 0.979623019695282 0.24914418160915375 0.1088918000459671 0.2984713017940521 0.22108034789562225
1 0.9724623560905457 0.15398621559143066 0.0761006698012352 0.22082465887069702 0.21874266862869263
0 0.9631653428077698 0.49135738611221313 0.36134955286979675 0.5572559237480164 0.5134632587432861
0 0.9587517380714417 0.5695603489875793 0.26648035645484924 0.6232971549034119 0.40702614188194275
1 0.9586849212646484 0.12012574821710587 0.30225279927253723 0.20302027463912964 0.5143238306045532
1 0.9573551416397095 0.3152014911174774 0.06319524347782135 0.3766811788082123 0.23270757496356964
1 0.9569244980812073 0.232521653175354 0.3782510757446289 0.28406620025634766 0.49184173345565796
1 0.950648307800293 0.3260208070278168 0.3496917486190796 0.3931873142719269 0.5072793364524841
0 0.9401535987854004 0.46701154112815857 0.11986774206161499 0.5132209658622742 0.2253628969192505
0 0.9342842102050781 0.5679687261581421 0.08194660395383835 0.6226052045822144 0.23115307092666626
1 0.9152820706367493 0.386691153049469 0.030640345066785812 0.4346882104873657 0.14211606979370117
1 0.8928971886634827 0.19619563221931458 0.7060122489929199 0.27424919605255127 0.8697125911712646
0 0.8694204688072205 0.5821109414100647 0.4827086925506592 0.6346597075462341 0.597248911857605
0 0.8673270344734192 0.7086541056632996 0.7148420214653015 0.7745992541313171 0.8487115502357483
0 0.8350431323051453 0.5115282535552979 0.6075084805488586 0.5722273588180542 0.7286781668663025
0 0.8319430351257324 0.3921670913696289 0.12910299003124237 0.44037240743637085 0.230624720454216
0 0.8145215511322021 0.5455968976020813 0.020730651915073395 0.5939217209815979 0.14278149604797363
0 0.79810631275177 0.4101051688194275 0.6975181698799133 0.4798045754432678 0.8621107935905457
