1 0.9952062368392944 0.2631945013999939 0.17792797088623047 0.30255091190338135 0.2694730758666992
1 0.9906191229820251 0.2653827667236328 0.010610338300466537 0.30992788076400757 0.10402984917163849
1 0.9854317307472229 0.2521984279155731 0.3571559190750122 0.3000383675098419 0.4515611529350281
1 0.9805344939231873 0.18743069469928741 0.0008164048194885254 0.23783569037914276 0.1046966165304184
1 0.9800055027008057 0.2408982813358307 0.45819664001464844 0.2881483733654022 0.5562608242034912
0 0.9799589514732361 0.6463179588317871 0.09807102382183075 0.685124397277832 0.19408519566059113
1 0.9796604514122009 0.1709168255329132 0.13824152946472168 0.21865567564964294 0.2621796131134033
1 0.9779404997825623 0.2612079381942749 0.0948447659611702 0.3053519129753113 0.18187087774276733
1 0.9764440655708313 0.1442452222108841 0.274885356426239 0.21128849685192108 0.45877188444137573
1 0.9763333797454834 0.16041982173919678 0.20105457305908203 0.2237287163734436 0.35962051153182983
0 0.9736197590827942 0.731222927570343 0.1465449035167694 0.7761451601982117 0.2736044228076935
0 0.9727846384048462 0.7935457229614258 0.5496393442153931 0.8643224239349365 0.670425295829773
0 0.9693758487701416 0.7777317762374878 0.4323927164077759 0.8480184078216553 0.5619288682937622
0 0.9674729108810425 0.7181290984153748 0.07910841703414917 0.7664559483528137 0.1928669810295105
0 0.9667918682098389 0.6560943126678467 0.17957763373851776 0.6966779232025146 0.2754218578338623
1 0.9655296802520752 0.17984198033809662 0.06784461438655853 0.2312762588262558 0.18130972981452942
0 0.9652780294418335 0.7567495107650757 0.28163665533065796 0.8316730260848999 0.45301884412765503
0 0.9644309282302856 0.8052916526794434 0.6690977811813354 0.876865029335022 0.7973443269729614
0 0.9614882469177246 0.6764426231384277 0.35487884283065796 0.7207320928573608 0.4476548433303833
0 0.9589225649833679 0.719649612903595 0.012011449784040451 0.7668350338935852 0.1209326684474945
