0 0.8372801542282104 0.5054230690002441 0.44654929637908936 0.5670638084411621 0.6096972227096558
1 0.5552850961685181 0.10887669026851654 -0.7001259326934814 0.43864667415618896 2.482225179672241
0 0.5035430192947388 0.35589665174484253 -0.17460834980010986 0.510705292224884 1.9209378957748413
0 0.4990290403366089 -3.903519630432129 0.9198890328407288 4.554084777832031 0.9959962964057922
0 0.4989858865737915 -2.5668959617614746 0.8491802215576172 2.789945602416992 1.0508073568344116
0 0.4989413917064667 0.3711017966270447 -8.280269622802734 0.38840925693511963 10.018821716308594
0 0.49893277883529663 -5.790788650512695 0.9341636896133423 6.285745620727539 0.981669545173645
0 0.49890413880348206 0.13743989169597626 -5.080417156219482 0.15494491159915924 6.831589221954346
0 0.498802125453949 0.20831741392612457 -7.011527061462402 0.2412024289369583 8.748468399047852
0 0.49877744913101196 0.2897757887840271 -8.781880378723145 0.31566309928894043 10.509581565856934
0 0.49874210357666016 -1.2775073051452637 0.6809124946594238 2.088698625564575 1.2228344678878784
0 0.4984150528907776 -7.8711395263671875 0.5612502098083496 9.775779724121094 0.5649639368057251
0 0.4983844757080078 0.44750702381134033 -3.1976873874664307 0.46141552925109863 4.939244270324707
0 0.49832475185394287 -6.75214958190918 0.4045097827911377 8.64743709564209 0.40828293561935425
0 0.4982578754425049 -4.728105545043945 0.24997374415397644 6.633754730224609 0.25307998061180115
0 0.4981217384338379 -7.723373889923096 0.4811459183692932 9.621137619018555 0.4855313301086426
0 0.4979346990585327 -5.528580188751221 0.17302648723125458 7.439942836761475 0.176271453499794
0 0.49791690707206726 -6.7129597663879395 0.6394218802452087 8.607101440429688 0.642144501209259
0 0.49782559275627136 -6.496738433837891 0.32605770230293274 8.393269538879395 0.33035603165626526
