1 0.9371749758720398 0.23487010598182678 0.2713179886341095 0.2856541574001312 0.3933395445346832
1 0.9059797525405884 0.1574060320854187 0.06760238111019135 0.21901541948318481 0.21806658804416656
0 0.9028865098953247 0.3201386332511902 0.38493612408638 0.37160611152648926 0.49218615889549255
0 0.8927790522575378 0.7325246930122375 0.21854175627231598 0.8175349831581116 0.40996885299682617
0 0.8782227635383606 0.24217022955417633 0.10689083486795425 0.30455347895622253 0.2367626428604126
1 0.8529801368713379 0.1273026466369629 0.3074902296066284 0.20931994915008545 0.5074384808540344
0 0.8462424874305725 0.5091449618339539 0.6040089726448059 0.5735339522361755 0.7294281125068665
1 0.8322038054466248 0.4062254726886749 0.2833876311779022 0.4709394872188568 0.41534748673439026
0 0.8231003880500793 0.5684639811515808 0.28486472368240356 0.6159217953681946 0.4011327028274536
1 0.8093542456626892 0.3311630189418793 0.5061418414115906 0.3881619870662689 0.6166995167732239
1 0.5267383456230164 0.4045618176460266 0.36547091603279114 0.48111575841903687 0.5059707760810852
1 0.5068413615226746 0.699974775314331 0.10620824247598648 0.7650133371353149 0.23941507935523987
0 0.4991089701652527 -3.7183284759521484 0.910233736038208 4.3843536376953125 1.0086660385131836
0 0.49903514981269836 -2.587357997894287 0.8371092081069946 2.813096046447754 1.0646668672561646
0 0.49899330735206604 0.36942407488822937 -17.218273162841797 0.3866164982318878 18.945354461669922
0 0.49893683195114136 0.13440068066120148 -4.525848388671875 0.1558753103017807 6.273257255554199
0 0.49890443682670593 -1.4956188201904297 0.6687365770339966 2.3147664070129395 1.2347278594970703
0 0.4987639784812927 0.2874387800693512 -18.186203002929688 0.31262144446372986 19.904834747314453
0 0.49873989820480347 0.20211680233478546 -11.141655921936035 0.23815740644931793 12.870299339294434
0 0.4986557960510254 -6.574772357940674 0.5690377354621887 8.480345726013184 0.5730106234550476
