1 0.8673445582389832 0.5129015445709229 0.5612485408782959 0.5774326324462891 0.7295180559158325
1 0.5479382276535034 0.11415421962738037 -0.6889052987098694 0.4331676959991455 2.4699342250823975
1 0.5168662071228027 0.3480246663093567 -0.2608996629714966 0.5177154541015625 2.0100722312927246
0 0.4990708827972412 -4.700033664703369 0.9280507564544678 5.349639415740967 0.988317608833313
0 0.49900129437446594 -1.570304274559021 0.7446727752685547 2.381469249725342 1.160311222076416
0 0.4989652931690216 0.37026485800743103 -9.10554027557373 0.3888375461101532 10.843655586242676
0 0.4988122284412384 0.13737469911575317 -5.097357273101807 0.15444153547286987 6.8504252433776855
0 0.49878638982772827 0.44755852222442627 -4.406078815460205 0.46195119619369507 6.1470465660095215
0 0.4987487494945526 0.28906357288360596 -7.922052383422852 0.3167591094970703 9.649545669555664
0 0.49873435497283936 0.20784899592399597 -6.334784030914307 0.2414487600326538 8.073684692382812
0 0.49852409958839417 -8.251057624816895 0.5604798793792725 10.160658836364746 0.5645166635513306
0 0.49840331077575684 -5.246200084686279 0.25094062089920044 7.144590854644775 0.2544173002243042
0 0.4983499348163605 -8.082387924194336 0.40367090702056885 9.98094367980957 0.40789365768432617
0 0.49822917580604553 -6.614633560180664 0.6381706595420837 8.510430335998535 0.6408933997154236
0 0.49816858768463135 -6.7952351570129395 0.32712018489837646 8.692421913146973 0.33203935623168945
0 0.49810510873794556 -9.081245422363281 0.4804748296737671 10.98593521118164 0.48536354303359985
0 0.4981023967266083 -5.448958396911621 0.17337794601917267 7.355709075927734 0.17671428620815277
