1 0.5572026968002319 0.1072591096162796 -0.7609238624572754 0.4394516348838806 2.5429062843322754
1 0.5166772603988647 0.34938710927963257 -0.30852216482162476 0.5199894309043884 2.051297903060913
0 0.4990924000740051 -4.374546527862549 0.9285474419593811 5.024092197418213 0.9875399470329285
0 0.49907636642456055 -1.5911970138549805 0.7580894231796265 2.402174711227417 1.147196650505066
0 0.49903804063796997 0.3711625635623932 -9.06104850769043 0.3893173038959503 10.79788589477539
0 0.49892327189445496 -2.530703067779541 0.8357714414596558 2.753593921661377 1.0642855167388916
0 0.49889570474624634 0.4490309953689575 -4.191420555114746 0.4628923535346985 5.928926467895508
0 0.4988430142402649 0.1366359293460846 -5.122733116149902 0.15557214617729187 6.874056816101074
0 0.4988270103931427 0.28949233889579773 -8.978875160217285 0.31626078486442566 10.706393241882324
0 0.4987972378730774 0.20787091553211212 -7.086668968200684 0.24196164309978485 8.825429916381836
0 0.49854522943496704 -5.098636627197266 0.2503550052642822 7.002928733825684 0.2537153959274292
0 0.4983980059623718 -7.134394645690918 0.40445226430892944 9.029152870178223 0.4086053967475891
0 0.49829912185668945 -7.435887813568115 0.5614613890647888 9.340826034545898 0.5657430291175842
0 0.49826985597610474 -6.73600435256958 0.3267853260040283 8.632223129272461 0.33112800121307373
0 0.4982668161392212 -5.5576019287109375 0.17372651398181915 7.468558311462402 0.17719529569149017
0 0.4979405999183655 -6.206238746643066 0.6386436820030212 8.100055694580078 0.6417166590690613
0 0.4979326128959656 -7.980733871459961 0.4809745252132416 9.878738403320312 0.48596706986427307
0 0.4220515787601471 0.4995768964290619 0.19206276535987854 0.544914722442627 0.31709644198417664
