1 0.9914340972900391 0.2616073191165924 0.006882611662149429 0.31141796708106995 0.10490956902503967
1 0.9863585233688354 0.12971735000610352 0.5254819393157959 0.20006778836250305 0.6721291542053223
1 0.9797845482826233 0.1388152539730072 0.27127158641815186 0.21089491248130798 0.46555161476135254
1 0.9790330529212952 0.22047707438468933 0.6666016578674316 0.28669223189353943 0.809719443321228
1 0.9777807593345642 0.258363276720047 0.170984148979187 0.30577078461647034 0.27437081933021545
0 0.9742028713226318 0.6727885007858276 0.3471587896347046 0.723912239074707 0.45310723781585693
0 0.9712587594985962 0.493673712015152 0.24820281565189362 0.54000324010849 0.35537150502204895
0 0.9651052355766296 0.8030810356140137 0.6591694355010986 0.8783725500106812 0.801233172416687
1 0.9648104310035706 0.15389476716518402 0.19206297397613525 0.22316332161426544 0.36682790517807007
1 0.9642658829689026 0.1827162653207779 -0.0024483278393745422 0.235331192612648 0.1051613986492157
1 0.9631435871124268 0.4131864309310913 0.24824678897857666 0.45921629667282104 0.35387957096099854
1 0.9597510695457458 0.24554377794265747 0.3577781915664673 0.29952847957611084 0.4578862190246582
0 0.9543731212615967 0.6557561159133911 0.17830172181129456 0.6958364248275757 0.27423882484436035
1 0.9509490728378296 0.23959441483020782 0.45687443017959595 0.2904249131679535 0.5625082850456238
1 0.9459535479545593 0.1269885152578354 0.41444361209869385 0.18804170191287994 0.5571483969688416
0 0.9449865818023682 0.6810656785964966 0.4449383020401001 0.7319108247756958 0.5561423301696777
0 0.9281399846076965 0.49888819456100464 0.017086327075958252 0.5441989302635193 0.11680468916893005
0 0.9236912727355957 0.6758511066436768 0.5427199602127075 0.7460669279098511 0.6834123134613037
1 0.9232690334320068 0.4239571988582611 0.6697902083396912 0.47136178612709045 0.7902604937553406
0 0.9191281795501709 0.7480432391166687 0.2737664580345154 0.8314695954322815 0.4597093462944031
