0 0.9829006195068359 0.799921989440918 0.6582112312316895 0.8808267116546631 0.8093563318252563
0 0.9786381125450134 0.4111873507499695 0.3239917457103729 0.4727952480316162 0.46323397755622864
0 0.9779168367385864 0.49111294746398926 0.2462407499551773 0.5383526086807251 0.3567165434360504
1 0.9774972200393677 0.26413142681121826 0.16409917175769806 0.308818519115448 0.2695140838623047
0 0.9773662090301514 0.5654844045639038 0.1993453949689865 0.6312373876571655 0.3815600872039795
1 0.9752627611160278 0.4105549156665802 0.24879392981529236 0.4614035189151764 0.3563590943813324
1 0.9728469848632812 0.32911279797554016 0.19452044367790222 0.39116427302360535 0.3853904902935028
1 0.969782292842865 0.2600439190864563 0.0009550713002681732 0.3088969588279724 0.10649070143699646
1 0.9618896842002869 0.17815634608268738 -0.004001617431640625 0.24031415581703186 0.10960844159126282
1 0.9610964059829712 0.23386509716510773 0.25958964228630066 0.3038335144519806 0.48233023285865784
0 0.9607119560241699 0.6709325909614563 0.3446813225746155 0.723500669002533 0.45832711458206177
0 0.9567909240722656 0.59815913438797 0.4491955637931824 0.6504127383232117 0.5608362555503845
0 0.9540247321128845 0.6490886807441711 0.17579838633537292 0.6972813010215759 0.2769647240638733
0 0.9527583718299866 0.4981512129306793 0.012416984885931015 0.547477662563324 0.11747114360332489
1 0.9427697062492371 0.4063952565193176 0.526235818862915 0.4712403416633606 0.6732292175292969
1 0.9426676630973816 0.2209424078464508 0.6733010411262512 0.2879805266857147 0.8139116168022156
1 0.9180275797843933 0.47550928592681885 0.06274287402629852 0.534186840057373 0.20679707825183868
1 0.9117392301559448 0.122172050178051 0.5211951732635498 0.2014254927635193 0.6777245998382568
0 0.8882973790168762 0.7707118988037109 0.37948888540267944 0.8575726747512817 0.5931373834609985
1 0.8437658548355103 0.41882839798927307 0.6763639450073242 0.47401198744773865 0.7944340705871582
