0 0.9812648296356201 0.8012689352035522 0.6578620076179504 0.879555344581604 0.8065311312675476
0 0.9796804189682007 0.4126509428024292 0.32547852396965027 0.47460442781448364 0.4633964002132416
1 0.9783872365951538 0.1278611421585083 0.5262226462364197 0.20115727186203003 0.6800859570503235
0 0.9770397543907166 0.5652704834938049 0.19923396408557892 0.6314781308174133 0.38364338874816895
0 0.9768862128257751 0.4905725121498108 0.24658016860485077 0.5392140746116638 0.3554612398147583
1 0.9756363034248352 0.26253077387809753 0.16196417808532715 0.3094395697116852 0.26982563734054565
1 0.9739102125167847 0.41168656945228577 0.24882730841636658 0.4610728323459625 0.3554377853870392
1 0.9735226035118103 0.33096131682395935 0.20054176449775696 0.39153942465782166 0.38123026490211487
0 0.9706407785415649 0.6705873012542725 0.34722813963890076 0.7249395847320557 0.4591483175754547
1 0.96869957447052 0.2596950829029083 -0.00039688870310783386 0.3110169470310211 0.10843703150749207
1 0.9686797857284546 0.23331080377101898 0.26101595163345337 0.3029243052005768 0.47983676195144653
1 0.966063380241394 0.17706094682216644 -0.0023764297366142273 0.24035100638866425 0.11146949231624603
0 0.9576103091239929 0.6488332748413086 0.17637844383716583 0.6971045732498169 0.2752865254878998
0 0.9527982473373413 0.599811315536499 0.45134133100509644 0.6503286361694336 0.5607218146324158
1 0.9516782164573669 0.22249886393547058 0.6676700711250305 0.2914341390132904 0.81687992811203
0 0.9491434097290039 0.4978145658969879 0.014321081340312958 0.5471066832542419 0.1172778531908989
1 0.9420172572135925 0.408787339925766 0.5283032655715942 0.47369423508644104 0.6724181175231934
1 0.9176840782165527 0.4752228260040283 0.06766636669635773 0.5359727144241333 0.20601831376552582
0 0.9066025614738464 0.7753778696060181 0.3771454691886902 0.8589872121810913 0.5945294499397278
0 0.8637886047363281 0.6380890011787415 0.0891246646642685 0.6855410933494568 0.19504497945308685
