1 0.5497452616691589 0.11134035885334015 -0.6611707210540771 0.43589359521865845 2.4421863555908203
1 0.5075982213020325 0.3519936501979828 -0.2364293932914734 0.5150907635688782 1.9808757305145264
0 0.4990196228027344 -4.098140716552734 0.9206389784812927 4.748808860778809 0.995217502117157
0 0.4989531636238098 -2.633694648742676 0.8448915481567383 2.8570480346679688 1.05461847782135
0 0.498929888010025 0.3707389533519745 -8.192304611206055 0.388847678899765 9.930484771728516
0 0.4989185035228729 -1.4440224170684814 0.7175277471542358 2.255289316177368 1.1870282888412476
0 0.49887770414352417 0.13719317317008972 -5.077205181121826 0.1553049385547638 6.826974391937256
0 0.4987923502922058 0.20806938409805298 -6.6366376876831055 0.2419051229953766 8.372952461242676
0 0.4987293481826782 0.2889188528060913 -8.197575569152832 0.3165903091430664 9.924952507019043
0 0.49865153431892395 0.44789615273475647 -3.5939512252807617 0.4617359936237335 5.335552215576172
0 0.4983445405960083 -5.035074710845947 0.25030046701431274 6.9396443367004395 0.2535095810890198
0 0.49816715717315674 -7.359898090362549 0.5567793250083923 9.264881134033203 0.5611550211906433
0 0.4980092942714691 -6.924342155456543 0.4008947014808655 8.816590309143066 0.4045306444168091
0 0.4979744553565979 -6.726837158203125 0.32515665888786316 8.622641563415527 0.32916340231895447
0 0.4979413151741028 -5.5810346603393555 0.17302408814430237 7.490880012512207 0.1764172613620758
0 0.49756482243537903 -8.146856307983398 0.47586682438850403 10.043464660644531 0.4804862439632416
0 0.49688541889190674 -5.284897804260254 0.6345551013946533 7.1723480224609375 0.638664722442627
0 0.4775363802909851 0.5187056660652161 0.703315019607544 0.592765748500824 0.859015703201294
