1 0.9318095445632935 0.140293151140213 0.28525638580322266 0.21692723035812378 0.505894660949707
0 0.9146771430969238 0.49338868260383606 0.28802645206451416 0.5426270365715027 0.4052022099494934
0 0.8995869755744934 0.6744551658630371 0.47850385308265686 0.7264446020126343 0.6071531772613525
1 0.8979408144950867 0.1599864661693573 0.07025056332349777 0.22770759463310242 0.2129671573638916
0 0.8544942736625671 0.6304290890693665 0.09595315903425217 0.692019522190094 0.23961904644966125
1 0.8422514200210571 0.4761292636394501 -0.0028268173336982727 0.5333114266395569 0.14160388708114624
0 0.8422107696533203 0.7237662076950073 0.19435040652751923 0.8076022863388062 0.41150861978530884
1 0.8150222301483154 0.3125736117362976 0.48870643973350525 0.36960142850875854 0.6048787832260132
0 0.8021626472473145 0.3242982029914856 0.06703042984008789 0.3792104125022888 0.2292342185974121
0 0.8001261949539185 0.502911388874054 0.4692220687866211 0.5637301802635193 0.6180001497268677
0 0.7425189018249512 0.6052120327949524 0.6925990581512451 0.685356080532074 0.8563904762268066
1 0.5856868624687195 0.10323715209960938 0.5675200819969177 0.18831080198287964 0.7162966132164001
0 0.4990178942680359 -3.5205371379852295 0.9029699563980103 4.186368942260742 1.0162676572799683
0 0.49899983406066895 -2.3739848136901855 0.8396334648132324 2.60050630569458 1.0626193284988403
0 0.4989268481731415 0.13371911644935608 -3.937617778778076 0.1562076210975647 5.68508768081665
0 0.4988129436969757 0.36721906065940857 -14.128985404968262 0.387368768453598 15.85434627532959
0 0.49878427386283875 -1.5267008543014526 0.6655048131942749 2.3457226753234863 1.2414711713790894
0 0.49877965450286865 0.2048163115978241 -12.102468490600586 0.23632782697677612 13.831321716308594
0 0.49868208169937134 0.2884516417980194 -17.336835861206055 0.3117532432079315 19.055639266967773
0 0.49841630458831787 0.4428524374961853 -7.015780925750732 0.46041762828826904 8.751165390014648
