1 0.9319745302200317 0.1371413916349411 0.2864120602607727 0.21783356368541718 0.5063859224319458
0 0.9281327724456787 0.4949769973754883 0.2863268256187439 0.5429203510284424 0.40512609481811523
0 0.8631325960159302 0.6703733205795288 0.48574379086494446 0.7232391834259033 0.6023543477058411
1 0.8508816361427307 0.3147996664047241 0.48082131147384644 0.37667518854141235 0.6050648093223572
1 0.8327421545982361 0.47757798433303833 -0.003959476947784424 0.5366527438163757 0.1442924439907074
0 0.786452054977417 0.5020977854728699 0.466720849275589 0.5631807446479797 0.6210939884185791
0 0.7723569273948669 0.3246804475784302 0.06884055584669113 0.3820134401321411 0.22947895526885986
0 0.6411975622177124 0.7294061779975891 0.19238689541816711 0.8173536658287048 0.398441880941391
0 0.5532271862030029 0.6256704926490784 0.10423131287097931 0.6942759156227112 0.22841446101665497
0 0.49906617403030396 -3.6271228790283203 0.9059812426567078 4.292778491973877 1.0121406316757202
0 0.4990151524543762 -2.1993277072906494 0.8319382071495056 2.4285199642181396 1.0707181692123413
0 0.4989091753959656 0.13399648666381836 -4.075382232666016 0.15676972270011902 5.82172966003418
0 0.4988882541656494 -1.5811617374420166 0.6709059476852417 2.400254964828491 1.2355239391326904
0 0.49883949756622314 0.36773771047592163 -15.087291717529297 0.38712406158447266 16.81367301940918
0 0.4987224340438843 0.20399604737758636 -12.3759183883667 0.23781953752040863 14.104775428771973
0 0.4986873269081116 0.28854894638061523 -19.38796615600586 0.3116917014122009 21.10708236694336
0 0.4985295236110687 -5.489999294281006 0.17432230710983276 7.408649921417236 0.17793604731559753
0 0.4985017478466034 0.4439888298511505 -6.3561177253723145 0.46069958806037903 8.091955184936523
0 0.4983590245246887 -3.6958346366882324 0.24998219311237335 5.603761196136475 0.25466248393058777
0 0.4981721043586731 -5.39392614364624 0.5656608939170837 7.291196346282959 0.5703561902046204
