0 0.685964047908783 0.7140920162200928 0.03000142052769661 0.762260913848877 0.14991495013237
1 0.5474730730056763 0.10883714258670807 -0.8115196824073792 0.4382772445678711 2.591769218444824
0 0.5083556771278381 0.35360950231552124 -0.22887283563613892 0.5173389315605164 1.9749293327331543
0 0.49911361932754517 -4.083075046539307 0.9194825291633606 4.733144283294678 0.9953823685646057
0 0.4990847110748291 0.37177059054374695 -8.520513534545898 0.3889237940311432 10.258068084716797
0 0.499002069234848 -2.3924272060394287 0.8408427834510803 2.615825891494751 1.058966040611267
0 0.4989142417907715 0.13553325831890106 -4.696766376495361 0.15849031507968903 6.4474778175354
0 0.4989050626754761 0.2897449731826782 -8.82943344116211 0.31630265712738037 10.555498123168945
0 0.49888354539871216 -1.4032647609710693 0.7043479681015015 2.2136991024017334 1.1990022659301758
0 0.49881047010421753 0.2046617865562439 -5.862613677978516 0.2458968162536621 7.597768783569336
0 0.4986341595649719 0.4488336443901062 -3.5221962928771973 0.4621819257736206 5.262148380279541
0 0.49860531091690063 -4.75607442855835 0.25186553597450256 6.662608623504639 0.25479504466056824
0 0.4985026717185974 -7.3837785720825195 0.4067324995994568 9.282254219055176 0.4102124571800232
0 0.49835389852523804 -7.896839618682861 0.562497615814209 9.801909446716309 0.566270112991333
0 0.498232364654541 -7.985987663269043 0.4826650619506836 9.885653495788574 0.4868994951248169
0 0.49822431802749634 -4.975520610809326 0.17360496520996094 6.889220714569092 0.1769445240497589
0 0.49812671542167664 -6.952154636383057 0.32746315002441406 8.850529670715332 0.3316494822502136
0 0.49781283736228943 -6.3561811447143555 0.640342116355896 8.25126838684082 0.643303394317627
