1 0.826112687587738 0.511715292930603 0.4924981892108917 0.5768085718154907 0.607058584690094
1 0.6897194981575012 0.5087988376617432 0.4366297423839569 0.5534073114395142 0.553970217704773
1 0.6716699004173279 0.5782700777053833 0.4456024765968323 0.6223924160003662 0.5473532676696777
1 0.66948002576828 0.4888290762901306 0.5124658942222595 0.5427612662315369 0.6082386374473572
1 0.6040945649147034 0.5734387040138245 0.3933922052383423 0.6155775189399719 0.48311591148376465
1 0.599219799041748 0.5066644549369812 0.37998533248901367 0.5488891005516052 0.48834192752838135
1 0.5487334728240967 0.021582752466201782 -0.5650712847709656 0.34581735730171204 2.328327178955078
1 0.5318040251731873 0.2327020764350891 -0.7340179681777954 0.4857766628265381 2.503904342651367
1 0.5186668038368225 0.3485803008079529 -0.19349795579910278 0.5188515782356262 1.941270351409912
0 0.4990915060043335 -4.342154502868652 0.9285363554954529 4.991972923278809 0.9882785677909851
0 0.49905478954315186 -1.5678799152374268 0.7506523728370667 2.379807949066162 1.155358076095581
0 0.49901145696640015 0.37076422572135925 -8.884224891662598 0.388962060213089 10.622244834899902
0 0.4989447593688965 -5.848396301269531 0.9126275777816772 6.19901180267334 1.0107120275497437
0 0.49885284900665283 0.44807738065719604 -4.0721025466918945 0.462124228477478 5.8130035400390625
0 0.49884673953056335 0.13748076558113098 -5.311718940734863 0.15535643696784973 7.063985824584961
0 0.4987911581993103 0.28923216462135315 -8.643380165100098 0.3166215121746063 10.371514320373535
0 0.4987661838531494 0.2083493173122406 -7.058417320251465 0.2417595088481903 8.797916412353516
0 0.49852675199508667 -9.052515983581543 0.5620962977409363 10.957268714904785 0.5658270716667175
0 0.49852269887924194 -4.787530899047852 0.2512073814868927 6.689885139465332 0.2548621594905853
0 0.4984753727912903 -7.616684436798096 0.4048326909542084 9.513067245483398 0.409164696931839
