9 0.9992203712463379 0.2832740545272827 0.08839422464370728 0.3363932967185974 0.2001892328262329
6 0.9963432550430298 0.4189256727695465 0.35260358452796936 0.47822079062461853 0.5002545118331909
9 0.9920721650123596 0.25980472564697266 0.2673306167125702 0.3119543790817261 0.37721696496009827
3 0.9787241816520691 0.6357640027999878 0.2731437087059021 0.6845182180404663 0.38299304246902466
11 0.972520649433136 0.41195791959762573 0.25269901752471924 0.47591346502304077 0.3912540674209595
7 0.9708776473999023 0.1615968644618988 0.17348496615886688 0.23469790816307068 0.3831481337547302
8 0.9690275192260742 0.4016917645931244 0.543059229850769 0.4702208340167999 0.6951795816421509
3 0.8562714457511902 0.49512022733688354 0.5766173601150513 0.5477535128593445 0.6785815954208374
10 0.8335438966751099 0.33604344725608826 0.04968841373920441 0.39994385838508606 0.22593902051448822
3 0.7991714477539062 0.5524166226387024 0.2740960121154785 0.6018909811973572 0.38302135467529297
3 0.7929375171661377 0.41082677245140076 0.07907547801733017 0.4607403576374054 0.1890040934085846
5 0.5906769633293152 0.2539339065551758 0.025112949311733246 0.31544315814971924 0.16024592518806458
2 0.5425065159797668 0.20699001848697662 0.5486175417900085 0.27775517106056213 0.6948006749153137
1 0.4445247948169708 0.6770032644271851 0.20658347010612488 0.7541317939758301 0.3716906011104584
