9 0.9947980642318726 0.27652785181999207 0.2835954427719116 0.33061233162879944 0.3910257816314697
1 0.9670087099075317 0.6398327350616455 0.23403143882751465 0.7216658592224121 0.4182288646697998
3 0.9231274127960205 0.34760019183158875 0.329199880361557 0.3964170515537262 0.43245771527290344
3 0.8335168361663818 0.5311816334724426 0.2942572832107544 0.5792055726051331 0.40448665618896484
5 0.8094690442085266 0.2186889499425888 0.17943812906742096 0.2874990701675415 0.32167983055114746
3 0.75992751121521 0.5146302580833435 0.5373096466064453 0.5651991963386536 0.6381465196609497
7 0.7495766878128052 0.20185253024101257 0.31029602885246277 0.2823770344257355 0.5055664777755737
7 0.5200895667076111 0.25824570655822754 0.2981053292751312 0.3343912959098816 0.47259292006492615
11 0.4200681746006012 0.41752803325653076 0.19517137110233307 0.4656575918197632 0.2962639033794403
9 0.33744359016418457 0.3194446563720703 0.41576382517814636 0.3856830596923828 0.5458791255950928
