9 0.9993038177490234 0.2813996970653534 0.09054271131753922 0.3344104588031769 0.20378288626670837
9 0.9921051263809204 0.2583276629447937 0.25942856073379517 0.3110833168029785 0.37143296003341675
6 0.9906071424484253 0.41787371039390564 0.37689775228500366 0.47678282856941223 0.5235296487808228
11 0.9847186803817749 0.40771299600601196 0.26239466667175293 0.470058798789978 0.402124285697937
7 0.9750091433525085 0.16343992948532104 0.178728848695755 0.23653680086135864 0.3898552358150482
8 0.9660263061523438 0.4073653221130371 0.5446403622627258 0.47512561082839966 0.6980523467063904
3 0.9293346405029297 0.5402049422264099 0.3152223527431488 0.5885689854621887 0.4208151400089264
10 0.8965140581130981 0.33964961767196655 0.047101207077503204 0.4038533568382263 0.2260456085205078
3 0.7818248271942139 0.4045408368110657 0.08631417155265808 0.45412588119506836 0.19719484448432922
9 0.7394173741340637 0.3353378176689148 0.4658057391643524 0.39024633169174194 0.5822955965995789
3 0.7294843792915344 0.4148065447807312 0.45392170548439026 0.46584761142730713 0.5643805861473083
1 0.6192831993103027 0.6844062805175781 0.22394230961799622 0.7616170644760132 0.3949839770793915
3 0.5697219371795654 0.5060150623321533 0.5603542923927307 0.5566059350967407 0.6509796977043152
5 0.4732638895511627 0.2559315860271454 0.01699545979499817 0.31548312306404114 0.1506306231021881
3 0.21883808076381683 0.3903575837612152 0.4592583477497101 0.4436168968677521 0.5678266286849976
5 0.20888523757457733 0.5395898818969727 0.04419570416212082 0.6033022403717041 0.1926249861717224
