6 0.9995763897895813 0.41549205780029297 0.3750361204147339 0.4762933850288391 0.5238588452339172
9 0.9943846464157104 0.3431243598461151 0.43821316957473755 0.40398672223091125 0.5597599148750305
9 0.9927965402603149 0.2816925346851349 0.10726367682218552 0.33403435349464417 0.2221364974975586
3 0.9923953413963318 0.5390094518661499 0.2773098647594452 0.5882352590560913 0.390550822019577
1 0.9916374087333679 0.7075731754302979 0.20844274759292603 0.7896103858947754 0.40045011043548584
11 0.9863081574440002 0.4045388698577881 0.30503690242767334 0.46675026416778564 0.444222629070282
3 0.9545359015464783 0.3742519021034241 0.3804302215576172 0.4255247712135315 0.48822200298309326
9 0.945487916469574 0.26119464635849 0.2586509585380554 0.3154246211051941 0.3693048357963562
7 0.9388729333877563 0.17687582969665527 0.19533894956111908 0.25073307752609253 0.39446741342544556
3 0.8186612725257874 0.42740634083747864 0.125238835811615 0.4783836901187897 0.23851120471954346
3 0.7935444116592407 0.5003082752227783 0.5412228107452393 0.5512237548828125 0.6426576375961304
9 0.7160903215408325 0.33013275265693665 0.45514070987701416 0.3858841359615326 0.5703736543655396
5 0.21673424541950226 0.2555454969406128 0.031332895159721375 0.31758856773376465 0.16466136276721954
