9 0.9994534850120544 0.26700103282928467 0.0903853178024292 0.3204497694969177 0.2038661241531372
9 0.9858888983726501 0.25211071968078613 0.25690314173698425 0.3045917749404907 0.36875298619270325
7 0.9819188117980957 0.1581948846578598 0.19078034162521362 0.23264963924884796 0.4067351222038269
6 0.970666229724884 0.4035099148750305 0.36707592010498047 0.4682549238204956 0.516133189201355
1 0.9678857326507568 0.6927692890167236 0.2390606850385666 0.7746386528015137 0.4264647364616394
3 0.934348464012146 0.5196478962898254 0.2918528616428375 0.5678758025169373 0.40119895339012146
11 0.9218925833702087 0.3985539972782135 0.29055845737457275 0.46394631266593933 0.43448853492736816
8 0.9204221367835999 0.32105791568756104 0.33384624123573303 0.3869283199310303 0.48084965348243713
10 0.8603488206863403 0.3336533308029175 0.04721679538488388 0.3991689682006836 0.2220846712589264
3 0.7458447813987732 0.5079341530799866 0.5341050028800964 0.5588334202766418 0.6345179677009583
3 0.7394134402275085 0.40832439064979553 0.10362134128808975 0.45707473158836365 0.21281763911247253
3 0.6669620275497437 0.4045774042606354 0.44730234146118164 0.45525887608528137 0.5517511963844299
9 0.6335964798927307 0.3488032817840576 0.4462171196937561 0.40253663063049316 0.5555207133293152
5 0.38215482234954834 0.25372010469436646 0.017624713480472565 0.3133505582809448 0.15141865611076355
