9 0.9978436231613159 0.23256094753742218 -0.0010028332471847534 0.28193384408950806 0.106695756316185
6 0.9971475601196289 0.09587617218494415 0.41496092081069946 0.15532152354717255 0.5557230710983276
9 0.995925784111023 0.40699681639671326 0.22917452454566956 0.45551565289497375 0.3340184986591339
3 0.9942448735237122 0.669006884098053 -0.003912054002285004 0.7114567160606384 0.09552522748708725
8 0.9940398335456848 0.09730131924152374 0.576237678527832 0.16102169454097748 0.7187328338623047
9 0.9931364059448242 0.22109314799308777 0.36488571763038635 0.27414605021476746 0.46726247668266296
11 0.9929377436637878 0.22610245645046234 0.7416534423828125 0.2911965847015381 0.8785333633422852
3 0.9922229647636414 0.6792979836463928 0.050803765654563904 0.720727264881134 0.14959491789340973
10 0.976107120513916 0.14382490515708923 0.1761322021484375 0.20868822932243347 0.34812647104263306
9 0.9747073650360107 0.36447805166244507 0.07946143299341202 0.41172099113464355 0.18415674567222595
2 0.9740170240402222 0.57353276014328 0.06174033135175705 0.6231797337532043 0.1907544732093811
0 0.9689416885375977 0.769202470779419 0.08615252375602722 0.8190823793411255 0.22867533564567566
11 0.9630948305130005 0.17031830549240112 0.007461663335561752 0.22568941116333008 0.12225544452667236
5 0.9579378366470337 0.7859446406364441 0.7112032175064087 0.8551604151725769 0.8453992605209351
6 0.9577820897102356 0.3065086007118225 -0.009075265377759933 0.3563433289527893 0.10976223647594452
9 0.9495237469673157 0.23776160180568695 0.17764978110790253 0.2850255072116852 0.28198882937431335
9 0.9119893908500671 0.1876109093427658 0.47707387804985046 0.24198921024799347 0.574143648147583
1 0.8979771137237549 0.7473418712615967 0.2896340787410736 0.8273496627807617 0.4724710285663605
2 0.8546508550643921 0.41899752616882324 0.2986987233161926 0.47856074571609497 0.44527071714401245
9 0.8521477580070496 0.42116641998291016 0.7254824638366699 0.4762863516807556 0.8340408802032471
