8 0.9993760585784912 0.3167884647846222 0.2460305392742157 0.3737771213054657 0.3790084421634674
9 0.9974456429481506 0.3849170506000519 0.01059340313076973 0.43393829464912415 0.12525589764118195
8 0.9973580837249756 0.08824016153812408 0.5173288583755493 0.15462087094783783 0.6552709341049194
5 0.9969996809959412 0.7818010449409485 0.7319880723953247 0.8538417220115662 0.8649169206619263
9 0.9964748620986938 0.3888917565345764 0.1426258385181427 0.43739229440689087 0.25425484776496887
10 0.9943278431892395 0.2170642912387848 0.12307420372962952 0.2919681966304779 0.2892475426197052
9 0.9920714497566223 0.244719460606575 0.11478397250175476 0.2893312871456146 0.21595612168312073
6 0.9887847304344177 0.1647806018590927 0.076712466776371 0.22367359697818756 0.22253009676933289
3 0.9822679162025452 0.47958502173423767 -0.0006534010171890259 0.5250387191772461 0.11007697880268097
3 0.9808967709541321 0.5702449083328247 0.05088014528155327 0.6146939992904663 0.15710888803005219
2 0.9714954495429993 0.5613261461257935 0.20768776535987854 0.6211435794830322 0.34809669852256775
2 0.97039794921875 0.7380391359329224 0.4556841552257538 0.8067432641983032 0.5871926546096802
3 0.9692781567573547 0.6364666819572449 0.20933595299720764 0.682711660861969 0.3182302415370941
5 0.9612489938735962 0.6842871904373169 0.01754789799451828 0.7393468618392944 0.13448327779769897
9 0.9565484523773193 0.20007644593715668 0.2829670310020447 0.2519943118095398 0.38892143964767456
6 0.9455242156982422 0.09837277233600616 0.6555203795433044 0.16432087123394012 0.8047314286231995
3 0.9321906566619873 0.49499452114105225 0.1402503401041031 0.5397087335586548 0.24828504025936127
9 0.928053081035614 0.18521592020988464 0.3769303858280182 0.23922118544578552 0.4789040982723236
9 0.914974570274353 0.3816777169704437 0.5061437487602234 0.4363299310207367 0.6279343962669373
11 0.9080116152763367 0.3225761651992798 0.7686267495155334 0.387251615524292 0.9085171818733215
