9 0.99977707862854 0.20640455186367035 0.27307796478271484 0.2607246935367584 0.3852071166038513
6 0.9991592168807983 0.4069041907787323 0.35820847749710083 0.4659835994243622 0.5106179714202881
3 0.9943979978561401 0.4028303325176239 0.10517705976963043 0.45392295718193054 0.21824394166469574
2 0.9933262467384338 0.32728806138038635 0.3606076240539551 0.39381763339042664 0.5142109394073486
9 0.9829366207122803 0.25707772374153137 0.1327938586473465 0.30787917971611023 0.24661187827587128
3 0.9732710719108582 0.5022812485694885 0.5806156396865845 0.5561010241508484 0.6877063512802124
0 0.9450637102127075 0.4729823172092438 0.15984389185905457 0.5275281071662903 0.30227580666542053
5 0.9308599829673767 0.5201979875564575 0.013890877366065979 0.5780740976333618 0.15627680718898773
3 0.9136028289794922 0.6278684139251709 0.27220815420150757 0.6755707263946533 0.3710319995880127
2 0.9088211059570312 0.20774215459823608 0.5565418601036072 0.28055471181869507 0.7147511839866638
10 0.844770610332489 0.3371168375015259 0.06755661219358444 0.4049438238143921 0.24118030071258545
7 0.7977315783500671 0.14453057944774628 0.18285556137561798 0.21672208607196808 0.381979763507843
9 0.7695491909980774 0.31094416975975037 0.4573734402656555 0.37400534749031067 0.5806651711463928
11 0.7060973048210144 0.20599216222763062 0.05334765464067459 0.26988738775253296 0.19323629140853882
9 0.3947943150997162 0.33950597047805786 0.2904285490512848 0.3903643488883972 0.3944375216960907
11 0.21212367713451385 0.41001811623573303 0.016194511204957962 0.4604776203632355 0.14016838371753693
