9 0.9994128346443176 0.209710955619812 0.39933305978775024 0.268751323223114 0.5222987532615662
9 0.9979644417762756 0.20154303312301636 0.3087429404258728 0.2575429081916809 0.4260079264640808
3 0.9959918856620789 0.3999316394329071 0.10819561779499054 0.44804587960243225 0.21513549983501434
9 0.9880213737487793 0.24019475281238556 0.09460877627134323 0.29345598816871643 0.21221089363098145
3 0.9794841408729553 0.5113887786865234 0.5330660939216614 0.5629801750183105 0.6404702067375183
6 0.9763282537460327 0.16756772994995117 0.10196380317211151 0.22736364603042603 0.2589426040649414
5 0.9604870080947876 0.5546663403511047 -0.003949299454689026 0.6108939051628113 0.12538786232471466
6 0.9566271901130676 0.3442115783691406 0.3556142747402191 0.40637338161468506 0.5077202320098877
10 0.9285186529159546 0.3194168210029602 0.06318473070859909 0.38669222593307495 0.24194008111953735
1 0.9082703590393066 0.7115585803985596 0.24439209699630737 0.7967747449874878 0.43058258295059204
2 0.8822429180145264 0.4046083688735962 0.18126928806304932 0.46351248025894165 0.3168916702270508
3 0.8708106279373169 0.6574479341506958 0.24113285541534424 0.7079521417617798 0.3566538095474243
9 0.8601497411727905 0.32324108481407166 0.45948049426078796 0.3856928050518036 0.5800422430038452
7 0.7650285363197327 0.1178937777876854 0.3333461284637451 0.19511154294013977 0.5253090858459473
5 0.7207008004188538 0.48914220929145813 0.08822132647037506 0.5446266531944275 0.21508340537548065
2 0.5841931700706482 0.2021983563899994 0.5663213133811951 0.2719026505947113 0.7149792313575745
0 0.5583238005638123 0.5976976156234741 0.03999931365251541 0.6491093635559082 0.1786736249923706
8 0.4871169328689575 0.19846142828464508 0.7169071435928345 0.27760249376296997 0.8745101690292358
9 0.3402433395385742 0.4005374312400818 0.034527018666267395 0.4468175172805786 0.14137385785579681
0 0.22521431744098663 0.5759639143943787 0.04019186645746231 0.6295297741889954 0.1755187213420868
