3 0.9999686479568481 0.7024024128913879 -0.015755854547023773 0.7441584467887878 0.08405020087957382
11 0.993334174156189 0.17103151977062225 -0.004608705639839172 0.22512616217136383 0.11168248951435089
9 0.9930549263954163 0.2377793937921524 0.010042350739240646 0.284271240234375 0.10829724371433258
3 0.9928503036499023 0.7242163419723511 0.04492197558283806 0.7643274068832397 0.14393015205860138
2 0.9923725128173828 0.5943467617034912 0.04840422421693802 0.6439191102981567 0.19020295143127441
11 0.9910662770271301 0.23217129707336426 0.737061619758606 0.2977241277694702 0.8746639490127563
10 0.9898492097854614 0.1494182050228119 0.15643447637557983 0.21031275391578674 0.32739192247390747
9 0.9846152067184448 0.2495369017124176 0.3606906235218048 0.3019249141216278 0.46504929661750793
8 0.9833442568778992 0.1182759627699852 0.5633050203323364 0.18429431319236755 0.7056393623352051
8 0.9669395089149475 0.33057838678359985 0.12156946212053299 0.3824862241744995 0.26314741373062134
9 0.957886278629303 0.25001683831214905 0.16940781474113464 0.2957843244075775 0.2732955515384674
6 0.9474817514419556 0.11884784698486328 0.4277506470680237 0.17865347862243652 0.5653740167617798
5 0.9311223030090332 0.7713657021522522 0.695416271686554 0.8406547904014587 0.8311665654182434
0 0.926825225353241 0.8047630190849304 0.08199381083250046 0.8541374802589417 0.2156982421875
3 0.8921735882759094 0.7329288125038147 0.1099153608083725 0.7750408053398132 0.21127893030643463
1 0.8826577067375183 0.7708883285522461 0.27108871936798096 0.8515384197235107 0.4566768407821655
4 0.8680245876312256 0.8039200305938721 0.1748429536819458 0.8718106746673584 0.33394742012023926
3 0.8677429556846619 0.4671706259250641 0.2525429129600525 0.5134400725364685 0.35689014196395874
9 0.8394392132759094 0.2509515583515167 0.25785940885543823 0.3019406497478485 0.35919851064682007
9 0.7941832542419434 0.36946430802345276 0.07781805098056793 0.4172801673412323 0.18670885264873505
