5 0.9989573955535889 0.8142179250717163 0.699344277381897 0.8889790773391724 0.8333734273910522
9 0.9980812668800354 0.24040456116199493 0.005469437688589096 0.29075396060943604 0.10823285579681396
11 0.9971235394477844 0.17025887966156006 -0.012790512293577194 0.22920876741409302 0.11095298826694489
9 0.9908857345581055 0.24080990254878998 0.12744452059268951 0.2901632785797119 0.23892627656459808
9 0.9902817010879517 0.41462594270706177 0.1943049132823944 0.4633644223213196 0.3009152114391327
4 0.9880741238594055 0.5297421216964722 0.15364284813404083 0.5965129137039185 0.31850147247314453
2 0.9861558675765991 0.578606367111206 0.05626595765352249 0.6286540031433105 0.18405652046203613
3 0.9823338389396667 0.6370842456817627 0.05938795208930969 0.6809911727905273 0.16187939047813416
5 0.9739755392074585 0.5505794882774353 0.004609145224094391 0.600299060344696 0.11649598926305771
8 0.9574816226959229 0.12021822482347488 0.5405260324478149 0.19198018312454224 0.6873118877410889
3 0.9496593475341797 0.4923493564128876 0.021410852670669556 0.5368203520774841 0.12065395712852478
10 0.9464906454086304 0.32874661684036255 0.17627780139446259 0.39565277099609375 0.3450999855995178
3 0.914138913154602 0.47380557656288147 0.20131976902484894 0.5204956531524658 0.2999500334262848
2 0.9091916680335999 0.402904748916626 0.3136470317840576 0.46765047311782837 0.45741140842437744
1 0.8828392028808594 0.7471506595611572 0.24422428011894226 0.8260834217071533 0.42936840653419495
3 0.8741581439971924 0.640856146812439 0.12474505603313446 0.6854256391525269 0.22787614166736603
9 0.8451838493347168 0.42989397048950195 0.682919979095459 0.4914984703063965 0.8170163631439209
3 0.8289009928703308 0.6480202078819275 0.3930663764476776 0.6993952393531799 0.49807825684547424
11 0.826738715171814 0.21143260598182678 0.7080926895141602 0.27772483229637146 0.8483723402023315
7 0.8048575520515442 0.1281144917011261 0.25717049837112427 0.19822683930397034 0.44411706924438477
