9 0.9996163249015808 0.3770255148410797 -0.021553196012973785 0.4264990985393524 0.09699336439371109
9 0.999516487121582 0.167509987950325 0.363809734582901 0.2250506728887558 0.47419312596321106
9 0.9987752437591553 0.2125421166419983 0.06545698642730713 0.26387274265289307 0.1822909116744995
9 0.9986869692802429 0.393563836812973 0.14798757433891296 0.44285401701927185 0.2594078481197357
8 0.9982166886329651 0.31409966945648193 0.2257489562034607 0.36931777000427246 0.3568117618560791
8 0.9957289695739746 0.0848408043384552 0.47330790758132935 0.15220043063163757 0.6108103394508362
3 0.9922902584075928 0.49104443192481995 0.1550394594669342 0.5380509495735168 0.25966086983680725
6 0.9885610342025757 0.1501273512840271 0.0682317391037941 0.209902822971344 0.21670815348625183
9 0.9865055680274963 0.16709686815738678 0.6253970265388489 0.22533570230007172 0.7405300736427307
4 0.9833022952079773 0.47121965885162354 0.34498125314712524 0.531915545463562 0.515468180179596
1 0.9831617474555969 0.7190628051757812 0.19866421818733215 0.8042607307434082 0.3916686475276947
6 0.9824605584144592 0.08595394343137741 0.6309747099876404 0.15063410997390747 0.7767153382301331
0 0.9819597005844116 0.6381484270095825 0.013905689120292664 0.696210503578186 0.14956225454807281
9 0.978649914264679 0.1993529498577118 0.2701696455478668 0.25182756781578064 0.38613995909690857
5 0.9784969687461853 0.6615517139434814 0.027498997747898102 0.7157272100448608 0.14187070727348328
10 0.9772939085960388 0.30006101727485657 0.016239657998085022 0.36291006207466125 0.18925373256206512
2 0.9677072167396545 0.5117704272270203 0.5791897773742676 0.5802623629570007 0.7335188388824463
3 0.9576921463012695 0.5680798888206482 0.059582848101854324 0.6139478087425232 0.16659657657146454
2 0.9409306645393372 0.5164715647697449 0.2537972331047058 0.5737524628639221 0.4020870327949524
3 0.9299829602241516 0.6408595442771912 0.7203344106674194 0.6961504817008972 0.8259347677230835
