9 0.996844470500946 0.2518902122974396 0.08327320218086243 0.29849007725715637 0.17736735939979553
9 0.9960994124412537 0.2330341935157776 0.323180615901947 0.2852572798728943 0.4275504946708679
5 0.9940240383148193 0.7391411662101746 -0.0037476010620594025 0.7911056876182556 0.11160703003406525
3 0.9935169816017151 0.6483287811279297 0.004880379885435104 0.6901593208312988 0.10437779128551483
9 0.9926583170890808 0.2526192367076874 0.022648531943559647 0.3002634346485138 0.1204485148191452
5 0.9885482788085938 0.7842180728912354 0.724989116191864 0.8538931608200073 0.8555360436439514
9 0.9852432012557983 0.23192444443702698 0.2149476408958435 0.28322193026542664 0.3201671242713928
9 0.9805696606636047 0.268679141998291 0.13899710774421692 0.3146284222602844 0.24102380871772766
8 0.9803749918937683 0.2001315802335739 0.06725645810365677 0.25389155745506287 0.19713187217712402
3 0.9763181805610657 0.6712000966072083 0.07760436832904816 0.7137157320976257 0.17553775012493134
2 0.9715502858161926 0.7655280232429504 0.06935279071331024 0.8244964480400085 0.19465269148349762
3 0.9685973525047302 0.6804808974266052 0.3010093569755554 0.7297990918159485 0.4029976725578308
3 0.9588339924812317 0.6585108041763306 0.4065985679626465 0.7097795009613037 0.509857177734375
6 0.9509307742118835 0.20235088467597961 0.14274412393569946 0.2535276710987091 0.27761417627334595
11 0.9503812193870544 0.20086751878261566 0.014703616499900818 0.2517850697040558 0.12369336187839508
11 0.947599470615387 0.09813590347766876 0.7354127168655396 0.16791342198848724 0.8766868114471436
9 0.9473382234573364 0.21929781138896942 0.4350448250770569 0.2719162106513977 0.5337507724761963
10 0.9329144358634949 0.17718900740146637 0.1970473974943161 0.23938177525997162 0.3648771643638611
8 0.9254153370857239 0.14219993352890015 0.6049535870552063 0.20839840173721313 0.7487848401069641
3 0.8894588947296143 0.7126758694648743 0.1656854748725891 0.7552981972694397 0.2667779326438904
