8 0.9989450573921204 0.08582384139299393 0.49864140152931213 0.15297824144363403 0.6332893371582031
8 0.9985679984092712 0.32562369108200073 0.23649147152900696 0.38164836168289185 0.36577972769737244
5 0.9970470666885376 0.7875435948371887 0.7288182973861694 0.8595961928367615 0.8614879846572876
9 0.9960477352142334 0.25783634185791016 0.11334864795207977 0.30136168003082275 0.21526189148426056
6 0.995757520198822 0.08150102198123932 0.6338667273521423 0.14310894906520844 0.7778578400611877
9 0.9931578040122986 0.23171988129615784 0.04734184592962265 0.2831328809261322 0.15433523058891296
9 0.9919752478599548 0.3978762626647949 0.14112555980682373 0.44633424282073975 0.25245386362075806
3 0.9856666922569275 0.679253876209259 0.19186949729919434 0.7240086197853088 0.29765820503234863
3 0.9823362827301025 0.5960308313369751 0.03506689891219139 0.6399463415145874 0.13957303762435913
10 0.9782972931861877 0.25433117151260376 0.12591010332107544 0.3304150700569153 0.28234732151031494
5 0.9782936573028564 0.7117704153060913 0.012563884258270264 0.7684532403945923 0.13174939155578613
2 0.9693111777305603 0.7588961124420166 0.4475787580013275 0.8293650150299072 0.5802606344223022
2 0.9653329849243164 0.5737456679344177 0.19445502758026123 0.632958710193634 0.3338679075241089
6 0.9647759795188904 0.19231367111206055 0.11984199285507202 0.25966769456863403 0.2769101858139038
4 0.9428167939186096 0.6688769459724426 0.31000658869743347 0.7323707938194275 0.4718727171421051
3 0.9342061281204224 0.5032367706298828 0.1276097595691681 0.5470185279846191 0.2352457344532013
9 0.929153323173523 0.38139018416404724 0.5043935775756836 0.4358702003955841 0.6261968612670898
9 0.9071758389472961 0.4216540455818176 0.006916157901287079 0.4680454730987549 0.11665088683366776
11 0.9009238481521606 0.3144629895687103 0.7670587301254272 0.379168301820755 0.9065122604370117
9 0.8688757419586182 0.19118791818618774 0.6534555554389954 0.24645256996154785 0.7573789954185486
