8 0.9993197917938232 0.31565427780151367 0.23810824751853943 0.3727978467941284 0.37189581990242004
8 0.9991994500160217 0.08181595802307129 0.5062198638916016 0.14679139852523804 0.6386022567749023
9 0.9977232813835144 0.3807933032512665 0.011892080307006836 0.4299909770488739 0.12736600637435913
5 0.9969643950462341 0.7811027765274048 0.732753574848175 0.8533045053482056 0.8659543395042419
9 0.9962159991264343 0.3867349326610565 0.1418258547782898 0.43535616993904114 0.2535399794578552
10 0.9940797686576843 0.21476884186267853 0.12671443819999695 0.28927701711654663 0.29315927624702454
9 0.9911300539970398 0.24233727157115936 0.11804480850696564 0.28693026304244995 0.21959136426448822
9 0.9891511797904968 0.17208416759967804 0.37941810488700867 0.22706060111522675 0.48179367184638977
6 0.9888640642166138 0.1640169471502304 0.0787724107503891 0.2224934846162796 0.22396685183048248
11 0.9859668612480164 0.3256443440914154 0.7583615779876709 0.38928142189979553 0.8958477973937988
3 0.9830613136291504 0.568368136882782 0.043789833784103394 0.6129177212715149 0.15186795592308044
3 0.9808869957923889 0.651047945022583 0.2104676365852356 0.6970824003219604 0.31900590658187866
6 0.9760357141494751 0.08084936439990997 0.6369120478630066 0.14577655494213104 0.7859700322151184
2 0.973188579082489 0.560188353061676 0.20642495155334473 0.6199700236320496 0.3468747138977051
2 0.9727272391319275 0.7359858751296997 0.4518178403377533 0.8047119379043579 0.5843011140823364
5 0.9671794176101685 0.6771811842918396 0.006571952253580093 0.7318105101585388 0.13114196062088013
9 0.9654399752616882 0.19837847352027893 0.28076642751693726 0.25043079257011414 0.38678473234176636
3 0.951577365398407 0.4719869792461395 0.0016218535602092743 0.5171401500701904 0.11288164556026459
3 0.9214503169059753 0.49353352189064026 0.1428993195295334 0.5385352373123169 0.2506338953971863
4 0.9050245881080627 0.6378232836723328 0.30914270877838135 0.7012622952461243 0.47033149003982544
