9 0.9987397789955139 0.22547703981399536 -0.003309987485408783 0.2758099436759949 0.09854438155889511
11 0.9973043203353882 0.15919876098632812 -0.015667639672756195 0.21801704168319702 0.10720839351415634
4 0.9968183040618896 0.5455222129821777 0.17634031176567078 0.6102803945541382 0.348783403635025
5 0.9949860572814941 0.8061448335647583 0.7104561924934387 0.8775553703308105 0.8411902785301208
5 0.9943174719810486 0.5780805945396423 -0.01696707308292389 0.6284622550010681 0.10269470512866974
3 0.9937371015548706 0.6642758846282959 0.049578502774238586 0.7082188129425049 0.15112923085689545
2 0.9924255013465881 0.5979902148246765 0.03252529352903366 0.6505549550056458 0.16758257150650024
6 0.9844145178794861 0.10361073911190033 0.4147632122039795 0.1639431267976761 0.5589590072631836
3 0.983168363571167 0.5020678043365479 -0.006649728864431381 0.5456933975219727 0.09674268960952759
8 0.977180540561676 0.12060907483100891 0.5366738438606262 0.1919557750225067 0.683651864528656
2 0.9658510088920593 0.409961074590683 0.31160035729408264 0.4738060534000397 0.4575953185558319
9 0.9601309895515442 0.23647761344909668 0.13619524240493774 0.2854941487312317 0.24460965394973755
3 0.9570729732513428 0.6454401612281799 0.42598044872283936 0.6975695490837097 0.5315861701965332
9 0.9531295895576477 0.41491246223449707 0.21565161645412445 0.4630162715911865 0.3223172426223755
2 0.9478684067726135 0.7091827392578125 0.5338461399078369 0.7785985469818115 0.6741930246353149
1 0.9167622923851013 0.78487628698349 0.2484121322631836 0.8660042881965637 0.4368517994880676
11 0.9000754356384277 0.21269762516021729 0.7100316286087036 0.27896952629089355 0.8486502170562744
10 0.8907700181007385 0.34395188093185425 0.1752292662858963 0.4082146883010864 0.33741408586502075
3 0.8898938298225403 0.6711030602455139 0.3353162109851837 0.7208392024040222 0.4421180188655853
8 0.8717561960220337 0.3391334116458893 0.05872400104999542 0.3904303014278412 0.2001010626554489
