9 0.9987015724182129 0.19553355872631073 0.2864854633808136 0.25224772095680237 0.40777453780174255
2 0.9986287951469421 0.5270822048187256 0.21534359455108643 0.5827071666717529 0.3557754158973694
9 0.9983844757080078 0.18394848704338074 0.38772788643836975 0.2417837679386139 0.5083351135253906
9 0.9982204437255859 0.3866463303565979 0.007268328219652176 0.435341477394104 0.11947940289974213
9 0.9927344918251038 0.22365976870059967 0.09082967787981033 0.27621471881866455 0.2045278549194336
5 0.9876475930213928 0.5442933440208435 -0.004621163010597229 0.6003866791725159 0.1262398511171341
5 0.983146071434021 0.47280341386795044 0.35726284980773926 0.5304779410362244 0.4873921275138855
6 0.9798004627227783 0.16482803225517273 0.1014084443449974 0.224374920129776 0.256232887506485
0 0.9792972207069397 0.5911880135536194 0.03881097584962845 0.6430185437202454 0.18286311626434326
9 0.9752780795097351 0.19317887723445892 0.6356531381607056 0.2492247372865677 0.743171215057373
10 0.9383502006530762 0.3186403512954712 0.05249214917421341 0.38302743434906006 0.2316005825996399
6 0.9375422596931458 0.30918779969215393 0.36539316177368164 0.3725776970386505 0.5239004492759705
3 0.9333518743515015 0.4910151958465576 0.5398991107940674 0.5436259508132935 0.6480498313903809
3 0.8887906670570374 0.47760000824928284 0.15125231444835663 0.5250118970870972 0.2607254683971405
3 0.8570082187652588 0.48466721177101135 0.06341259181499481 0.5310890674591064 0.16955210268497467
7 0.8250470161437988 0.12320449203252792 0.3377743065357208 0.19927522540092468 0.5393958687782288
8 0.6022023558616638 0.3966846168041229 0.06584641337394714 0.45432403683662415 0.21795806288719177
8 0.3357819616794586 0.2062387764453888 0.7137595415115356 0.28431013226509094 0.8708325624465942
0 0.30229026079177856 0.3164927363395691 0.4667035937309265 0.37686413526535034 0.6065919995307922
11 0.27860212326049805 0.17635822296142578 0.056436944752931595 0.22681713104248047 0.18052054941654205
