9 0.9996100664138794 0.38824009895324707 -0.01587529107928276 0.43660086393356323 0.09685631096363068
8 0.9995723366737366 0.07597467303276062 0.4938255548477173 0.14185413718223572 0.6268537044525146
8 0.9994264245033264 0.3152628242969513 0.23849108815193176 0.36921414732933044 0.3637901246547699
9 0.9988653063774109 0.16777318716049194 0.372159481048584 0.22329586744308472 0.4764236807823181
9 0.9976823925971985 0.3799874484539032 0.14234104752540588 0.4297167956829071 0.25634703040122986
5 0.9966144561767578 0.7985237836837769 0.7324838042259216 0.8688536882400513 0.8647668957710266
9 0.9931621551513672 0.2438429594039917 0.08231610059738159 0.2887570858001709 0.18873894214630127
0 0.9927892684936523 0.6387090682983398 -0.0012499317526817322 0.692702054977417 0.13137754797935486
6 0.985627293586731 0.16809646785259247 0.0755818635225296 0.22719545662403107 0.2219192236661911
10 0.9852263927459717 0.21565139293670654 0.10466218739748001 0.2868022918701172 0.2668382525444031
6 0.9778369069099426 0.07960304617881775 0.6425437331199646 0.14517304301261902 0.7905258536338806
2 0.9756004214286804 0.5323699116706848 0.5734530687332153 0.6025895476341248 0.7274266481399536
4 0.9711509346961975 0.4733531177043915 0.3538235127925873 0.5356329083442688 0.5241061449050903
5 0.9710137844085693 0.692028284072876 0.028068795800209045 0.7481081485748291 0.1476951688528061
3 0.9706409573554993 0.5602179765701294 0.05881952494382858 0.6061770915985107 0.16614151000976562
3 0.9695186018943787 0.4811466336250305 -0.010834474116563797 0.5259587168693542 0.09754772484302521
2 0.9691969156265259 0.5801598429679871 0.2691643238067627 0.6331542134284973 0.41076022386550903
3 0.9675331711769104 0.48150044679641724 0.15674720704555511 0.5269256234169006 0.2636968791484833
9 0.9485130906105042 0.19808445870876312 0.2741217017173767 0.25041285157203674 0.3825216293334961
11 0.9218146204948425 0.17727477848529816 0.03094538301229477 0.22662673890590668 0.15858760476112366
