4 0.9983589053153992 0.4923003911972046 0.23047733306884766 0.565029501914978 0.40487372875213623
9 0.9948062300682068 0.3862508535385132 0.2652623653411865 0.4383094310760498 0.3771524429321289
5 0.9902368187904358 0.7598206400871277 0.75234055519104 0.8354957699775696 0.8919861316680908
11 0.9855419397354126 0.23009051382541656 0.15113739669322968 0.2942507565021515 0.2861964702606201
9 0.9855397939682007 0.29197633266448975 0.06046774610877037 0.3413296341896057 0.16425898671150208
9 0.9843186140060425 0.34464558959007263 0.1268722265958786 0.3953630030155182 0.23699279129505157
9 0.9589398503303528 0.2935727834701538 0.13291431963443756 0.3445659875869751 0.23835168778896332
3 0.9374241828918457 0.46116748452186584 0.2690361738204956 0.5112301111221313 0.37589097023010254
7 0.934898853302002 0.2846818268299103 0.28957727551460266 0.35509827733039856 0.4787464439868927
3 0.742296576499939 0.5539464354515076 0.19743132591247559 0.602009117603302 0.3024106025695801
9 0.4853503704071045 0.23957514762878418 0.5906718373298645 0.2967780828475952 0.6971109509468079
1 0.27763718366622925 0.5619558095932007 0.6632519960403442 0.6385670900344849 0.8423324823379517
3 0.2209938019514084 0.5291561484336853 0.46391183137893677 0.5798935294151306 0.5739896893501282
