8 0.999599039554596 0.0741768553853035 0.4932507276535034 0.14049690961837769 0.6252256631851196
9 0.999350368976593 0.39073464274406433 -0.013375658541917801 0.43971720337867737 0.0996180921792984
8 0.9993249773979187 0.3149953782558441 0.23534055054187775 0.3693930208683014 0.36203432083129883
5 0.9973087906837463 0.8035335540771484 0.7311118841171265 0.8736672401428223 0.8621360063552856
9 0.9971449375152588 0.38077107071876526 0.14312708377838135 0.4303860366344452 0.25590038299560547
9 0.9970147609710693 0.18183231353759766 0.370025634765625 0.23754161596298218 0.47617459297180176
6 0.9937100410461426 0.07941357046365738 0.6363199949264526 0.14266452193260193 0.7805008888244629
0 0.9917575120925903 0.6215399503707886 0.005561746656894684 0.6759670972824097 0.13951978087425232
9 0.9895212650299072 0.25086283683776855 0.08383117616176605 0.2957678437232971 0.18958784639835358
10 0.983792245388031 0.2195216417312622 0.11361846327781677 0.28941065073013306 0.27520832419395447
5 0.9774494171142578 0.676864504814148 0.02379768341779709 0.7326186895370483 0.14524716138839722
2 0.976632833480835 0.5339078307151794 0.5831841230392456 0.6039214730262756 0.736016035079956
3 0.9737891554832458 0.4782399833202362 0.15427669882774353 0.524168074131012 0.2601310908794403
9 0.9704465270042419 0.17764925956726074 0.6377480626106262 0.23401284217834473 0.7425636649131775
4 0.9681997895240784 0.47630834579467773 0.3712155222892761 0.5392775535583496 0.5415835380554199
9 0.966986894607544 0.20183533430099487 0.2684049904346466 0.2540329694747925 0.3780568540096283
6 0.9561627507209778 0.17133159935474396 0.08100581169128418 0.23163853585720062 0.23275971412658691
3 0.9553068280220032 0.5475117564201355 0.0653398185968399 0.5939604640007019 0.17185132205486298
2 0.9497778415679932 0.5636400580406189 0.2647375166416168 0.6177635788917542 0.40996405482292175
7 0.7981817722320557 0.12010886520147324 0.28233665227890015 0.1861840784549713 0.4743974804878235
