9 0.9999239444732666 0.21085545420646667 0.27858707308769226 0.2641609013080597 0.3889100253582001
9 0.9954540133476257 0.3139250874519348 0.4491910934448242 0.3683575987815857 0.567689061164856
9 0.9946810007095337 0.2610500156879425 0.10891518741846085 0.31113114953041077 0.22045376896858215
6 0.9791448712348938 0.4102487564086914 0.3379709720611572 0.47266387939453125 0.48837918043136597
7 0.9657496213912964 0.125876784324646 0.16168993711471558 0.19410443305969238 0.3665240406990051
9 0.9600811004638672 0.3442544639110565 0.245212122797966 0.3955961763858795 0.359356552362442
3 0.918205738067627 0.3945319652557373 0.10284846276044846 0.4462428092956543 0.21763688325881958
10 0.9029573202133179 0.3095526099205017 0.030703291296958923 0.3721873164176941 0.20978482067584991
2 0.9010111093521118 0.2055932730436325 0.5612502694129944 0.27886879444122314 0.7207503914833069
8 0.8625861406326294 0.3925367295742035 0.5311934947967529 0.4613480865955353 0.6820205450057983
5 0.8623336553573608 0.5141337513923645 0.024054937064647675 0.5731878876686096 0.17274540662765503
3 0.854660153388977 0.48300421237945557 0.5738093256950378 0.5357869863510132 0.6728811860084534
11 0.8182007670402527 0.3532181978225708 -0.019707977771759033 0.40475618839263916 0.12080961465835571
3 0.7985773682594299 0.5862686634063721 0.2881089150905609 0.636208176612854 0.3989420235157013
0 0.5460107326507568 0.45607081055641174 0.16650599241256714 0.5178163647651672 0.3091580271720886
3 0.25557875633239746 0.5469915866851807 0.4317485988140106 0.5953922271728516 0.5349815487861633
