9 0.9994345307350159 0.24660366773605347 0.14950497448444366 0.29649651050567627 0.26071035861968994
9 0.9987938404083252 0.40031686425209045 0.24047492444515228 0.45241960883140564 0.3488861620426178
9 0.9985142350196838 0.23998045921325684 -0.014440596103668213 0.2913869023323059 0.09235954284667969
2 0.9983710050582886 0.3884940445423126 0.3193711042404175 0.4500984251499176 0.455960750579834
5 0.9953327178955078 0.8332324028015137 0.7058972120285034 0.9031789302825928 0.8348256349563599
10 0.9949076771736145 0.30792519450187683 0.15375685691833496 0.36569473147392273 0.3291208744049072
9 0.9940880537033081 0.2061006724834442 0.5088146328926086 0.26420697569847107 0.6289723515510559
11 0.9936764240264893 0.6444574594497681 0.6983605623245239 0.7120479345321655 0.8456798791885376
11 0.9929738640785217 0.17165327072143555 -0.015735697001218796 0.22941678762435913 0.10780538618564606
8 0.9653133749961853 0.28451675176620483 0.42937782406806946 0.34407132863998413 0.5719698667526245
6 0.9590204954147339 0.4068523645401001 0.5149549841880798 0.4705180525779724 0.6697753071784973
4 0.9094324707984924 0.4902794063091278 0.21347256004810333 0.5606448650360107 0.3789965510368347
1 0.9083846807479858 0.7371475100517273 0.4001162052154541 0.8247774243354797 0.5890086889266968
7 0.8251557946205139 0.20372891426086426 0.24924269318580627 0.27310121059417725 0.4360927641391754
3 0.69114089012146 0.5608871579170227 0.3875984847545624 0.6130815148353577 0.4946421682834625
8 0.4948291778564453 0.43026190996170044 0.028163038194179535 0.4851064085960388 0.17320755124092102
3 0.4037325382232666 0.46039098501205444 0.2630820572376251 0.5100971460342407 0.3718656003475189
3 0.391302227973938 0.6271911859512329 0.3233169615268707 0.678776741027832 0.4376230537891388
3 0.3183037340641022 0.5546835660934448 0.1628776490688324 0.6038292646408081 0.26935842633247375
3 0.25767165422439575 0.33740201592445374 0.022855721414089203 0.38300904631614685 0.12659099698066711
