9 0.9977833032608032 0.3127589225769043 0.4738323986530304 0.36829155683517456 0.5851938724517822
2 0.9946914315223694 0.16730864346027374 0.5575878620147705 0.23917673528194427 0.7226217985153198
9 0.9929023385047913 0.1949036717414856 0.3465861976146698 0.2524517774581909 0.46076926589012146
9 0.9902005195617676 0.2110404372215271 0.2590121924877167 0.2639070749282837 0.37081316113471985
9 0.9889307618141174 0.27459514141082764 0.07366099953651428 0.3262380361557007 0.1934015452861786
3 0.9867664575576782 0.3943856358528137 0.09338205307722092 0.4443720579147339 0.20364314317703247
10 0.9784947037696838 0.3358098864555359 0.050672970712184906 0.40370041131973267 0.23140230774879456
2 0.967910885810852 0.3216609060764313 0.33748841285705566 0.38774994015693665 0.49450117349624634
3 0.9540739059448242 0.5124381184577942 0.576474130153656 0.5656115412712097 0.6824150681495667
5 0.9313773512840271 0.4474411904811859 0.22669652104377747 0.5046614408493042 0.35563573241233826
7 0.8712064027786255 0.16128888726234436 0.15314710140228271 0.23193958401679993 0.3469725251197815
6 0.8603451251983643 0.19453857839107513 0.06713665276765823 0.25636395812034607 0.21764540672302246
0 0.8141067028045654 0.5393052101135254 0.08301185816526413 0.5945713520050049 0.2262834906578064
5 0.8136876821517944 0.5191234350204468 0.02051740139722824 0.5776503086090088 0.15993791818618774
3 0.6643871068954468 0.6443859934806824 0.27371448278427124 0.6912794709205627 0.37759125232696533
8 0.6248286366462708 0.19740092754364014 0.7204390168190002 0.2759578227996826 0.8782268166542053
1 0.2861889898777008 0.6539626121520996 0.238458514213562 0.7354609966278076 0.41995078325271606
5 0.23309431970119476 0.4713592529296875 0.22613532841205597 0.5263614058494568 0.34637123346328735
