9 0.9975273609161377 0.248758465051651 0.08159992098808289 0.29537227749824524 0.175319105386734
5 0.9949562549591064 0.7416667342185974 -0.0037898123264312744 0.7938531041145325 0.11257246136665344
9 0.9949459433555603 0.23219594359397888 0.325918585062027 0.2844879925251007 0.4305645525455475
3 0.9946414232254028 0.6535799503326416 0.004246674478054047 0.695266842842102 0.10379651933908463
9 0.9944053292274475 0.2495458573102951 0.020578142255544662 0.2971857190132141 0.11832040548324585
5 0.9930751919746399 0.8111370801925659 0.745944082736969 0.8849389553070068 0.8774301409721375
9 0.9869025945663452 0.26696285605430603 0.1359366774559021 0.31285443902015686 0.2376466989517212
8 0.982622504234314 0.20219457149505615 0.06603242456912994 0.25599420070648193 0.19600056111812592
3 0.9809087514877319 0.6801806688308716 0.07696401327848434 0.7226617336273193 0.17485296726226807
2 0.9798243045806885 0.7701734900474548 0.07282545417547226 0.8296254277229309 0.19912466406822205
9 0.9716521501541138 0.23068274557590485 0.2216934710741043 0.2818416357040405 0.32576265931129456
3 0.9715055227279663 0.6901170015335083 0.2969371974468231 0.7394092082977295 0.39853420853614807
3 0.9695240259170532 0.6789379119873047 0.41170257329940796 0.7304203510284424 0.5150400996208191
6 0.9632291793823242 0.20390869677066803 0.14296847581863403 0.25504565238952637 0.2775633931159973
11 0.9629148840904236 0.19798269867897034 0.011162340641021729 0.2492649257183075 0.12118107080459595
9 0.9553554058074951 0.22123853862285614 0.43660035729408264 0.2741595208644867 0.5358803868293762
11 0.9484108090400696 0.09881086647510529 0.7348024845123291 0.16860543191432953 0.8760206699371338
10 0.934963047504425 0.17832788825035095 0.19812436401844025 0.24014338850975037 0.3647034764289856
3 0.8867533802986145 0.7198446393013 0.15818502008914948 0.7623067498207092 0.25964391231536865
0 0.8772572875022888 0.7888267636299133 0.14329099655151367 0.8429117798805237 0.28635174036026
