5 0.9938850998878479 0.7787970900535583 0.7371896505355835 0.850382387638092 0.8731764554977417
9 0.9757081270217896 0.2477765530347824 0.3190532326698303 0.3000839948654175 0.4227796196937561
5 0.9703774452209473 0.7000151872634888 -0.0002853311598300934 0.7520616054534912 0.12128543853759766
6 0.9696078896522522 0.23131094872951508 0.09066882729530334 0.29490721225738525 0.24214407801628113
3 0.9680231809616089 0.6172820329666138 0.29054930806159973 0.6644047498703003 0.3903355896472931
9 0.9602315425872803 0.28027811646461487 0.06936313211917877 0.32868310809135437 0.17011629045009613
2 0.9585387110710144 0.7097981572151184 0.43936100602149963 0.7806200385093689 0.5675652623176575
8 0.9543927311897278 0.126871258020401 0.47532570362091064 0.1953769028186798 0.6184208393096924
9 0.9120586514472961 0.3029927611351013 0.145594984292984 0.3509640097618103 0.24820157885551453
6 0.9061589241027832 0.1030222475528717 0.6372001767158508 0.16855987906455994 0.789261519908905
3 0.9007400870323181 0.6540696620941162 0.17113584280014038 0.7011750936508179 0.2835679054260254
3 0.8920019268989563 0.6855542659759521 0.09673340618610382 0.7304370403289795 0.20740829408168793
9 0.8858287930488586 0.27212515473365784 0.2599085569381714 0.3228244483470917 0.36122584342956543
3 0.8618403673171997 0.6910461783409119 0.04923158138990402 0.734159529209137 0.15319764614105225
9 0.8588441014289856 0.18632785975933075 0.6535056233406067 0.24359877407550812 0.7621597647666931
2 0.8364031910896301 0.7484782338142395 0.08993670344352722 0.8176981806755066 0.22526976466178894
3 0.8034879565238953 0.6570626497268677 0.0009335577487945557 0.7003918886184692 0.10825291275978088
11 0.7828292846679688 0.10747960954904556 0.7750968337059021 0.18232610821723938 0.9109926819801331
11 0.7758901119232178 0.23347237706184387 0.0559401772916317 0.2835053503513336 0.17457857728004456
4 0.7603983283042908 0.7076190710067749 0.242206871509552 0.7791687250137329 0.4005628228187561
