9 0.9994754791259766 0.16927897930145264 0.3632602095603943 0.22661590576171875 0.47285324335098267
9 0.9994336366653442 0.3722538948059082 -0.016567625105381012 0.41988611221313477 0.09690967947244644
9 0.9985553622245789 0.20734664797782898 0.06788793951272964 0.25809338688850403 0.18234023451805115
9 0.9975829720497131 0.3931257128715515 0.15223687887191772 0.4431385397911072 0.26769983768463135
8 0.9972710013389587 0.08206005394458771 0.47965940833091736 0.1499282568693161 0.6171976327896118
8 0.9967091679573059 0.31286904215812683 0.23350757360458374 0.3685339391231537 0.363624632358551
5 0.9962881207466125 0.7796958088874817 0.7215439081192017 0.8492287993431091 0.8542684316635132
0 0.9949867129325867 0.6333469748497009 -0.006280399858951569 0.6871935725212097 0.1227479949593544
6 0.9916358590126038 0.14908093214035034 0.06700693070888519 0.20860522985458374 0.21423198282718658
9 0.9898387789726257 0.1721024513244629 0.632034182548523 0.22977852821350098 0.7413157224655151
3 0.989604115486145 0.5622153878211975 0.06485863029956818 0.6081568598747253 0.17377863824367523
5 0.9837851524353027 0.6767836809158325 0.02439865842461586 0.7323776483535767 0.1430111825466156
6 0.9818436503410339 0.08697383105754852 0.634648323059082 0.15194936096668243 0.78089439868927
3 0.9784382581710815 0.4822216033935547 0.15993356704711914 0.5286763906478882 0.2645377516746521
4 0.974814772605896 0.45961111783981323 0.35198524594306946 0.5203157663345337 0.5186539888381958
9 0.9728801250457764 0.2011733502149582 0.27156582474708557 0.25386279821395874 0.38718435168266296
2 0.9648045301437378 0.5025559663772583 0.5835458040237427 0.5711616277694702 0.7342220544815063
10 0.9587753415107727 0.30941998958587646 0.020014017820358276 0.3744366765022278 0.1918521225452423
2 0.9376983642578125 0.5032285451889038 0.2606721520423889 0.5599024295806885 0.4057844281196594
11 0.8086523413658142 0.14916259050369263 0.01653638482093811 0.20117425918579102 0.15053030848503113
