5 0.9981153607368469 0.8157612681388855 0.7500240802764893 0.8857282996177673 0.8804154396057129
4 0.9967883825302124 0.49656397104263306 0.2428707480430603 0.5681086182594299 0.41546255350112915
9 0.9882672429084778 0.3889468312263489 0.2728857398033142 0.4401659369468689 0.3813513517379761
9 0.9856089353561401 0.35131704807281494 0.12367172539234161 0.40220189094543457 0.23670195043087006
11 0.9816691279411316 0.2389674186706543 0.16253724694252014 0.30431628227233887 0.2969571053981781
9 0.9623525738716125 0.29785892367362976 0.06693020462989807 0.34673765301704407 0.17004355788230896
9 0.955004870891571 0.24247446656227112 0.5770432353019714 0.29864880442619324 0.6830057501792908
9 0.9495474696159363 0.3122403621673584 0.1348806470632553 0.36285853385925293 0.24005092680454254
11 0.9090372920036316 0.5840393304824829 0.7294458150863647 0.6530157327651978 0.8690346479415894
7 0.8973628282546997 0.29103511571884155 0.2967853546142578 0.36036860942840576 0.4847581386566162
3 0.8520204424858093 0.5525007247924805 0.4434320330619812 0.603715181350708 0.5505282282829285
3 0.8475750088691711 0.46654176712036133 0.2835420072078705 0.5163840651512146 0.3878941833972931
1 0.7303891181945801 0.6639485955238342 0.5445488691329956 0.7435407042503357 0.7254759073257446
3 0.5639050006866455 0.5482917428016663 0.23223447799682617 0.5970062613487244 0.3403799533843994
5 0.22877879440784454 0.23364776372909546 0.42930611968040466 0.299781858921051 0.5679407119750977
