5 0.9993859529495239 0.8144935369491577 0.699417769908905 0.8876464366912842 0.8319044709205627
9 0.998267412185669 0.23871853947639465 0.004439741373062134 0.2891599237918854 0.10715469717979431
11 0.9970431923866272 0.16921409964561462 -0.013703975826501846 0.22819361090660095 0.11018946766853333
9 0.9940685033798218 0.4117806553840637 0.1805681437253952 0.4606483578681946 0.2871140241622925
9 0.9908959865570068 0.2391313761472702 0.12364105880260468 0.2884722650051117 0.23523582518100739
4 0.9906474351882935 0.5189282894134521 0.1487364023923874 0.5857232809066772 0.31280726194381714
5 0.9861273169517517 0.5337315797805786 0.004394158720970154 0.5834802389144897 0.11609907448291779
2 0.973321259021759 0.4047219753265381 0.3125891089439392 0.4661162495613098 0.4524195194244385
10 0.9670156836509705 0.3231487572193146 0.16749057173728943 0.3901679217815399 0.3375072777271271
11 0.9644749760627747 0.194473534822464 0.7321198582649231 0.2628540098667145 0.8713619112968445
2 0.9374316334724426 0.560634970664978 0.06234113126993179 0.6100517511367798 0.1895957887172699
8 0.9311522841453552 0.12274938821792603 0.5416390299797058 0.19594377279281616 0.6909427046775818
3 0.9270615577697754 0.4782885015010834 0.01855948567390442 0.5230627059936523 0.11835727095603943
3 0.9193194508552551 0.6072944402694702 0.06651264429092407 0.6515358686447144 0.17222118377685547
3 0.9015642404556274 0.4701245427131653 0.1866264045238495 0.5171496272087097 0.28613582253456116
3 0.8932629227638245 0.5733610391616821 0.3804037570953369 0.6235625743865967 0.4872933030128479
7 0.8204818964004517 0.12930551171302795 0.2573176324367523 0.19938036799430847 0.4466153681278229
3 0.8162577748298645 0.6494179368019104 0.3310316801071167 0.7003807425498962 0.4411081075668335
1 0.8071066737174988 0.7500376105308533 0.25941458344459534 0.8310206532478333 0.4387824237346649
3 0.7452541589736938 0.6078993678092957 0.14724323153495789 0.6529061198234558 0.25118061900138855
