5 0.9993360638618469 0.8151774406433105 0.6995548009872437 0.8884066343307495 0.8321514129638672
9 0.9974762797355652 0.40304601192474365 0.2286515086889267 0.4562491178512573 0.33574914932250977
9 0.9967523813247681 0.22476859390735626 -0.009881220757961273 0.275429904460907 0.09440430253744125
4 0.9948956966400146 0.5240518450737 0.1521998643875122 0.5923560261726379 0.32767802476882935
11 0.9944506287574768 0.17050090432167053 -0.012419134378433228 0.22780528664588928 0.10475733876228333
3 0.9937167763710022 0.6144492030143738 0.05380722135305405 0.658639132976532 0.15857401490211487
9 0.9909989237785339 0.22503265738487244 0.11251497268676758 0.2745021879673004 0.22571808099746704
2 0.9889637231826782 0.41236644983291626 0.30179816484451294 0.4749600887298584 0.4412235617637634
11 0.9852154850959778 0.335134357213974 0.11223508417606354 0.39220789074897766 0.24589328467845917
10 0.9766590595245361 0.31902527809143066 0.17601227760314941 0.3828657269477844 0.3479194641113281
6 0.9713993668556213 0.18454167246818542 0.28025680780410767 0.24988046288490295 0.43535107374191284
11 0.9702290892601013 0.19226154685020447 0.7338843941688538 0.26048508286476135 0.8736488223075867
8 0.9592524170875549 0.1205134391784668 0.543407142162323 0.1930694580078125 0.6929741501808167
3 0.9322164058685303 0.49527713656425476 -0.010812029242515564 0.5435335636138916 0.10310159623622894
3 0.9289701581001282 0.6145340204238892 0.11767919361591339 0.658774733543396 0.2183500975370407
3 0.9179263114929199 0.5823664665222168 0.38374975323677063 0.6326032876968384 0.49172255396842957
1 0.886536717414856 0.7565842270851135 0.26115846633911133 0.838434636592865 0.4441258907318115
5 0.8643879294395447 0.5333752036094666 0.0009406134486198425 0.582833468914032 0.1129050925374031
3 0.8393899202346802 0.6575062870979309 0.34089770913124084 0.708752453327179 0.45172539353370667
2 0.8336743116378784 0.572789192199707 0.0618324801325798 0.630255937576294 0.20514225959777832
