9 0.9966712594032288 0.257223904132843 0.08210676163434982 0.3041244149208069 0.17667865753173828
3 0.9966299533843994 0.6626889705657959 0.002955455332994461 0.7040464878082275 0.10112963616847992
9 0.9955875277519226 0.2360273003578186 0.32424935698509216 0.2881626486778259 0.42852213978767395
5 0.9922623634338379 0.7596112489700317 -0.008245520293712616 0.8108024597167969 0.1061621829867363
3 0.9918442964553833 0.6942037343978882 0.05822345241904259 0.7360635995864868 0.1562471091747284
5 0.9892600774765015 0.7878226637840271 0.728527307510376 0.8576962351799011 0.8589040040969849
9 0.9871001839637756 0.2575601637363434 0.02716323360800743 0.30517664551734924 0.12413224577903748
2 0.9859276413917542 0.7941151857376099 0.04009965807199478 0.8534137010574341 0.16741421818733215
9 0.9854553937911987 0.23506364226341248 0.21729494631290436 0.28631314635276794 0.32241523265838623
8 0.9765580296516418 0.20602628588676453 0.06759128719568253 0.25974294543266296 0.19638922810554504
3 0.9689746499061584 0.678848922252655 0.28719401359558105 0.7278937697410583 0.38832390308380127
3 0.9606527090072632 0.6541633009910583 0.40297797322273254 0.7051216959953308 0.5052981972694397
9 0.9582460522651672 0.27563682198524475 0.13919222354888916 0.3217333257198334 0.24069231748580933
9 0.949578583240509 0.22211745381355286 0.4347836375236511 0.27476343512535095 0.5335152745246887
6 0.946351945400238 0.2045472413301468 0.1407911628484726 0.2557673156261444 0.2756577134132385
11 0.9456666707992554 0.09939637035131454 0.7346004843711853 0.1693325936794281 0.876277506351471
3 0.9387547969818115 0.7321705222129822 0.13709262013435364 0.7742697596549988 0.23863813281059265
11 0.9357990026473999 0.20739467442035675 0.01706334576010704 0.2581873834133148 0.12499693036079407
10 0.9229915738105774 0.17980150878429413 0.19756674766540527 0.2423187643289566 0.3656677007675171
8 0.9103084206581116 0.14482200145721436 0.6033676266670227 0.21115028858184814 0.7471749186515808
