9 0.9987793564796448 0.26602238416671753 0.14797329902648926 0.31682533025741577 0.2598833441734314
11 0.9933755397796631 0.6182657480239868 0.6860119700431824 0.6832996606826782 0.8273869156837463
9 0.9885600805282593 0.4294675290584564 0.24401096999645233 0.47925856709480286 0.35160523653030396
10 0.9879360795021057 0.3452051877975464 0.1943286955356598 0.40730273723602295 0.36869850754737854
5 0.987774670124054 0.8274810314178467 0.7286345958709717 0.90431809425354 0.8679754734039307
2 0.983086347579956 0.42306384444236755 0.3142303228378296 0.4907636344432831 0.4563378095626831
9 0.9680849313735962 0.263811856508255 0.015371758490800858 0.31328150629997253 0.11384771764278412
4 0.9599605202674866 0.4817814528942108 0.2589912414550781 0.5556883811950684 0.425500750541687
3 0.9194127917289734 0.5616590976715088 0.4032122492790222 0.6108264923095703 0.5089101195335388
1 0.8798695206642151 0.6786346435546875 0.5495192408561707 0.757832407951355 0.7291200757026672
9 0.8203281760215759 0.21888767182826996 0.5333800315856934 0.2740471363067627 0.6431204080581665
7 0.7629899978637695 0.23356813192367554 0.2538365125656128 0.30309319496154785 0.44462907314300537
3 0.6789184808731079 0.4752676784992218 0.23778048157691956 0.5227415561676025 0.34149667620658875
3 0.5139875411987305 0.6087291240692139 0.33029571175575256 0.6584899425506592 0.4381203353404999
3 0.38145744800567627 0.5816280245780945 0.18536168336868286 0.6311107277870178 0.2973042130470276
8 0.2656455338001251 0.4672393500804901 0.07228276878595352 0.5290960669517517 0.2137543261051178
4 0.22865666449069977 0.503481924533844 0.22790221869945526 0.5722442269325256 0.3915063738822937
