11 0.9993789196014404 0.22243846952915192 0.16033799946308136 0.2869158983230591 0.27949804067611694
5 0.9983505606651306 0.8206027746200562 0.7541527152061462 0.8906177282333374 0.8848497271537781
4 0.9979775547981262 0.5107109546661377 0.21516934037208557 0.5762529373168945 0.38386914134025574
9 0.9857802391052246 0.39918625354766846 0.25674930214881897 0.44840699434280396 0.3656392991542816
9 0.9839317202568054 0.36260494589805603 0.13111832737922668 0.4128169119358063 0.23952433466911316
3 0.9613606333732605 0.4595206677913666 0.25412002205848694 0.5076403021812439 0.3548171818256378
9 0.9433885216712952 0.3118155002593994 0.06067106872797012 0.359988808631897 0.1612108051776886
9 0.9420089721679688 0.24040648341178894 0.5842687487602234 0.2964259684085846 0.6890133023262024
9 0.9050030708312988 0.3156891465187073 0.10816006362438202 0.3663789629936218 0.212962344288826
11 0.9023570418357849 0.5853105783462524 0.7323184609413147 0.654330849647522 0.87213534116745
3 0.8879645466804504 0.5534729957580566 0.44523411989212036 0.6050007343292236 0.5530146360397339
1 0.7393841743469238 0.6704395413398743 0.5465686321258545 0.7499193549156189 0.726590633392334
3 0.6528488397598267 0.5646757483482361 0.20405003428459167 0.6118331551551819 0.31058648228645325
2 0.5950767993927002 0.20386670529842377 0.4380631148815155 0.27088916301727295 0.588147759437561
7 0.4213463068008423 0.22928524017333984 0.2809014320373535 0.2966289520263672 0.4693225622177124
