9 0.9995332360267639 0.20531676709651947 0.4012683928012848 0.2646541893482208 0.5249623656272888
9 0.9983245134353638 0.1956508755683899 0.30613458156585693 0.2519349455833435 0.42413806915283203
9 0.9896190762519836 0.23082642257213593 0.09602518379688263 0.283505380153656 0.21145950257778168
5 0.9828173518180847 0.4594024121761322 0.12624171376228333 0.5213980078697205 0.26177486777305603
6 0.9717228412628174 0.33444562554359436 0.3562590777873993 0.39587923884391785 0.5085934400558472
6 0.9695783257484436 0.16559168696403503 0.10171500593423843 0.2260289490222931 0.2586880028247833
3 0.9592760801315308 0.5039569139480591 0.567386269569397 0.5565863847732544 0.6755579710006714
5 0.9513712525367737 0.5188029408454895 0.024587325751781464 0.575262725353241 0.159748375415802
3 0.9374570846557617 0.6324626207351685 0.2724951207637787 0.6805688142776489 0.3763355314731598
3 0.9260044097900391 0.3773297369480133 0.11245973408222198 0.4276151955127716 0.22650735080242157
0 0.8715655207633972 0.5544022917747498 0.08640024811029434 0.61302250623703 0.22720685601234436
9 0.8570677042007446 0.3215658366680145 0.46088433265686035 0.38407716155052185 0.5815874338150024
10 0.8383929133415222 0.31946897506713867 0.07618866860866547 0.38853001594543457 0.2536444067955017
2 0.8002614378929138 0.3997606337070465 0.19725418090820312 0.4586840569972992 0.32942652702331543
7 0.7656772136688232 0.11553682386875153 0.33513882756233215 0.19289277493953705 0.5273395776748657
2 0.5804790258407593 0.2006545066833496 0.5665009617805481 0.2702851891517639 0.7153727412223816
8 0.5220246315002441 0.19969061017036438 0.7154480814933777 0.2787754237651825 0.8731804490089417
3 0.31639909744262695 0.5142450332641602 0.5511717796325684 0.5789105892181396 0.6848877668380737
3 0.24286271631717682 0.5323198437690735 0.4152015745639801 0.5824138522148132 0.5258892774581909
