9 0.9995353817939758 0.25919148325920105 0.1093807965517044 0.3139491379261017 0.2235720008611679
9 0.9887113571166992 0.3047277629375458 0.45217540860176086 0.36055663228034973 0.5744243264198303
9 0.9876629710197449 0.4200076162815094 0.2194756269454956 0.4702318608760834 0.3229469656944275
6 0.984180212020874 0.4283255636692047 0.3495140075683594 0.4903278052806854 0.5007238984107971
3 0.9578379392623901 0.6134390830993652 0.2791922092437744 0.6631232500076294 0.39034080505371094
9 0.9431554675102234 0.238641619682312 0.25411510467529297 0.28997695446014404 0.36429333686828613
7 0.933308482170105 0.16729924082756042 0.20269587635993958 0.23929473757743835 0.40703949332237244
2 0.9268448948860168 0.20430389046669006 0.5527079105377197 0.27965888381004333 0.7147709131240845
0 0.9155827760696411 0.4769150912761688 0.13612636923789978 0.5292338132858276 0.2785184681415558
8 0.9042328596115112 0.382239431142807 0.5355997085571289 0.4510129988193512 0.6867928504943848
3 0.8862026929855347 0.4833965599536896 0.5766039490699768 0.5363143682479858 0.6773692965507507
3 0.868278443813324 0.4062608778476715 0.06603266298770905 0.45648297667503357 0.1756855696439743
10 0.8136677742004395 0.33762305974960327 0.0540422648191452 0.4036381244659424 0.23620076477527618
11 0.7878415584564209 0.41235634684562683 0.08501569926738739 0.47344639897346497 0.22310496866703033
5 0.47553569078445435 0.24645297229290009 0.024995028972625732 0.3073936104774475 0.15997934341430664
1 0.3508213758468628 0.6858080625534058 0.21584361791610718 0.7650172710418701 0.384729266166687
3 0.2836984097957611 0.5508774518966675 0.42953094840049744 0.5991798639297485 0.5336743593215942
