2 0.9980452656745911 0.31698864698410034 0.31153473258018494 0.3888970613479614 0.4673199951648712
9 0.9974388480186462 0.2663402557373047 0.10285016894340515 0.3187327980995178 0.21677985787391663
6 0.9949451684951782 0.40032684803009033 0.3715522587299347 0.46518421173095703 0.5287079811096191
7 0.9943280816078186 0.15739670395851135 0.16362334787845612 0.2330963909626007 0.3926897644996643
11 0.9927332401275635 0.3624992072582245 0.3043938875198364 0.42312565445899963 0.4444934129714966
3 0.9801967740058899 0.5379204750061035 0.2843371629714966 0.5870333909988403 0.39624619483947754
3 0.9683741927146912 0.4068872332572937 0.13866862654685974 0.4566425681114197 0.24407228827476501
8 0.9670162796974182 0.4123438000679016 0.543086588382721 0.4795958399772644 0.6958118081092834
9 0.9591718316078186 0.2810208797454834 0.2543433904647827 0.33531033992767334 0.367151141166687
10 0.9220319390296936 0.33412879705429077 0.04314153641462326 0.3967687487602234 0.2193065881729126
9 0.8319159746170044 0.33312827348709106 0.4497755169868469 0.387454092502594 0.5634532570838928
3 0.6291714310646057 0.3751271367073059 0.45967260003089905 0.4288070797920227 0.5678533315658569
3 0.5465750098228455 0.5060434341430664 0.5552271008491516 0.5563713312149048 0.6455537676811218
1 0.5385943055152893 0.707671582698822 0.17254957556724548 0.7848256230354309 0.3384067118167877
5 0.22113966941833496 0.26564472913742065 -0.006192553788423538 0.3182223439216614 0.11397437751293182
