9 0.9992290139198303 0.25592559576034546 0.13666242361068726 0.3063777685165405 0.24624449014663696
9 0.9984214305877686 0.41060882806777954 0.24951262772083282 0.4609989523887634 0.3554120361804962
9 0.9983345866203308 0.20364639163017273 0.5458968877792358 0.2618049681186676 0.6642460823059082
11 0.9948079586029053 0.6156436800956726 0.6843131184577942 0.6798109412193298 0.825923502445221
5 0.9911324977874756 0.8287000060081482 0.7334957122802734 0.9057245850563049 0.8728615045547485
10 0.9808042049407959 0.33586403727531433 0.17868244647979736 0.3968392312526703 0.35209155082702637
6 0.9738680720329285 0.4054085314273834 0.5149757862091064 0.4680611193180084 0.6711562871932983
8 0.9705882668495178 0.29532870650291443 0.42577022314071655 0.3581458628177643 0.5626403093338013
2 0.958567202091217 0.4077501595020294 0.3145202696323395 0.47061988711357117 0.4519445598125458
9 0.9429404139518738 0.26376670598983765 0.014562107622623444 0.31330955028533936 0.11369874328374863
1 0.9190635085105896 0.6747471690177917 0.5370641946792603 0.7547743916511536 0.7207189798355103
3 0.9068370461463928 0.5597257018089294 0.3922587037086487 0.6087222695350647 0.49595147371292114
7 0.8098344206809998 0.223327174782753 0.23967334628105164 0.29476141929626465 0.4284025728702545
4 0.7068818807601929 0.5023521780967712 0.2514248192310333 0.5739597678184509 0.4099665582180023
3 0.375215619802475 0.46230778098106384 0.25377023220062256 0.5103451609611511 0.35760653018951416
3 0.32916951179504395 0.6107778549194336 0.3224993646144867 0.6608824729919434 0.43318286538124084
9 0.23499615490436554 0.5608406066894531 0.17928139865398407 0.6115988492965698 0.2892304062843323
