9 0.9982361793518066 0.4023171365261078 0.307758092880249 0.45208659768104553 0.40977752208709717
6 0.9947312474250793 0.2419482320547104 0.38460665941238403 0.2998427450656891 0.5320279598236084
4 0.9922424554824829 0.5036191940307617 0.2408381700515747 0.5669573545455933 0.4007605314254761
9 0.9898169636726379 0.25285762548446655 0.5973691940307617 0.30873221158981323 0.7036393880844116
9 0.9462661743164062 0.29150766134262085 0.16773606836795807 0.3410230278968811 0.2717238664627075
1 0.9126157164573669 0.4635879695415497 0.43325674533843994 0.5358226299285889 0.6152321100234985
7 0.8810810446739197 0.32570621371269226 0.2533937096595764 0.38589611649513245 0.4323606491088867
3 0.8378570675849915 0.4646696448326111 0.2710980176925659 0.5117293000221252 0.3713010549545288
5 0.6277974247932434 0.46383780241012573 0.12618018686771393 0.5141730308532715 0.24274979531764984
10 0.36097899079322815 0.30736422538757324 0.22222883999347687 0.3706852197647095 0.3931266665458679
