5 0.999515175819397 0.8159961700439453 0.7028841376304626 0.8889024257659912 0.8351444602012634
9 0.9984709620475769 0.23628193140029907 0.000919930636882782 0.28673917055130005 0.10409516841173172
11 0.9976197481155396 0.163113534450531 -0.01750951260328293 0.22261053323745728 0.10860013216733932
9 0.9953142404556274 0.40819448232650757 0.18226097524166107 0.4575600028038025 0.2878548502922058
9 0.9941326975822449 0.23806513845920563 0.13128124177455902 0.28757864236831665 0.24332477152347565
10 0.9756935834884644 0.3305540382862091 0.17017076909542084 0.3968476951122284 0.3434872627258301
6 0.9710785150527954 0.3986309766769409 0.5356932878494263 0.46433722972869873 0.689224362373352
9 0.9690430760383606 0.17500174045562744 0.5693174004554749 0.2322271466255188 0.6870478987693787
4 0.9617171883583069 0.5080121755599976 0.16293413937091827 0.5767457485198975 0.32828134298324585
2 0.9377605319023132 0.4124191105365753 0.3039263188838959 0.4755786955356598 0.4442184269428253
11 0.9235586524009705 0.20497366786003113 0.7212514281272888 0.27417126297950745 0.8621428608894348
3 0.9230048656463623 0.5739728212356567 0.08959322422742844 0.6199294328689575 0.1961917281150818
3 0.8962067365646362 0.4680131673812866 0.19573311507701874 0.5160204768180847 0.2969173491001129
3 0.8736123442649841 0.5512570142745972 0.3994944989681244 0.6018089056015015 0.5057090520858765
8 0.870578408241272 0.12309467047452927 0.5298850536346436 0.19715601205825806 0.6810532808303833
7 0.8310075998306274 0.11428248882293701 0.2654184103012085 0.18536710739135742 0.4548104405403137
3 0.7151132822036743 0.585658848285675 0.15969707071781158 0.6312853693962097 0.26020359992980957
3 0.7091560959815979 0.47083234786987305 0.0407896414399147 0.5169476270675659 0.1405526101589203
9 0.6825376749038696 0.42555487155914307 0.707377552986145 0.48903900384902954 0.842727541923523
3 0.5963447690010071 0.622362494468689 0.35060229897499084 0.673704981803894 0.4626326262950897
