3 0.9990795850753784 0.6690590381622314 -0.0006768777966499329 0.7120587825775146 0.09915197640657425
3 0.9971118569374084 0.671351432800293 0.06156754493713379 0.713678240776062 0.1593800187110901
9 0.9956279397010803 0.22260922193527222 0.3564407229423523 0.27614325284957886 0.46024471521377563
11 0.9907764196395874 0.22925716638565063 0.7379136681556702 0.2947350740432739 0.8756720423698425
11 0.9884374141693115 0.17976118624210358 0.0064264386892318726 0.2330980747938156 0.12022258341312408
9 0.9879703521728516 0.23800699412822723 0.07936108112335205 0.2849977910518646 0.17561286687850952
8 0.9876499772071838 0.10570543259382248 0.5805791020393372 0.17134952545166016 0.7242377400398254
9 0.9823093414306641 0.24061360955238342 0.01788613572716713 0.28608623147010803 0.11265185475349426
0 0.981076717376709 0.7632776498794556 0.0915880799293518 0.8146519660949707 0.23364949226379395
5 0.9715532064437866 0.7419891953468323 -0.008071735501289368 0.7925724387168884 0.10397030413150787
9 0.9615924954414368 0.25540849566459656 0.16790182888507843 0.3020692765712738 0.2720538377761841
5 0.9606320261955261 0.7881357669830322 0.7091845870018005 0.8575634956359863 0.8434281945228577
6 0.9564477801322937 0.1113973930478096 0.43274056911468506 0.1709580421447754 0.5730921030044556
9 0.9549988508224487 0.2325512170791626 0.2559678256511688 0.2840595245361328 0.35796061158180237
10 0.9411923885345459 0.15830710530281067 0.21454575657844543 0.22287294268608093 0.3807220757007599
8 0.9295257329940796 0.3547329902648926 0.12913450598716736 0.40622180700302124 0.2628486454486847
2 0.9104143977165222 0.5539495348930359 0.09524539113044739 0.603657066822052 0.22044524550437927
1 0.9094123840332031 0.7514557838439941 0.28365767002105713 0.8306028842926025 0.4673108458518982
3 0.8690310120582581 0.6805515289306641 0.13670971989631653 0.7241770029067993 0.23924097418785095
4 0.8191511034965515 0.7839515209197998 0.184605211019516 0.8510987758636475 0.34718796610832214
