9 0.9997708201408386 0.1646294891834259 0.39758065342903137 0.22313544154167175 0.5142726898193359
9 0.9996203780174255 0.3735330104827881 -0.01244404911994934 0.42262065410614014 0.10127153992652893
9 0.9992080330848694 0.2079116553068161 0.07034982740879059 0.2601822316646576 0.1875670999288559
3 0.9978474378585815 0.4792030453681946 0.03940068557858467 0.5257505774497986 0.14654584228992462
8 0.997809648513794 0.3098647892475128 0.2503770589828491 0.36279627680778503 0.37882745265960693
2 0.9973428249359131 0.5350322723388672 0.22249971330165863 0.5888891220092773 0.36489373445510864
9 0.9932836294174194 0.18313340842723846 0.29811957478523254 0.23709918558597565 0.4163230359554291
3 0.9928931593894958 0.489315927028656 0.1528225541114807 0.5382036566734314 0.26398730278015137
9 0.9900709986686707 0.3901287019252777 0.18548059463500977 0.43980464339256287 0.2948238253593445
5 0.9894545078277588 0.5422699451446533 -0.011046215891838074 0.5981127023696899 0.11945168673992157
0 0.9864187836647034 0.579176664352417 0.024886667728424072 0.6305365562438965 0.17171096801757812
6 0.9841562509536743 0.14767776429653168 0.07068376988172531 0.2075914889574051 0.21987825632095337
10 0.9789438843727112 0.3030697703361511 0.02905488759279251 0.3672357201576233 0.2052215337753296
4 0.82422935962677 0.47334206104278564 0.3331161439418793 0.5359334945678711 0.4955537021160126
3 0.8013094067573547 0.47424837946891785 0.5736661553382874 0.5273022055625916 0.6841802000999451
3 0.6594240069389343 0.5296702980995178 0.44545355439186096 0.5809916853904724 0.5590922832489014
7 0.6217313408851624 0.08116693794727325 0.3332250714302063 0.15616475045681 0.5216036438941956
11 0.6112797260284424 0.1492658108472824 0.022419624030590057 0.20123179256916046 0.1542654037475586
8 0.5687301158905029 0.20150485634803772 0.7053324580192566 0.27859851717948914 0.8626156449317932
5 0.3664610981941223 0.7109664082527161 0.3636627793312073 0.7741726040840149 0.4945026636123657
