9 0.997587263584137 0.31308287382125854 0.4789922535419464 0.3685097098350525 0.5906317830085754
2 0.9943939447402954 0.16680490970611572 0.561711847782135 0.23907583951950073 0.7269393801689148
9 0.9936538934707642 0.2621716856956482 0.08094507455825806 0.31416887044906616 0.20054161548614502
9 0.9905783534049988 0.19284430146217346 0.35102441906929016 0.2507854402065277 0.46586522459983826
3 0.9876118898391724 0.392882764339447 0.09809312969446182 0.4423670768737793 0.20738765597343445
10 0.9859994053840637 0.3284221887588501 0.04270856827497482 0.3957555294036865 0.22715294361114502
9 0.9811879992485046 0.20806889235973358 0.2623347043991089 0.26129814982414246 0.3742735981941223
2 0.9777404069900513 0.3189985156059265 0.33963149785995483 0.38455355167388916 0.4965854287147522
5 0.949590265750885 0.45319315791130066 0.2136545479297638 0.5097090601921082 0.34008821845054626
6 0.9281806945800781 0.1877085417509079 0.06307530403137207 0.24852223694324493 0.2127300500869751
3 0.9090399742126465 0.5159475207328796 0.539844810962677 0.568166196346283 0.645686686038971
7 0.8854711651802063 0.1611657440662384 0.1524563431739807 0.2315385639667511 0.34514933824539185
0 0.8854242563247681 0.5382946133613586 0.06286270916461945 0.5918155312538147 0.20766888558864594
5 0.8661937713623047 0.5273483395576477 0.009324513375759125 0.5843550562858582 0.14759591221809387
8 0.6456952095031738 0.19609501957893372 0.7206366062164307 0.2743664085865021 0.878383994102478
1 0.41650623083114624 0.6409966945648193 0.26315832138061523 0.7249220609664917 0.44160234928131104
11 0.28221771121025085 0.20124615728855133 0.02580944448709488 0.25005465745925903 0.14663448929786682
5 0.26708582043647766 0.4772288501262665 0.20209887623786926 0.5324385762214661 0.32708093523979187
