9 0.9980996251106262 0.23128163814544678 -0.0026364177465438843 0.28069019317626953 0.10518203675746918
9 0.997035801410675 0.40556374192237854 0.22588062286376953 0.454319030046463 0.3312547206878662
3 0.9961470365524292 0.6730999946594238 0.04388119652867317 0.715084433555603 0.1433398574590683
6 0.9931858777999878 0.10446731746196747 0.41718176007270813 0.16533507406711578 0.5588313341140747
11 0.9873402118682861 0.22548918426036835 0.7358214855194092 0.28917551040649414 0.8717515468597412
8 0.9852331876754761 0.11635729670524597 0.5419774055480957 0.18384668231010437 0.6907235383987427
9 0.9826107621192932 0.2180924266576767 0.3690761625766754 0.2719240188598633 0.47264739871025085
10 0.9788100123405457 0.15118026733398438 0.192901611328125 0.21637529134750366 0.3664565086364746
5 0.9686161279678345 0.7912315130233765 0.713418185710907 0.8606126308441162 0.847619354724884
6 0.9649240374565125 0.3061085343360901 -0.011584330350160599 0.3559855818748474 0.10878150165081024
9 0.9632278680801392 0.37148967385292053 0.0776718407869339 0.4182486832141876 0.18161098659038544
9 0.9625271558761597 0.2392486333847046 0.1744559109210968 0.286440372467041 0.2791059911251068
11 0.9617054462432861 0.16974784433841705 0.006794534623622894 0.22506777942180634 0.12155482918024063
2 0.954210638999939 0.5797271728515625 0.054473258554935455 0.6297764778137207 0.18244871497154236
1 0.9457879066467285 0.7556903958320618 0.26604002714157104 0.8354684710502625 0.4558635354042053
0 0.906251847743988 0.7807707786560059 0.08249589800834656 0.8303883075714111 0.2206422984600067
3 0.8937307000160217 0.46984773874282837 0.22977596521377563 0.5157864689826965 0.33280301094055176
5 0.8907699584960938 0.5697057843208313 -0.0030180588364601135 0.6184861063957214 0.11143217235803604
9 0.8898748755455017 0.1872074455022812 0.47372856736183167 0.24115456640720367 0.571495771408081
9 0.8742281198501587 0.42035403847694397 0.7239081859588623 0.47558948397636414 0.83302903175354
