5 0.9983722567558289 0.8225306868553162 0.755613386631012 0.8918340802192688 0.8844512104988098
9 0.9951263666152954 0.35957765579223633 0.1349582076072693 0.41097748279571533 0.24866235256195068
9 0.9906452298164368 0.23563456535339355 0.5822567939758301 0.292458176612854 0.6901122331619263
2 0.9806090593338013 0.3798571228981018 0.3539511561393738 0.4439627528190613 0.49733924865722656
9 0.9777136445045471 0.3081348240375519 0.13814733922481537 0.3578933775424957 0.23973937332630157
9 0.9757397770881653 0.40382760763168335 0.2872938811779022 0.45358407497406006 0.3884411156177521
10 0.9610022306442261 0.32576119899749756 0.23239198327064514 0.3909064531326294 0.39980098605155945
4 0.9599034786224365 0.5008683800697327 0.23620644211769104 0.5697627663612366 0.3996935784816742
9 0.9523329138755798 0.2938823997974396 0.04877537861466408 0.34275779128074646 0.14980757236480713
11 0.9439212679862976 0.2334892451763153 0.15175475180149078 0.3016219437122345 0.2888897657394409
11 0.9345077872276306 0.6054410934448242 0.7362247109413147 0.6744678020477295 0.8742703795433044
1 0.7997034788131714 0.6678601503372192 0.5528624653816223 0.7474932670593262 0.7352622151374817
3 0.7000306844711304 0.5403693318367004 0.4451404809951782 0.591841995716095 0.5516257882118225
7 0.6083911657333374 0.21953018009662628 0.3017110228538513 0.2898809611797333 0.47552675008773804
3 0.4375147521495819 0.45789992809295654 0.2894820272922516 0.5047861933708191 0.3903742730617523
3 0.3038286864757538 0.5482882261276245 0.2249520868062973 0.598508358001709 0.3292039632797241
