9 0.998699963092804 0.20461329817771912 0.24404770135879517 0.25984880328178406 0.36087340116500854
9 0.9959839582443237 0.3898887038230896 0.026613395661115646 0.4390551447868347 0.13811762630939484
9 0.9958174228668213 0.19956634938716888 0.3642808496952057 0.25755777955055237 0.4842120110988617
9 0.9911240935325623 0.24108900129795074 0.06874951720237732 0.2931341826915741 0.1837511956691742
5 0.9817008972167969 0.47857677936553955 0.32537710666656494 0.5368183851242065 0.4545694589614868
2 0.980413556098938 0.5491642951965332 0.2126276046037674 0.6046010255813599 0.3524649739265442
6 0.9687814116477966 0.17534533143043518 0.10052093118429184 0.23479267954826355 0.25789007544517517
10 0.9542416930198669 0.3203301429748535 0.05067185312509537 0.38648521900177 0.23337027430534363
3 0.9540317058563232 0.49209150671958923 0.5421767830848694 0.5449080467224121 0.6508676409721375
5 0.9370100498199463 0.5459350347518921 0.0270768404006958 0.6003067493438721 0.15174150466918945
1 0.7864906787872314 0.6911057829856873 0.2635124921798706 0.7694079279899597 0.4368917942047119
6 0.7756975293159485 0.321260005235672 0.3388580083847046 0.3857520520687103 0.500095546245575
7 0.7719208002090454 0.12082765996456146 0.31945639848709106 0.19765789806842804 0.5147742629051208
0 0.7100916504859924 0.5936018228530884 0.07955581694841385 0.6503043174743652 0.22371190786361694
9 0.6285163164138794 0.3189505636692047 0.4607163369655609 0.3802032172679901 0.5923766493797302
2 0.5516970753669739 0.640868067741394 0.2687002718448639 0.6932307481765747 0.3863615095615387
3 0.5042270421981812 0.49571919441223145 0.10433340072631836 0.5423401594161987 0.20691204071044922
8 0.44312313199043274 0.39454367756843567 0.08959085494279861 0.4527532756328583 0.23703455924987793
8 0.37313932180404663 0.20713061094284058 0.7122949361801147 0.2846011519432068 0.8694549798965454
3 0.3608454465866089 0.3850097060203552 0.1025044396519661 0.4317222833633423 0.2077653408050537
