4 0.9982454776763916 0.49578505754470825 0.2282518744468689 0.5690211653709412 0.40310442447662354
9 0.9953332543373108 0.39280828833580017 0.2743642032146454 0.44626060128211975 0.385282963514328
9 0.992376446723938 0.2784433364868164 0.05475732684135437 0.3305579423904419 0.1616590917110443
5 0.9727657437324524 0.7422791123390198 0.7338286638259888 0.8177751898765564 0.872085452079773
9 0.9615237712860107 0.2786242365837097 0.15514691174030304 0.32980650663375854 0.2594234049320221
3 0.9311135411262512 0.4610038101673126 0.27129074931144714 0.5114961862564087 0.3782190978527069
7 0.9208855628967285 0.2937781810760498 0.306710422039032 0.36646103858947754 0.4973642826080322
3 0.7533845901489258 0.5532332062721252 0.20020335912704468 0.6012282967567444 0.3047744035720825
1 0.26676440238952637 0.5514999032020569 0.6567962169647217 0.6284283995628357 0.8351578712463379
9 0.20769010484218597 0.2410094439983368 0.5898205637931824 0.2979283630847931 0.6950206160545349
