9 0.9983839988708496 0.23772409558296204 0.00022505223751068115 0.28640446066856384 0.10571004450321198
9 0.998346745967865 0.4044203460216522 0.21200814843177795 0.45295825600624084 0.31686708331108093
9 0.9958015084266663 0.19283795356750488 0.3651602566242218 0.24788886308670044 0.47068682312965393
5 0.9918229579925537 0.7991973757743835 0.7041653394699097 0.8701873421669006 0.8345164060592651
8 0.9891467094421387 0.10803337395191193 0.5491742491722107 0.1798238605260849 0.6990974545478821
6 0.9872701168060303 0.09255896508693695 0.41902559995651245 0.1547582894563675 0.5687226057052612
9 0.9822396636009216 0.24234840273857117 0.158762589097023 0.2891515791416168 0.2670305669307709
11 0.9784011244773865 0.17038950324058533 -0.0014443062245845795 0.2265266478061676 0.11676105856895447
4 0.9707605242729187 0.5143099427223206 0.19378794729709625 0.5793558955192566 0.3546585440635681
2 0.9615615010261536 0.7008841633796692 0.5320408344268799 0.7700174450874329 0.6726278066635132
10 0.9606721997261047 0.1529560089111328 0.19683265686035156 0.22022658586502075 0.37571507692337036
9 0.9586911201477051 0.17399263381958008 0.49018535017967224 0.22875601053237915 0.5908277034759521
3 0.9372491240501404 0.6368809342384338 0.42929691076278687 0.6888726353645325 0.5342365503311157
6 0.9367931485176086 0.3200295865535736 0.0018642991781234741 0.36867883801460266 0.117428258061409
3 0.9302358627319336 0.5783173441886902 0.06948048621416092 0.6231560111045837 0.17584240436553955
11 0.9197793006896973 0.2121286392211914 0.7151268720626831 0.27820587158203125 0.8539592027664185
3 0.8674433827400208 0.6461290717124939 0.3377365171909332 0.6957634091377258 0.4441666305065155
2 0.8609119653701782 0.4161529541015625 0.3089742064476013 0.47806620597839355 0.45573729276657104
1 0.8553457260131836 0.7338293194770813 0.2788834571838379 0.8133661150932312 0.45923948287963867
5 0.8273768424987793 0.4940016269683838 0.020726777613162994 0.5413920879364014 0.12557581067085266
