6 0.9986077547073364 0.4132426977157593 0.3817743957042694 0.4732964038848877 0.5300101637840271
9 0.9947750568389893 0.2686333954334259 0.27503055334091187 0.32360872626304626 0.3869163393974304
3 0.9924938678741455 0.5413014888763428 0.28336310386657715 0.5912935733795166 0.39826011657714844
11 0.9867918491363525 0.40708038210868835 0.3177388310432434 0.46905139088630676 0.4575086832046509
1 0.9848158955574036 0.7062621712684631 0.21100394427776337 0.7893797755241394 0.40162014961242676
3 0.9502179026603699 0.3556315302848816 0.39497941732406616 0.40744465589523315 0.5052306056022644
5 0.9235180020332336 0.2757989764213562 0.14030754566192627 0.3417196273803711 0.27862077951431274
3 0.8675146102905273 0.5059936046600342 0.5503480434417725 0.5574936866760254 0.6537207365036011
7 0.45859798789024353 0.19366486370563507 0.22086884081363678 0.26352009177207947 0.40198814868927
3 0.3016628623008728 0.4200405180454254 0.17551937699317932 0.47225698828697205 0.29159995913505554
