9 0.9978684782981873 0.22082851827144623 0.3623761832714081 0.2746540904045105 0.46649113297462463
11 0.9921367764472961 0.17680294811725616 0.0014937929809093475 0.23044703900814056 0.11791707575321198
9 0.9914261698722839 0.2328091263771057 0.08451461046934128 0.2801230549812317 0.1814175248146057
11 0.9885725378990173 0.2353263795375824 0.7372835874557495 0.30267229676246643 0.873327374458313
9 0.9819911122322083 0.23849305510520935 0.017060328274965286 0.283857136964798 0.11157484352588654
5 0.9788689017295837 0.7945539951324463 0.7175617218017578 0.8635276556015015 0.8501245975494385
8 0.9760860800743103 0.10845966637134552 0.5654866695404053 0.17687927186489105 0.7128113508224487
3 0.97449791431427 0.6156165599822998 0.014959413558244705 0.6594343185424805 0.11504124104976654
9 0.9705944061279297 0.2339620292186737 0.2543390691280365 0.28553131222724915 0.3579021990299225
9 0.9618924260139465 0.16904866695404053 0.6027111411094666 0.22980839014053345 0.7217562794685364
10 0.9595586657524109 0.15653955936431885 0.21276746690273285 0.2196330428123474 0.3818739652633667
9 0.9548338651657104 0.24768760800361633 0.1683746576309204 0.29441413283348083 0.2730105519294739
5 0.9534608125686646 0.6920577883720398 0.01644284650683403 0.7425244450569153 0.12405334413051605
6 0.9434133172035217 0.11547547578811646 0.4298023581504822 0.17600196599960327 0.5730313658714294
2 0.9330111145973206 0.5994595885276794 0.4289014935493469 0.6616206765174866 0.5688652992248535
3 0.9295781254768372 0.6138118505477905 0.10405731201171875 0.6574113368988037 0.20227575302124023
8 0.9177570939064026 0.3506697118282318 0.12362154573202133 0.40206268429756165 0.25716641545295715
0 0.9161339402198792 0.717210590839386 0.1720075011253357 0.7685460448265076 0.3026123642921448
1 0.8894297480583191 0.7285785675048828 0.3052734136581421 0.8074119091033936 0.48596686124801636
2 0.7511637806892395 0.5350204110145569 0.12736868858337402 0.5846585631370544 0.24849319458007812
