9 0.9994044303894043 0.20261672139167786 0.39008161425590515 0.260916143655777 0.5087330937385559
9 0.999196469783783 0.19424785673618317 0.2930050492286682 0.25017958879470825 0.4108086824417114
3 0.9964545965194702 0.3979625403881073 0.1077180802822113 0.4467816650867462 0.21604809165000916
9 0.9894335269927979 0.23138533532619476 0.1081317812204361 0.2846525013446808 0.22250209748744965
3 0.9779166579246521 0.5125967264175415 0.534339964389801 0.5642471313476562 0.6414825320243835
6 0.9745200276374817 0.16496267914772034 0.1088218241930008 0.22546103596687317 0.2657260298728943
5 0.9667418003082275 0.5434063673019409 -0.015522167086601257 0.5991983413696289 0.11782936751842499
5 0.9469473361968994 0.4800889790058136 0.12996543943881989 0.5343980193138123 0.25293201208114624
2 0.8874651193618774 0.3946748971939087 0.1851215362548828 0.4532909393310547 0.3209863305091858
3 0.8831964731216431 0.6362259387969971 0.25208982825279236 0.6858981847763062 0.36494842171669006
0 0.8575942516326904 0.5717235803604126 0.03612074255943298 0.6216477155685425 0.1697104275226593
10 0.8364027142524719 0.3224342167377472 0.07230179756879807 0.3906218707561493 0.2494245171546936
1 0.8202317953109741 0.6945279240608215 0.227725088596344 0.7751786112785339 0.40802329778671265
7 0.6575260162353516 0.10957995057106018 0.3345228135585785 0.1818782389163971 0.5252404808998108
8 0.47902801632881165 0.1999567598104477 0.7168418765068054 0.27901679277420044 0.8747318387031555
6 0.46454885601997375 0.34025001525878906 0.3663909137248993 0.40502089262008667 0.5205594301223755
5 0.27658194303512573 0.4816129803657532 0.08675245940685272 0.5393630862236023 0.21501393616199493
9 0.2082746922969818 0.39948803186416626 0.036878231912851334 0.4451786279678345 0.1433282494544983
