3 0.9572575092315674 0.2605664134025574 0.37522560358047485 0.3161665201187134 0.4721587300300598
3 0.9216697216033936 0.4685034453868866 0.2752169370651245 0.518746554851532 0.3716967701911926
11 0.9029552340507507 0.3897496461868286 0.25539857149124146 0.4454958438873291 0.38206571340560913
7 0.8749215006828308 0.11218187212944031 0.2670915722846985 0.1882314383983612 0.44319838285446167
6 0.8643391132354736 0.40827128291130066 0.3451281785964966 0.46595361828804016 0.47877728939056396
3 0.6404057145118713 0.4673897922039032 0.5796419382095337 0.5226524472236633 0.6831544637680054
9 0.6071450114250183 0.1570669263601303 0.2923352122306824 0.2148037701845169 0.40752100944519043
9 0.5327080488204956 0.33173540234565735 0.5072728991508484 0.38991984724998474 0.6155944466590881
1 0.4710533618927002 0.6514922976493835 0.21639952063560486 0.7252946496009827 0.3904009163379669
9 0.37489259243011475 0.20843824744224548 0.16869637370109558 0.26249822974205017 0.280413955450058
5 0.3070845603942871 0.22162747383117676 0.022904109209775925 0.2757144570350647 0.14664827287197113
