11 0.8993151187896729 0.33644548058509827 0.24880072474479675 0.3957967460155487 0.37807580828666687
7 0.8806866407394409 0.10215000808238983 0.2578028738498688 0.1783251315355301 0.44146379828453064
9 0.7583090662956238 0.20509180426597595 0.19545264542102814 0.2592848837375641 0.3032709062099457
3 0.7575733065605164 0.4429738521575928 0.2688063383102417 0.49206846952438354 0.37085068225860596
3 0.7203457951545715 0.47298306226730347 0.5436255931854248 0.5271162390708923 0.6462106704711914
9 0.6072713136672974 0.3149464726448059 0.42840811610221863 0.3687518239021301 0.5384702086448669
6 0.5821899175643921 0.3379855453968048 0.3091757297515869 0.3934578597545624 0.4517330527305603
9 0.5457842946052551 0.15712463855743408 0.3004576861858368 0.21371591091156006 0.4110307991504669
8 0.5122624635696411 0.26676589250564575 0.3039686679840088 0.32312101125717163 0.4494062662124634
1 0.43059563636779785 0.6480059623718262 0.22630566358566284 0.7227067947387695 0.4024510383605957
3 0.42323997616767883 0.36614710092544556 0.3982393741607666 0.41884344816207886 0.5028446912765503
10 0.4010770916938782 0.3183080852031708 0.08612857013940811 0.37532368302345276 0.24351003766059875
5 0.37617695331573486 0.21728521585464478 0.0221630297601223 0.2709031105041504 0.14658957719802856
