8 0.8637664914131165 0.27040305733680725 0.2681907117366791 0.3277307450771332 0.4044419825077057
2 0.8155869245529175 0.4526991844177246 0.2288188934326172 0.5156179070472717 0.36756110191345215
2 0.7598341107368469 0.49174848198890686 0.45605218410491943 0.5634123682975769 0.5979067087173462
8 0.7549736499786377 0.0769382119178772 0.4317619204521179 0.14219772815704346 0.5703842043876648
9 0.7286425232887268 0.20670905709266663 0.1158607006072998 0.25804635882377625 0.22496169805526733
3 0.7076279520988464 0.39066281914711 0.5126326680183411 0.44457003474235535 0.6140715479850769
7 0.6342592239379883 0.08093857765197754 0.30358922481536865 0.15268611907958984 0.4673267602920532
6 0.6311225891113281 0.06789297610521317 0.5728152394294739 0.13407200574874878 0.7174593806266785
3 0.6254634261131287 0.4428703486919403 0.150813490152359 0.4916347563266754 0.25290992856025696
9 0.5826534628868103 0.3392903506755829 0.056669268757104874 0.3890914022922516 0.1620410978794098
3 0.5749316811561584 0.35906869173049927 0.19836834073066711 0.4093591570854187 0.30458828806877136
9 0.5521130561828613 0.14216041564941406 0.5223214626312256 0.2008485198020935 0.6458587646484375
6 0.544413685798645 0.11610904335975647 0.07658132165670395 0.17197081446647644 0.2143416702747345
9 0.5366082191467285 0.2824338674545288 0.19860771298408508 0.33274954557418823 0.31153997778892517
3 0.5334941148757935 0.5256230235099792 0.2070474922657013 0.5746706128120422 0.3084941804409027
9 0.5301645994186401 0.15642149746418 0.2783794105052948 0.21159540116786957 0.3869592845439911
3 0.46706902980804443 0.447616308927536 0.3952372372150421 0.5006171464920044 0.5008925199508667
3 0.45994138717651367 0.5726915001869202 0.642623245716095 0.629278838634491 0.7434763312339783
10 0.4073948860168457 0.31400278210639954 0.0581808015704155 0.3752041757106781 0.20890462398529053
4 0.39472174644470215 0.3772543668746948 0.3118545114994049 0.4430602788925171 0.46793797612190247
