8 0.8944988250732422 0.25892317295074463 0.27360695600509644 0.31929415464401245 0.41720932722091675
3 0.6796271204948425 0.4517771303653717 0.520277738571167 0.5056741237640381 0.620171070098877
2 0.6073527932167053 0.45168209075927734 0.23709258437156677 0.5145255327224731 0.3755597770214081
3 0.5305854082107544 0.4822157323360443 0.41068845987319946 0.5336827039718628 0.5140632390975952
9 0.5249312520027161 0.20628944039344788 0.12691405415534973 0.2553549110889435 0.23772910237312317
11 0.5136816501617432 0.2589215636253357 0.6566210985183716 0.33008772134780884 0.8020205497741699
9 0.48490846157073975 0.1712215691804886 0.5213447213172913 0.22730033099651337 0.6313967108726501
9 0.45413196086883545 0.2889847755432129 0.18850837647914886 0.3383181691169739 0.30009230971336365
7 0.43792030215263367 0.09505656361579895 0.3258582353591919 0.1585576832294464 0.4841274619102478
6 0.43190115690231323 0.13395796716213226 0.07742688059806824 0.18908150494098663 0.21387240290641785
5 0.4187527596950531 0.7546663284301758 0.6647439002990723 0.8297579288482666 0.7991493940353394
3 0.36953359842300415 0.497058629989624 0.2404499500989914 0.5456260442733765 0.3455306887626648
10 0.3694270849227905 0.2316596806049347 0.14873537421226501 0.2904087007045746 0.2853088080883026
9 0.33263400197029114 0.3357301652431488 0.05233866348862648 0.3846783936023712 0.15841704607009888
9 0.32600387930870056 0.331897109746933 0.4169694483280182 0.3858185112476349 0.5360910296440125
8 0.32475218176841736 0.08785498142242432 0.46697235107421875 0.1558566689491272 0.6103438138961792
3 0.3222600519657135 0.35847246646881104 0.18854239583015442 0.4067341685295105 0.2960854470729828
3 0.31821104884147644 0.5839520692825317 0.6267493963241577 0.6405779123306274 0.7265361547470093
4 0.31507608294487 0.5279638767242432 0.28898513317108154 0.5954862833023071 0.4443643093109131
6 0.3090795874595642 0.07323160767555237 0.5665155053138733 0.1410401165485382 0.7137450575828552
