3 0.9017887711524963 0.5167543888092041 0.2482985258102417 0.5668047666549683 0.3465125560760498
2 0.7799059152603149 0.2762221395969391 0.3386993706226349 0.3386128842830658 0.4838692843914032
7 0.7672804594039917 0.0856066644191742 0.22497320175170898 0.1589033305644989 0.4242215156555176
6 0.7459712624549866 0.3686849772930145 0.3198372423648834 0.4299672544002533 0.45612582564353943
3 0.7445306181907654 0.4892423450946808 0.4405325949192047 0.5418923497200012 0.5455436706542969
3 0.6922653317451477 0.47174471616744995 0.5787639021873474 0.5261083245277405 0.6785023808479309
9 0.6759058833122253 0.15009796619415283 0.30714675784111023 0.2054237723350525 0.420425146818161
9 0.6161133646965027 0.305246502161026 0.4649014472961426 0.3613632619380951 0.5825248956680298
9 0.5231001377105713 0.1840548813343048 0.1664353609085083 0.23716071248054504 0.280228853225708
8 0.4747006297111511 0.1568666398525238 0.6744169592857361 0.24041911959648132 0.8367519974708557
10 0.43207553029060364 0.2994128465652466 0.08300994336605072 0.3566398620605469 0.23684735596179962
3 0.43123069405555725 0.332632839679718 0.12049384415149689 0.383500874042511 0.23240523040294647
0 0.41368257999420166 0.4293530583381653 0.15590548515319824 0.48822444677352905 0.29561352729797363
1 0.4107153117656708 0.6328306198120117 0.176270991563797 0.7085397243499756 0.3458406627178192
9 0.36212390661239624 0.2709633708000183 0.2641049325466156 0.32260650396347046 0.3787330090999603
11 0.29012274742126465 0.11976984143257141 0.052838146686553955 0.17632225155830383 0.18938952684402466
5 0.27928298711776733 0.4443521201610565 0.059682272374629974 0.5026930570602417 0.18491163849830627
2 0.2022673785686493 0.16612838208675385 0.5310264825820923 0.23577286303043365 0.684483528137207
