3 0.9047077298164368 0.34826844930648804 0.14598287642002106 0.3965741991996765 0.24133197963237762
2 0.8699148893356323 0.3788178265094757 0.18924039602279663 0.4403093159198761 0.32079577445983887
9 0.7421746850013733 0.1826709508895874 0.31436625123023987 0.2385791540145874 0.42769524455070496
9 0.7134009003639221 0.1921202838420868 0.13127323985099792 0.24604901671409607 0.24513474106788635
3 0.682084321975708 0.5099061727523804 0.23314274847507477 0.5612907409667969 0.3353087902069092
8 0.6146970391273499 0.1569458246231079 0.6741592884063721 0.24065685272216797 0.8371617794036865
3 0.5738646388053894 0.4882957637310028 0.44983971118927 0.5418746471405029 0.5560932159423828
10 0.5660006999969482 0.3042827248573303 0.05838897079229355 0.3651741147041321 0.2167627513408661
3 0.5612888932228088 0.4572226107120514 0.5928332805633545 0.5106972455978394 0.6963938474655151
1 0.4353243410587311 0.6203728914260864 0.18818621337413788 0.6941125392913818 0.3556935787200928
6 0.4350869357585907 0.11319436877965927 0.08126803487539291 0.17001919448375702 0.22454437613487244
9 0.4121743142604828 0.1955404430627823 0.38331207633018494 0.25276443362236023 0.4949178993701935
6 0.41055887937545776 0.29609474539756775 0.37221696972846985 0.35741928219795227 0.5198849439620972
9 0.27946242690086365 0.30551326274871826 0.42186570167541504 0.36049503087997437 0.5388369560241699
9 0.22791579365730286 0.3442351520061493 0.04982902109622955 0.3941432535648346 0.154478058218956
3 0.21079528331756592 0.5373928546905518 0.6356682181358337 0.6116746664047241 0.7725856900215149
7 0.2084098756313324 0.0917508453130722 0.35638493299484253 0.1660618931055069 0.5279822945594788
5 0.20308738946914673 0.45738741755485535 0.04637669026851654 0.5138632655143738 0.18063844740390778
