8 0.8295091986656189 0.11662605404853821 0.5001620650291443 0.18798312544822693 0.6408507227897644
9 0.6447227597236633 0.19377225637435913 0.2767832279205322 0.24526041746139526 0.3817712068557739
9 0.6134443283081055 0.1729029417037964 0.37952667474746704 0.22514081001281738 0.48303771018981934
2 0.5956588983535767 0.3677292466163635 0.2852550745010376 0.4289119243621826 0.4227660298347473
9 0.5599098801612854 0.23850733041763306 0.18357880413532257 0.28864234685897827 0.29616066813468933
7 0.5562446117401123 0.14077743887901306 0.23385164141654968 0.20551297068595886 0.40066763758659363
9 0.5362546443939209 0.33443182706832886 0.5915671586990356 0.389032781124115 0.7009881734848022
6 0.5315536856651306 0.11865253746509552 0.376032292842865 0.18053917586803436 0.5120841860771179
3 0.5179998278617859 0.5170138478279114 0.3421868085861206 0.5671386122703552 0.438998818397522
1 0.4963502883911133 0.6390590667724609 0.304667204618454 0.7188718318939209 0.45830562710762024
11 0.48049530386924744 0.1968582570552826 0.6166455149650574 0.2704339325428009 0.7655220627784729
3 0.4171915352344513 0.5291686654090881 0.2733640968799591 0.5777907967567444 0.3748713433742523
3 0.39748018980026245 0.48946863412857056 0.11051124334335327 0.5377238392829895 0.20555835962295532
10 0.3886662721633911 0.16639147698879242 0.1941843330860138 0.22989316284656525 0.3558228313922882
4 0.3735610246658325 0.644574761390686 0.22829221189022064 0.7193945646286011 0.37471216917037964
9 0.35283035039901733 0.2475157231092453 0.020627155900001526 0.29502129554748535 0.12171010673046112
3 0.2986008822917938 0.3753202259540558 0.19448795914649963 0.4229891002178192 0.30095818638801575
9 0.281307578086853 0.2067084014415741 0.2071022391319275 0.257317453622818 0.31377118825912476
3 0.24785083532333374 0.5045427680015564 0.1754392832517624 0.5538386702537537 0.27231544256210327
3 0.20404046773910522 0.49791601300239563 0.043655961751937866 0.5428076386451721 0.13973435759544373
