2 0.8643794059753418 0.3453924357891083 0.29295724630355835 0.4060575067996979 0.42966073751449585
9 0.8342893123626709 0.2271421253681183 0.17342713475227356 0.2790886461734772 0.2857568562030792
3 0.823426365852356 0.473258912563324 0.39092767238616943 0.5267147421836853 0.4922853112220764
9 0.74141925573349 0.3100273311138153 0.2473432868719101 0.3592613637447357 0.3524200916290283
8 0.7297391891479492 0.30156877636909485 0.3915552496910095 0.36238035559654236 0.5362582206726074
3 0.7122160196304321 0.5539425611495972 0.32452988624572754 0.6058486700057983 0.42525601387023926
3 0.7026991248130798 0.37655729055404663 0.23748721182346344 0.4247620701789856 0.33851510286331177
3 0.657902717590332 0.5158469080924988 0.16610173881053925 0.5688998103141785 0.26836317777633667
7 0.5668673515319824 0.19367468357086182 0.27059683203697205 0.264249324798584 0.45683684945106506
5 0.5626998543739319 0.6760491728782654 0.5701648592948914 0.7529625296592712 0.7193827033042908
6 0.5517824292182922 0.37707170844078064 0.48820334672927856 0.4400375187397003 0.6273869872093201
9 0.5513100624084473 0.24288558959960938 0.00153365358710289 0.292966365814209 0.10396292805671692
10 0.5236022472381592 0.2668693959712982 0.22047942876815796 0.3270324766635895 0.37732428312301636
4 0.5206681489944458 0.4704432487487793 0.21311193704605103 0.5335124731063843 0.3749120831489563
8 0.347650408744812 0.39668241143226624 0.053174011409282684 0.4497425854206085 0.18027156591415405
