3 0.8966953158378601 0.3478334844112396 0.14318440854549408 0.396818071603775 0.23846913874149323
2 0.8722124695777893 0.38051289319992065 0.18754753470420837 0.4421699643135071 0.3192411959171295
9 0.7900469303131104 0.1798573136329651 0.3112706243991852 0.23566502332687378 0.4235750138759613
9 0.717897891998291 0.19202560186386108 0.13013671338558197 0.24562323093414307 0.24489523470401764
3 0.6893453001976013 0.5114942193031311 0.24145764112472534 0.5632906556129456 0.34420889616012573
8 0.6067507863044739 0.15755599737167358 0.6724584102630615 0.2414441704750061 0.8356587886810303
3 0.576714813709259 0.4886399209499359 0.44819244742393494 0.5423539280891418 0.5547633171081543
3 0.568002462387085 0.4569293260574341 0.5899825096130371 0.5104777216911316 0.6939316987991333
10 0.5549704432487488 0.3055553436279297 0.056505538523197174 0.3661860227584839 0.21408650279045105
6 0.4543982446193695 0.29936903715133667 0.3724817931652069 0.36025673151016235 0.5204706192016602
1 0.45425093173980713 0.6180788278579712 0.1836867332458496 0.6911871433258057 0.34914255142211914
6 0.4375385046005249 0.11209654062986374 0.08969106525182724 0.1694205403327942 0.232212096452713
9 0.38498276472091675 0.1926300823688507 0.37618350982666016 0.2494511902332306 0.4852564334869385
7 0.23399677872657776 0.09301018714904785 0.3602249324321747 0.16783738136291504 0.5332615375518799
5 0.2307267040014267 0.45775672793388367 0.04177162051200867 0.5131033062934875 0.1750921905040741
3 0.21322385966777802 0.5391954183578491 0.6347638964653015 0.6135045289993286 0.7709605097770691
9 0.21090346574783325 0.34358641505241394 0.042947206646203995 0.39379534125328064 0.14829692244529724
5 0.20750370621681213 0.4042307734489441 0.14895099401474 0.45866650342941284 0.27211064100265503
