9 0.6729896068572998 0.2597973644733429 0.08232246339321136 0.3088066279888153 0.18034376204013824
9 0.5947222113609314 0.24157842993736267 0.18210037052631378 0.29111388325691223 0.28966203331947327
9 0.592848539352417 0.23590436577796936 0.378025084733963 0.28635600209236145 0.4759145677089691
9 0.5922806262969971 0.2379494607448578 0.29382017254829407 0.2900451719760895 0.39683911204338074
3 0.5560213923454285 0.5255758762359619 0.34516921639442444 0.5746814012527466 0.44215258955955505
3 0.5118124485015869 0.5456913113594055 0.30328840017318726 0.5938195586204529 0.4023383855819702
1 0.4378882944583893 0.6579347848892212 0.3061012029647827 0.7408920526504517 0.4688716530799866
4 0.4304695725440979 0.6583036780357361 0.2432849258184433 0.7357661128044128 0.39488524198532104
7 0.42588701844215393 0.1710454225540161 0.2633291482925415 0.23832809925079346 0.42650914192199707
8 0.4241289496421814 0.14731308817863464 0.43490538001060486 0.21817812323570251 0.5798941850662231
9 0.3935108184814453 0.2406720370054245 0.2292638123035431 0.2918103039264679 0.3372490108013153
6 0.3753439784049988 0.16057762503623962 0.3739897608757019 0.2255477011203766 0.5130329132080078
11 0.3538614809513092 0.11975963413715363 0.6294293999671936 0.18908576667308807 0.7746097445487976
9 0.3537600338459015 0.2791752517223358 0.021084610372781754 0.3245222270488739 0.11961764097213745
3 0.27330291271209717 0.5090574622154236 0.03774633631110191 0.5531577467918396 0.1340688169002533
9 0.26732441782951355 0.22302886843681335 0.3996450901031494 0.2766049802303314 0.5056362748146057
0 0.265813410282135 0.6551312804222107 0.3753335475921631 0.7283236384391785 0.5214064717292786
6 0.2642812132835388 0.1517263501882553 0.15768221020698547 0.20438601076602936 0.28259357810020447
5 0.2607591450214386 0.66058748960495 0.5679672360420227 0.7379675507545471 0.7063056826591492
9 0.25751444697380066 0.2180553525686264 0.5824196934700012 0.27345114946365356 0.685147225856781
