2 0.8333094120025635 0.3452640175819397 0.2649669349193573 0.4061092734336853 0.4020567238330841
3 0.8143222332000732 0.4751627743244171 0.38121020793914795 0.5292735695838928 0.48336362838745117
3 0.7862297296524048 0.5535653233528137 0.30560556054115295 0.6046740412712097 0.4052372872829437
3 0.7097600698471069 0.3900371491909027 0.24416959285736084 0.4397945702075958 0.3450707197189331
9 0.7094361186027527 0.22646301984786987 0.1667553037405014 0.27930814027786255 0.27852609753608704
9 0.643838107585907 0.33552002906799316 0.2525046467781067 0.38580071926116943 0.36053895950317383
8 0.5880565643310547 0.12782569229602814 0.5330445766448975 0.20660637319087982 0.6819651126861572
3 0.5752464532852173 0.5229506492614746 0.07216992974281311 0.572250485420227 0.169406920671463
5 0.5649759769439697 0.6615898609161377 0.5545941591262817 0.7386685609817505 0.7026774883270264
3 0.5195208191871643 0.5217054486274719 0.16904394328594208 0.5731298327445984 0.26828527450561523
6 0.47821736335754395 0.36068522930145264 0.4659288823604584 0.42358189821243286 0.6065003871917725
10 0.47284507751464844 0.2969767153263092 0.2225794494152069 0.36085131764411926 0.37160757184028625
4 0.4468032121658325 0.4716331958770752 0.2041909098625183 0.5360293388366699 0.36240607500076294
7 0.3968525528907776 0.13442015647888184 0.2544848918914795 0.20679759979248047 0.43733906745910645
8 0.30611252784729004 0.38457784056663513 0.07872157543897629 0.44493964314460754 0.2207498550415039
9 0.2987864315509796 0.24383048713207245 0.01024189218878746 0.2930256724357605 0.11586877703666687
1 0.28911277651786804 0.6512987017631531 0.28679341077804565 0.728442370891571 0.4483780264854431
11 0.2830774188041687 0.16770517826080322 0.6142212152481079 0.24569690227508545 0.7637499570846558
