8 0.8564916253089905 0.267882764339447 0.2567059397697449 0.32362401485443115 0.3920723795890808
8 0.6978297829627991 0.08404956758022308 0.46142834424972534 0.14889217913150787 0.6021462082862854
3 0.6773186922073364 0.41107556223869324 0.5387784242630005 0.4645414650440216 0.6429187059402466
2 0.642072319984436 0.5004746913909912 0.4550873339176178 0.567613959312439 0.5988063812255859
6 0.6183987259864807 0.0709986686706543 0.5826263427734375 0.138008713722229 0.7274425029754639
2 0.6056665182113647 0.4374515414237976 0.2071244716644287 0.5000298023223877 0.3398958444595337
3 0.5855590105056763 0.23871172964572906 0.325069397687912 0.2901332378387451 0.43373921513557434
9 0.5399597883224487 0.16969828307628632 0.5566256642341614 0.22629715502262115 0.6652296185493469
3 0.48020482063293457 0.4374105930328369 0.40921351313591003 0.4898097515106201 0.515284538269043
11 0.44295570254325867 0.26805296540260315 0.6673409342765808 0.34192970395088196 0.8137651085853577
9 0.42663896083831787 0.14909234642982483 0.2470288723707199 0.20295831561088562 0.3615376353263855
5 0.42382869124412537 0.7540847063064575 0.6620012521743774 0.8281580209732056 0.7982192039489746
7 0.42297837138175964 0.0904112458229065 0.31876590847969055 0.15448933839797974 0.48263129591941833
6 0.420720636844635 0.13377907872200012 0.07743159681558609 0.18933025002479553 0.21452024579048157
3 0.4041821360588074 0.43522483110427856 0.15895667672157288 0.48373711109161377 0.26274749636650085
9 0.3978271186351776 0.20087474584579468 0.12369999289512634 0.2506304979324341 0.2320900857448578
9 0.3311232328414917 0.3321284055709839 0.05471973866224289 0.3812902569770813 0.1605573296546936
10 0.32260265946388245 0.2270849645137787 0.14761587977409363 0.2861325442790985 0.2889423668384552
3 0.318093478679657 0.5820357203483582 0.6361837387084961 0.6393576264381409 0.7369891405105591
1 0.26425471901893616 0.5984433889389038 0.19940875470638275 0.6694148778915405 0.36146390438079834
