8 0.9000018239021301 0.26145634055137634 0.2752269506454468 0.32180193066596985 0.41867661476135254
8 0.7236688137054443 0.08001811057329178 0.4659786820411682 0.14703041315078735 0.6043444275856018
3 0.6812469363212585 0.4511830806732178 0.5238457322120667 0.5050802230834961 0.6235892176628113
9 0.6222511529922485 0.15908652544021606 0.5496536493301392 0.2153536081314087 0.6606751680374146
6 0.6020408272743225 0.06787879765033722 0.5825809836387634 0.13521705567836761 0.7266598343849182
2 0.6007055640220642 0.4528106451034546 0.2363397777080536 0.5157349109649658 0.374646931886673
3 0.5357781052589417 0.48124977946281433 0.41188180446624756 0.532745361328125 0.515149712562561
9 0.5226019620895386 0.20678585767745972 0.12686175107955933 0.25578248500823975 0.2377225160598755
11 0.5154361128807068 0.253007173538208 0.661124587059021 0.323655366897583 0.8072279691696167
9 0.45070305466651917 0.28922444581985474 0.18907952308654785 0.33849841356277466 0.300645112991333
7 0.44869330525398254 0.09356553107500076 0.31296730041503906 0.1558557003736496 0.47018206119537354
6 0.42811158299446106 0.13484400510787964 0.07772709429264069 0.1900937557220459 0.21409867703914642
5 0.42120781540870667 0.7548873424530029 0.6668046116828918 0.8305624723434448 0.8009092211723328
3 0.3633611798286438 0.49959295988082886 0.24081465601921082 0.5481274724006653 0.34567394852638245
10 0.36248937249183655 0.23172172904014587 0.14904102683067322 0.2905624806880951 0.28560206294059753
9 0.35385754704475403 0.3349965214729309 0.052160318940877914 0.3839501738548279 0.15801328420639038
9 0.32965755462646484 0.33088138699531555 0.42012444138526917 0.38490864634513855 0.5392580628395081
3 0.32955411076545715 0.5836154222488403 0.6287220120429993 0.6402405500411987 0.7285310626029968
3 0.325230211019516 0.3608883321285248 0.18913166224956512 0.40917691588401794 0.2968192398548126
9 0.31668394804000854 0.16083845496177673 0.2768332064151764 0.21464946866035461 0.38459059596061707
