9 0.7687689661979675 0.2138010710477829 0.1248682290315628 0.2658510208129883 0.23386208713054657
8 0.7508963346481323 0.29086560010910034 0.25363755226135254 0.3458436131477356 0.3974652886390686
9 0.6657453775405884 0.33606407046318054 0.04939151927828789 0.3859070837497711 0.15598933398723602
8 0.6479607224464417 0.1592327356338501 0.6702843904495239 0.24228888750076294 0.836462140083313
3 0.6382256746292114 0.4972567558288574 0.46707066893577576 0.5514315366744995 0.5693659782409668
3 0.627362847328186 0.5188722014427185 0.18279704451560974 0.569696843624115 0.2868078052997589
9 0.5973169803619385 0.1636706292629242 0.2617756724357605 0.2199200689792633 0.37641721963882446
3 0.5405916571617126 0.455839604139328 0.5923207402229309 0.5106654167175293 0.6973620057106018
6 0.5369290113449097 0.11491574347019196 0.07877349853515625 0.1712845414876938 0.21799105405807495
3 0.525860071182251 0.3706285357475281 0.1363755464553833 0.41897159814834595 0.24100887775421143
10 0.5223966240882874 0.3151683211326599 0.06620600819587708 0.3772581219673157 0.21746942400932312
5 0.47112980484962463 0.371270090341568 0.29654461145401 0.4363792836666107 0.43584340810775757
2 0.4498131573200226 0.44924646615982056 0.20852306485176086 0.5064663290977478 0.3477106988430023
6 0.4262791574001312 0.28593865036964417 0.3475011885166168 0.3452478349208832 0.4915817677974701
7 0.3509642481803894 0.08836160600185394 0.3479864001274109 0.15989412367343903 0.512491762638092
2 0.3447296917438507 0.32621610164642334 0.6497690081596375 0.40284836292266846 0.8049523234367371
3 0.2579449415206909 0.34642064571380615 0.17856083810329437 0.39557933807373047 0.2886585295200348
3 0.20475958287715912 0.539152204990387 0.6353728771209717 0.6140386462211609 0.7721726894378662
