9 0.6736176609992981 0.18881195783615112 0.13223004341125488 0.24407953023910522 0.2456173300743103
9 0.661608874797821 0.1598038375377655 0.27918514609336853 0.2189684808254242 0.39038029313087463
8 0.6575251221656799 0.15755432844161987 0.6716840863227844 0.24064040184020996 0.8377774357795715
3 0.6401264667510986 0.495481938123703 0.4710308909416199 0.5499065518379211 0.5733526349067688
3 0.6230674386024475 0.520674467086792 0.18164628744125366 0.5714530944824219 0.28596341609954834
6 0.609239399433136 0.2954324781894684 0.35801881551742554 0.35606178641319275 0.5066081881523132
9 0.5620229840278625 0.3444448709487915 0.05737634375691414 0.39408087730407715 0.16121552884578705
5 0.5527048110961914 0.38026270270347595 0.3009076714515686 0.446118026971817 0.4378373622894287
3 0.5376359224319458 0.4550463855266571 0.5945769548416138 0.5099169611930847 0.699809193611145
10 0.5278733372688293 0.3101075291633606 0.07415258139371872 0.3717527389526367 0.2302309274673462
6 0.48077380657196045 0.11152475327253342 0.09944024682044983 0.16830481588840485 0.24188199639320374
3 0.4454460144042969 0.38797926902770996 0.12871153652668 0.43587779998779297 0.22897188365459442
2 0.4077831208705902 0.44515669345855713 0.20861178636550903 0.502397894859314 0.3474597930908203
9 0.38333046436309814 0.171380415558815 0.3720913827419281 0.22968213260173798 0.4844790995121002
2 0.3336692750453949 0.32435524463653564 0.6483935117721558 0.400712788105011 0.8036807775497437
7 0.2788557708263397 0.07824060320854187 0.3641178011894226 0.15036043524742126 0.5312185287475586
3 0.20460863411426544 0.5355116724967957 0.6356596946716309 0.6097634434700012 0.7719804048538208
