3 0.7848854064941406 0.3903545141220093 0.2700693905353546 0.44014811515808105 0.3691953122615814
9 0.7094910144805908 0.3391176462173462 0.2840932309627533 0.38985222578048706 0.3886774480342865
4 0.6348028182983398 0.5167132616043091 0.23714816570281982 0.5789631605148315 0.40053534507751465
11 0.5883635878562927 0.14006274938583374 0.23396055400371552 0.19916290044784546 0.3605422377586365
7 0.45526209473609924 0.2991161644458771 0.29277926683425903 0.36735376715660095 0.4645559787750244
5 0.44224226474761963 0.6945034861564636 0.6344019174575806 0.7715252041816711 0.7771035432815552
9 0.39982131123542786 0.29237401485443115 0.1274503469467163 0.3433681130409241 0.2391669750213623
9 0.39515256881713867 0.2219381034374237 0.041331201791763306 0.27541497349739075 0.15075483918190002
1 0.2649671733379364 0.45564013719558716 0.5873718857765198 0.5334101319313049 0.7597513794898987
3 0.23979933559894562 0.5542682409286499 0.15567052364349365 0.6021134853363037 0.26328718662261963
3 0.23257221281528473 0.501136302947998 0.3343430757522583 0.553879976272583 0.43558239936828613
