8 0.8660657405853271 0.2674731910228729 0.2550424635410309 0.323595255613327 0.39155206084251404
8 0.8071843385696411 0.0783902257680893 0.44639530777931213 0.14521051943302155 0.5847215056419373
2 0.7668407559394836 0.49795231223106384 0.4821590185165405 0.5666198134422302 0.6222903728485107
3 0.7422268986701965 0.4031437635421753 0.5730894207954407 0.4583960771560669 0.6742227673530579
2 0.7356022596359253 0.47057870030403137 0.22258834540843964 0.5345966219902039 0.35491305589675903
6 0.6594967246055603 0.06863750517368317 0.5724412202835083 0.13512717187404633 0.7176334857940674
3 0.5459955334663391 0.445306658744812 0.147455632686615 0.49384796619415283 0.24791806936264038
3 0.5204587578773499 0.45530590415000916 0.4351779818534851 0.5082476735115051 0.5376942157745361
7 0.48729386925697327 0.08671519160270691 0.293173611164093 0.15261003375053406 0.45071184635162354
3 0.4490235149860382 0.5138298869132996 0.21238435804843903 0.5623008608818054 0.31331706047058105
9 0.448531836271286 0.15859971940517426 0.5092425346374512 0.21564973890781403 0.6217929124832153
3 0.4356478452682495 0.3676545023918152 0.16673636436462402 0.41571182012557983 0.2735776901245117
5 0.431056410074234 0.7516204118728638 0.6657986640930176 0.8267687559127808 0.800652265548706
9 0.4206421673297882 0.3422558307647705 0.054154641926288605 0.3913966417312622 0.15870648622512817
4 0.41296863555908203 0.41698864102363586 0.30877357721328735 0.4850209653377533 0.45814913511276245
9 0.398752897977829 0.2064850628376007 0.10948289930820465 0.2562291920185089 0.21931491792201996
6 0.3979054391384125 0.13462187349796295 0.07581066340208054 0.1899574249982834 0.21379083395004272
9 0.36864539980888367 0.30972355604171753 0.1740398108959198 0.3596596121788025 0.28707876801490784
9 0.33130449056625366 0.16190385818481445 0.25138989090919495 0.21686989068984985 0.3636910617351532
3 0.3299157917499542 0.5772575736045837 0.6376165747642517 0.6345199942588806 0.7392340302467346
