3 0.8544391393661499 0.5401167273521423 0.249830961227417 0.5907922387123108 0.3469464182853699
3 0.7665212154388428 0.3412238657474518 0.13381092250347137 0.3909444510936737 0.2353239804506302
7 0.7457466721534729 0.0814068540930748 0.24716536700725555 0.15155616402626038 0.4276636838912964
3 0.6814842820167542 0.49913841485977173 0.45024073123931885 0.5511887669563293 0.552420973777771
2 0.6569212079048157 0.2756960391998291 0.3531681299209595 0.3402361273765564 0.49886059761047363
8 0.6384408473968506 0.1556544154882431 0.6741742491722107 0.238796666264534 0.8370137810707092
9 0.6332236528396606 0.28983908891677856 0.4683450162410736 0.34549885988235474 0.5765687227249146
3 0.6028170585632324 0.47046124935150146 0.5861434936523438 0.5248402953147888 0.6845724582672119
9 0.5363366603851318 0.19189944863319397 0.1617397665977478 0.24472877383232117 0.2775685787200928
9 0.5357645750045776 0.1518862247467041 0.3131254017353058 0.20785236358642578 0.424495667219162
10 0.44308406114578247 0.3202518820762634 0.08930060267448425 0.38104480504989624 0.247210294008255
1 0.4154588580131531 0.6338768601417542 0.17918509244918823 0.7086601853370667 0.34848552942276
9 0.40045881271362305 0.15407583117485046 0.35401153564453125 0.20994922518730164 0.46731501817703247
5 0.3643665313720703 0.45531541109085083 0.05302686616778374 0.5140696167945862 0.17622409760951996
5 0.34947267174720764 0.4029891788959503 0.26018303632736206 0.4651748239994049 0.39411503076553345
11 0.25849056243896484 0.12168270349502563 0.08460777252912521 0.17745691537857056 0.22275853157043457
