2 0.9114080667495728 0.2969301640987396 0.3503941297531128 0.36267033219337463 0.496319055557251
3 0.9111683964729309 0.511777400970459 0.2623959481716156 0.5617934465408325 0.3580611050128937
3 0.7240222692489624 0.48748719692230225 0.4394618570804596 0.5396199226379395 0.5438200235366821
3 0.7109163403511047 0.3522111475467682 0.15097516775131226 0.40077075362205505 0.25008970499038696
7 0.702237606048584 0.08809275180101395 0.23352278769016266 0.15943819284439087 0.4275936484336853
3 0.664995014667511 0.46997565031051636 0.5760875344276428 0.5238862633705139 0.6750456690788269
6 0.6311498284339905 0.3757096230983734 0.31836679577827454 0.43594303727149963 0.4563731849193573
9 0.5471012592315674 0.30779486894607544 0.4700551927089691 0.3645002841949463 0.587398111820221
10 0.528034508228302 0.3114723861217499 0.0998573824763298 0.3714894950389862 0.2540661096572876
9 0.5262358784675598 0.1945207118988037 0.17202402651309967 0.2471853494644165 0.2869367003440857
9 0.48874521255493164 0.15679296851158142 0.30119824409484863 0.21183249354362488 0.4167707562446594
8 0.4590810239315033 0.1566823422908783 0.6750847697257996 0.24025139212608337 0.8372719883918762
1 0.38662639260292053 0.6307197213172913 0.18411687016487122 0.7060462832450867 0.35259148478507996
0 0.34990277886390686 0.44797518849372864 0.16305825114250183 0.5061277747154236 0.2996707856655121
5 0.33135730028152466 0.44558215141296387 0.05856970325112343 0.5047141313552856 0.18295428156852722
11 0.3159550130367279 0.12280247360467911 0.05786680430173874 0.17824432253837585 0.19466596841812134
5 0.2929353713989258 0.3116021752357483 0.28596311807632446 0.374117374420166 0.41612011194229126
2 0.2215864509344101 0.16483068466186523 0.5357808470726013 0.23443353176116943 0.6890483498573303
