8 0.6861665844917297 0.14338500797748566 0.44416680932044983 0.21336321532726288 0.5871527791023254
9 0.639991283416748 0.2697841227054596 0.08713512122631073 0.3174555003643036 0.18614740669727325
9 0.5948778390884399 0.23935553431510925 0.37132617831230164 0.28930458426475525 0.4688376486301422
9 0.5901873707771301 0.23943713307380676 0.2961002588272095 0.291291743516922 0.3988957405090332
9 0.5835699439048767 0.24896582961082458 0.1771499514579773 0.2978324592113495 0.2853003740310669
3 0.5526853799819946 0.5294294357299805 0.3510052263736725 0.5782411098480225 0.44666144251823425
3 0.5094177722930908 0.5468505620956421 0.30696502327919006 0.5949414968490601 0.40531882643699646
1 0.4319538176059723 0.6626898646354675 0.3094184994697571 0.7455530762672424 0.4724155068397522
7 0.4297913610935211 0.17030923068523407 0.26177188754081726 0.23793669044971466 0.42599979043006897
4 0.39071956276893616 0.661124587059021 0.2502892017364502 0.7385389804840088 0.40230798721313477
9 0.3826324939727783 0.24184797704219818 0.23119908571243286 0.2927406132221222 0.33897775411605835
6 0.3824698328971863 0.16462214291095734 0.3633187711238861 0.229872927069664 0.5049141049385071
9 0.3422846794128418 0.2843313217163086 0.026191499084234238 0.32989370822906494 0.1241549551486969
11 0.3376188576221466 0.14425326883792877 0.6151165962219238 0.21233998239040375 0.7577261924743652
9 0.32019904255867004 0.2299814522266388 0.5790978670120239 0.2855968177318573 0.6813507080078125
3 0.27218207716941833 0.4870874285697937 0.22303156554698944 0.5358098149299622 0.3228527009487152
6 0.2629442512989044 0.15677164494991302 0.15642084181308746 0.20938999950885773 0.281132310628891
0 0.24511989951133728 0.6601333618164062 0.37984153628349304 0.7347769737243652 0.526914119720459
5 0.24239933490753174 0.6717287302017212 0.5657669901847839 0.749962329864502 0.7040084004402161
3 0.21537332236766815 0.5564256310462952 0.5584707260131836 0.6080055832862854 0.6551625728607178
