3 0.7221829891204834 0.3958304822444916 0.26714253425598145 0.44500651955604553 0.3667447566986084
4 0.6271095275878906 0.5141817331314087 0.2384939193725586 0.5766528844833374 0.4021345376968384
9 0.5909090042114258 0.34578752517700195 0.28439804911613464 0.39674651622772217 0.3896181285381317
5 0.43270641565322876 0.6950954794883728 0.6349087953567505 0.7722520232200623 0.7777516841888428
7 0.329861581325531 0.29915186762809753 0.30566856265068054 0.36812737584114075 0.475782185792923
3 0.2865966558456421 0.5519636869430542 0.15939728915691376 0.5998886823654175 0.2663572430610657
1 0.2659219205379486 0.4563857316970825 0.5875057578086853 0.5346772074699402 0.7599771618843079
9 0.2600443959236145 0.30013307929039 0.1330002248287201 0.3509956896305084 0.24266627430915833
9 0.2503606677055359 0.2138230800628662 0.03646149858832359 0.2675078511238098 0.14786353707313538
3 0.23411057889461517 0.5008311867713928 0.33537742495536804 0.5534569621086121 0.4358679950237274
