3 0.9600707292556763 0.2670801877975464 0.37462350726127625 0.3224661350250244 0.4725177586078644
3 0.9172607064247131 0.46473631262779236 0.2742924094200134 0.515356719493866 0.37211519479751587
11 0.8970048427581787 0.39581605792045593 0.25620225071907043 0.4513343870639801 0.38268014788627625
7 0.869741678237915 0.11232583224773407 0.2689010798931122 0.18862922489643097 0.44401815533638
6 0.8332555890083313 0.41691112518310547 0.34329766035079956 0.4741330146789551 0.47621989250183105
3 0.7029657959938049 0.4750210642814636 0.5739743709564209 0.5298367142677307 0.6781078577041626
9 0.5758260488510132 0.16190436482429504 0.290059357881546 0.2192830741405487 0.4052734076976776
1 0.5134496688842773 0.6465411186218262 0.22640709578990936 0.7206041812896729 0.3995392918586731
9 0.37021565437316895 0.32350027561187744 0.45482540130615234 0.3784571886062622 0.5652034282684326
9 0.34523117542266846 0.21219663321971893 0.17186012864112854 0.2660331428050995 0.2834457457065582
5 0.3057006895542145 0.2211126685142517 0.022232767194509506 0.27506113052368164 0.14605951309204102
