2 0.8637385964393616 0.34757646918296814 0.27642184495925903 0.4098367393016815 0.4139006733894348
8 0.7435364723205566 0.1124364584684372 0.5377037525177002 0.1876915842294693 0.6791696548461914
9 0.6842606663703918 0.2311011254787445 0.18786276876926422 0.28388479351997375 0.29963332414627075
3 0.6815003752708435 0.5004128217697144 0.35631754994392395 0.5532151460647583 0.46144047379493713
3 0.6686840057373047 0.5758700966835022 0.2603439390659332 0.6276183724403381 0.36172160506248474
3 0.6463985443115234 0.37626349925994873 0.24929308891296387 0.4259805679321289 0.35434985160827637
3 0.625550389289856 0.529892086982727 0.1569182574748993 0.5808571577072144 0.2558039724826813
3 0.6197147965431213 0.5195146799087524 0.07073308527469635 0.5690817832946777 0.16794584691524506
9 0.5845605731010437 0.3187178373336792 0.27100080251693726 0.3692070245742798 0.3794811964035034
5 0.574821949005127 0.6746333241462708 0.5691859126091003 0.7518646121025085 0.7173752188682556
6 0.5099753737449646 0.20182576775550842 0.2910025119781494 0.2678222358226776 0.4438002109527588
9 0.4813838303089142 0.2415277510881424 0.011160541325807571 0.29103773832321167 0.11445046961307526
4 0.4641664922237396 0.47444090247154236 0.21440263092517853 0.5383303761482239 0.3763476610183716
11 0.4613901972770691 0.30680912733078003 0.1647532880306244 0.36494410037994385 0.30197903513908386
10 0.42303475737571716 0.2845931351184845 0.2429981827735901 0.3507232367992401 0.39615851640701294
2 0.40950390696525574 0.4458482265472412 0.09421440213918686 0.5123163461685181 0.2298664152622223
11 0.36584898829460144 0.16331294178962708 0.6296993494033813 0.2407226860523224 0.7792946100234985
7 0.3591400682926178 0.12542246282100677 0.2513764500617981 0.19589973986148834 0.42878395318984985
9 0.32337576150894165 0.3530082106590271 0.6312524080276489 0.41081881523132324 0.7413485050201416
