2 0.8242530822753906 0.33500251173973083 0.2783195972442627 0.3965485990047455 0.41691744327545166
9 0.813094973564148 0.2315376251935959 0.17858414351940155 0.2830316126346588 0.28901171684265137
3 0.7942096590995789 0.46809667348861694 0.40456560254096985 0.5208765864372253 0.5053106546401978
3 0.7170689702033997 0.37633761763572693 0.23994950950145721 0.4265371859073639 0.3421505093574524
9 0.7075985670089722 0.32041844725608826 0.25455763936042786 0.370584636926651 0.3616957366466522
3 0.6710523366928101 0.5491373538970947 0.3241889476776123 0.6009509563446045 0.42387622594833374
8 0.6562078595161438 0.13258637487888336 0.5518376231193542 0.21214614808559418 0.6996930241584778
3 0.6433445811271667 0.5136087536811829 0.1723005771636963 0.565721333026886 0.2695283889770508
5 0.5458927154541016 0.6730698347091675 0.5674607157707214 0.7495511770248413 0.7175753712654114
9 0.5444045066833496 0.24835094809532166 0.0073845162987709045 0.29824820160865784 0.10885795205831528
10 0.5308272242546082 0.27338355779647827 0.2242768257856369 0.33529722690582275 0.3861019015312195
8 0.530002236366272 0.38995760679244995 0.07411517202854156 0.44925612211227417 0.21468834578990936
7 0.5059110522270203 0.19195015728473663 0.26927363872528076 0.26260489225387573 0.45229846239089966
4 0.4804653525352478 0.4693982005119324 0.21471074223518372 0.5328482985496521 0.37305739521980286
6 0.39657828211784363 0.371198832988739 0.4675889313220978 0.4330694079399109 0.6072107553482056
3 0.3819645345211029 0.5087799429893494 0.06319739669561386 0.5589402318000793 0.16383323073387146
11 0.24350374937057495 0.16781167685985565 0.6297718286514282 0.2455313354730606 0.7824627161026001
1 0.2242947369813919 0.6623811721801758 0.35025763511657715 0.7383170127868652 0.5210981369018555
11 0.20377972722053528 0.1733652949333191 -0.00590122863650322 0.2282581925392151 0.10200603306293488
