8 0.6999157071113586 0.14254699647426605 0.446736603975296 0.21264328062534332 0.5897076725959778
9 0.6498258709907532 0.268432080745697 0.08630682528018951 0.31619828939437866 0.18521402776241302
9 0.5867761373519897 0.24074657261371613 0.3702881932258606 0.2908793091773987 0.46786898374557495
9 0.5844586491584778 0.2409924417734146 0.2944639027118683 0.29296407103538513 0.39737436175346375
9 0.5663282871246338 0.24783270061016083 0.17672711610794067 0.2967045307159424 0.2848474383354187
3 0.5362268090248108 0.5281766653060913 0.33893799781799316 0.577191948890686 0.43640387058258057
3 0.49149757623672485 0.5470941662788391 0.29120928049087524 0.5950846076011658 0.3899412155151367
7 0.41480326652526855 0.17146000266075134 0.26381024718284607 0.23887571692466736 0.4265073835849762
1 0.40357890725135803 0.6631381511688232 0.2980860471725464 0.7448413372039795 0.46069109439849854
9 0.39919283986091614 0.24151119589805603 0.23034943640232086 0.2924700081348419 0.3384888768196106
6 0.38104942440986633 0.1653476059436798 0.3637082874774933 0.23058047890663147 0.5047661066055298
4 0.3629498779773712 0.6604487299919128 0.24613389372825623 0.736899197101593 0.3975212275981903
11 0.334735631942749 0.1447020173072815 0.613814115524292 0.21280092000961304 0.7564551830291748
9 0.3217768967151642 0.2275087684392929 0.5815865397453308 0.2831442356109619 0.6836360096931458
3 0.3165969252586365 0.48431846499443054 0.22650666534900665 0.5330029726028442 0.32544755935668945
9 0.3148578405380249 0.2831984758377075 0.028373703360557556 0.3289533853530884 0.12630225718021393
9 0.30721515417099 0.23576252162456512 0.40251249074935913 0.2888430058956146 0.5053921937942505
6 0.27127206325531006 0.15627571940422058 0.1576138138771057 0.20854857563972473 0.2816406488418579
5 0.2653600871562958 0.6614266037940979 0.5662767291069031 0.7385897040367126 0.7047402262687683
0 0.2568970322608948 0.6569709181785583 0.3655067980289459 0.7299759984016418 0.5123515725135803
