3 0.8761569857597351 0.46901655197143555 0.4022333323955536 0.5215662717819214 0.5005120038986206
2 0.8605280518531799 0.34757333993911743 0.2864193916320801 0.4072239398956299 0.42208266258239746
9 0.8511854410171509 0.22597679495811462 0.17250120639801025 0.2784405052661896 0.2843385934829712
8 0.7803066372871399 0.30261537432670593 0.3902755379676819 0.3633010685443878 0.5349919199943542
9 0.7407927513122559 0.31080737709999084 0.2422637641429901 0.35997435450553894 0.3484267294406891
3 0.7224559187889099 0.3827134370803833 0.2404508739709854 0.431068480014801 0.34015560150146484
3 0.6327743530273438 0.5452403426170349 0.298911988735199 0.597169816493988 0.40098851919174194
3 0.6137362718582153 0.5124929547309875 0.15617333352565765 0.5646573901176453 0.26377347111701965
6 0.5983707308769226 0.3752867579460144 0.4974655210971832 0.43806135654449463 0.6365230679512024
9 0.5852168798446655 0.2433408796787262 -0.0001718178391456604 0.29345080256462097 0.10189501196146011
7 0.5648577213287354 0.19276846945285797 0.27071574330329895 0.2633131146430969 0.45712360739707947
10 0.5322207808494568 0.26713767647743225 0.21662427484989166 0.3268616497516632 0.373073935508728
5 0.516008198261261 0.6614983081817627 0.5894748568534851 0.7378354072570801 0.7391126751899719
4 0.48025915026664734 0.4794660210609436 0.21663881838321686 0.5441659092903137 0.3780766725540161
11 0.41214337944984436 0.4862685203552246 0.578323483467102 0.5569624900817871 0.7263610363006592
8 0.3226826786994934 0.4001457989215851 0.04818015545606613 0.45352575182914734 0.1751914620399475
1 0.29976922273635864 0.6532555818557739 0.36611080169677734 0.7282456159591675 0.5384852886199951
9 0.2473798245191574 0.2333410382270813 0.5189693570137024 0.2912593483924866 0.6359314322471619
11 0.2003842294216156 0.16530953347682953 -0.010613419115543365 0.2206794172525406 0.09867546707391739
