3 0.8685628771781921 0.4758104085922241 0.4519273638725281 0.5289312601089478 0.5553821921348572
3 0.8629814982414246 0.4574267566204071 0.578192412853241 0.5104886889457703 0.6745820641517639
8 0.8329059481620789 0.37392181158065796 0.5144833326339722 0.4394264817237854 0.669935941696167
7 0.7422217130661011 0.10177148878574371 0.27375900745391846 0.17294065654277802 0.44794368743896484
9 0.73021000623703 0.29118144512176514 0.4652843773365021 0.3477005958557129 0.584337592124939
3 0.720065712928772 0.5048729777336121 0.2748793363571167 0.5528715252876282 0.37514054775238037
6 0.6686608195304871 0.3548939526081085 0.3211354613304138 0.4160652458667755 0.4627862572669983
9 0.6207286715507507 0.1988857239484787 0.20839810371398926 0.2537080645561218 0.3232661485671997
9 0.5691968202590942 0.3359861969947815 0.2378360778093338 0.3884316682815552 0.35064414143562317
1 0.49504247307777405 0.624222993850708 0.19998174905776978 0.6991755962371826 0.3720088601112366
10 0.439222514629364 0.3207700848579407 0.07599780708551407 0.3747115135192871 0.233973890542984
9 0.3831838369369507 0.15832078456878662 0.3168141841888428 0.2132921814918518 0.42819929122924805
5 0.3810705244541168 0.21393395960330963 0.019761167466640472 0.26675885915756226 0.14432945847511292
0 0.31021490693092346 0.4276869297027588 0.13076965510845184 0.4847981929779053 0.2722969651222229
2 0.24191315472126007 0.1702052354812622 0.540001392364502 0.24256634712219238 0.6960762739181519
8 0.22785869240760803 0.16093239188194275 0.6750686168670654 0.24498984217643738 0.837296724319458
