3 0.7307903170585632 0.47358447313308716 0.3493122160434723 0.5235583186149597 0.44907858967781067
3 0.6469610333442688 0.40106016397476196 0.23033298552036285 0.4507518410682678 0.3308943510055542
2 0.642489492893219 0.3665637671947479 0.2736254334449768 0.42917582392692566 0.4090697765350342
3 0.5442758202552795 0.5369737148284912 0.17475605010986328 0.5862337350845337 0.2759236693382263
9 0.5132524371147156 0.33689847588539124 0.23292458057403564 0.3856448233127594 0.3394486904144287
9 0.5024365782737732 0.24707014858722687 0.4959024488925934 0.30462339520454407 0.6065071821212769
5 0.4892653226852417 0.7574301362037659 0.6041543483734131 0.8330571055412292 0.7404969930648804
11 0.4892054796218872 0.4817872643470764 0.6049939393997192 0.5511026978492737 0.747692346572876
9 0.46739959716796875 0.25260043144226074 0.1756730079650879 0.30350661277770996 0.29141896963119507
3 0.4600756764411926 0.5693512558937073 0.2770976126194 0.6199522614479065 0.3829849660396576
7 0.3958083391189575 0.22215715050697327 0.27171674370765686 0.29114875197410583 0.45086929202079773
10 0.39451122283935547 0.298864483833313 0.22098982334136963 0.36045610904693604 0.3762913942337036
8 0.3812246322631836 0.32099300622940063 0.35017773509025574 0.38310903310775757 0.4956806004047394
1 0.35699790716171265 0.5417319536209106 0.37678590416908264 0.6168055534362793 0.5427342057228088
4 0.30999839305877686 0.4805699288845062 0.2168283760547638 0.5450496077537537 0.37227877974510193
6 0.25424447655677795 0.40750065445899963 0.4483848214149475 0.47054287791252136 0.5894463658332825
