3 0.7522155046463013 0.5243784189224243 0.2194231152534485 0.575150728225708 0.3198946714401245
9 0.7122800350189209 0.19415894150733948 0.12160846590995789 0.24895712733268738 0.2359500229358673
3 0.6979469060897827 0.347288578748703 0.12584750354290009 0.39532724022865295 0.22358252108097076
8 0.6681767106056213 0.15862366557121277 0.6719369292259216 0.2412930428981781 0.8381547331809998
3 0.6521770358085632 0.4978128671646118 0.47763174772262573 0.5519790649414062 0.580514132976532
6 0.6355128288269043 0.2895922362804413 0.355631023645401 0.35309889912605286 0.505934476852417
9 0.6334865689277649 0.16399350762367249 0.28328588604927063 0.2233189046382904 0.39620086550712585
5 0.5378159284591675 0.3974226415157318 0.3250986933708191 0.4636744558811188 0.4624602198600769
3 0.5269771814346313 0.4551689922809601 0.5952681303024292 0.5100520849227905 0.7007384300231934
10 0.5221399068832397 0.31526365876197815 0.05960652232170105 0.3768394887447357 0.2145979106426239
1 0.45615527033805847 0.6244361400604248 0.18464288115501404 0.6983048915863037 0.35322508215904236
6 0.4532013237476349 0.11520066857337952 0.09176771342754364 0.17220941185951233 0.23497946560382843
9 0.41823360323905945 0.34547513723373413 0.047430992126464844 0.39557117223739624 0.15096831321716309
2 0.3570113778114319 0.32371652126312256 0.6497762799263 0.40025556087493896 0.8051125407218933
9 0.3440440893173218 0.18273738026618958 0.36328554153442383 0.24171891808509827 0.4747422933578491
3 0.2430402785539627 0.39438629150390625 0.12246643006801605 0.44268035888671875 0.2257930189371109
7 0.2345457375049591 0.08363865315914154 0.36746442317962646 0.15587259829044342 0.5334324836730957
3 0.20643743872642517 0.5406228303909302 0.6339176893234253 0.6153249740600586 0.7706006765365601
