8 0.7948682904243469 0.3157864809036255 0.13955086469650269 0.37188124656677246 0.2774324417114258
9 0.7945416569709778 0.18746346235275269 0.28666654229164124 0.24026906490325928 0.39301928877830505
8 0.7802755832672119 0.11016218364238739 0.5389299988746643 0.18404234945774078 0.6822590231895447
9 0.7177304029464722 0.17925357818603516 0.40053361654281616 0.23311501741409302 0.5059639811515808
7 0.6621813178062439 0.12205278873443604 0.2509649097919464 0.19696128368377686 0.42660167813301086
9 0.6024772524833679 0.22615602612495422 0.17232227325439453 0.2773706614971161 0.2898898720741272
2 0.5517732501029968 0.3441251516342163 0.2780964970588684 0.40667033195495605 0.41811877489089966
6 0.5389702916145325 0.11360268294811249 0.3961580991744995 0.1787765771150589 0.5382741093635559
9 0.4570721983909607 0.25659623742103577 0.011945832520723343 0.3046287000179291 0.11541308462619781
11 0.4341764748096466 0.16626127064228058 0.6293336749076843 0.2429574579000473 0.7798098921775818
3 0.4274459481239319 0.5167792439460754 0.3398977518081665 0.5665069222450256 0.43810874223709106
3 0.38027939200401306 0.4901856780052185 0.09753605723381042 0.539282500743866 0.19215425848960876
9 0.3758992850780487 0.32743069529533386 0.6051527857780457 0.3826930820941925 0.7127602696418762
3 0.37477684020996094 0.499153733253479 0.16581466794013977 0.5486488342285156 0.2630174458026886
3 0.3423711955547333 0.37799885869026184 0.21797029674053192 0.4246710240840912 0.32050570845603943
10 0.34100866317749023 0.1554686427116394 0.21404549479484558 0.22358804941177368 0.37549152970314026
3 0.3365830183029175 0.5304214954376221 0.27168482542037964 0.5788638591766357 0.37500137090682983
1 0.3087887763977051 0.6384596824645996 0.2852860987186432 0.7156176567077637 0.44048258662223816
9 0.2913445234298706 0.33237868547439575 0.22755448520183563 0.3810805678367615 0.33379146456718445
9 0.20590990781784058 0.19155576825141907 0.5072689652442932 0.24817469716072083 0.6121154427528381
