8 0.8265339136123657 0.12221638858318329 0.4925089180469513 0.19424016773700714 0.63531893491745
9 0.6463338136672974 0.1992117315530777 0.2728178799152374 0.2503761947154999 0.37870851159095764
2 0.6087967157363892 0.36838674545288086 0.28612884879112244 0.42934322357177734 0.4234234392642975
9 0.5861421227455139 0.22866860032081604 0.18038895726203918 0.27857354283332825 0.29265448451042175
9 0.5829002261161804 0.1776130199432373 0.36942410469055176 0.2295166254043579 0.47273075580596924
7 0.5736784934997559 0.14243467152118683 0.2433953732252121 0.20612888038158417 0.4107716679573059
6 0.5354552268981934 0.12492072582244873 0.3638229966163635 0.18674540519714355 0.501287043094635
9 0.5346653461456299 0.3316371738910675 0.593109130859375 0.38623300194740295 0.7024284601211548
3 0.5304958820343018 0.5150363445281982 0.3388790786266327 0.5651090145111084 0.43549636006355286
1 0.4976579546928406 0.6373623609542847 0.2997620701789856 0.7174240350723267 0.4536844491958618
9 0.4696376621723175 0.2067955881357193 0.21233490109443665 0.2579326331615448 0.3201710879802704
11 0.4606122672557831 0.19873957335948944 0.6162713766098022 0.27287501096725464 0.7658365964889526
3 0.44153469800949097 0.5271646976470947 0.27347633242607117 0.5757925510406494 0.37483516335487366
3 0.4281724989414215 0.4915299117565155 0.11030587553977966 0.540246307849884 0.20531287789344788
10 0.40252208709716797 0.15974768996238708 0.20977461338043213 0.22500905394554138 0.37342560291290283
9 0.3711708188056946 0.24589301645755768 0.08335504680871964 0.2962130010128021 0.1854584515094757
4 0.36867690086364746 0.6454148292541504 0.22113384306430817 0.720496416091919 0.367037296295166
9 0.3545733094215393 0.24717116355895996 0.017146214842796326 0.29334020614624023 0.11849053204059601
3 0.3261546194553375 0.376019150018692 0.19398289918899536 0.42371830344200134 0.30029356479644775
3 0.3010290265083313 0.506572961807251 0.17935477197170258 0.5559900999069214 0.2760312557220459
