3 0.7303345203399658 0.4020492434501648 0.23706376552581787 0.4528958797454834 0.3364596366882324
3 0.729040265083313 0.47870737314224243 0.37468627095222473 0.5292597413063049 0.47206470370292664
9 0.5231069922447205 0.3483452796936035 0.25133904814720154 0.39714252948760986 0.35818132758140564
2 0.5109046101570129 0.34907376766204834 0.28099459409713745 0.413324236869812 0.41998666524887085
5 0.5082671046257019 0.7587363123893738 0.6004289984703064 0.8342575430870056 0.7375968098640442
9 0.4755212962627411 0.263640820980072 0.18415509164333344 0.3144673705101013 0.2994174063205719
3 0.4644423723220825 0.5317158102989197 0.1793403923511505 0.5815871357917786 0.2806207239627838
3 0.45664599537849426 0.5575375556945801 0.29545918107032776 0.6080540418624878 0.3994925320148468
11 0.4484938085079193 0.49108055233955383 0.5991163849830627 0.5605689883232117 0.7420193552970886
7 0.4351690709590912 0.23132933676242828 0.2809271812438965 0.3007197380065918 0.4598260521888733
10 0.39846110343933105 0.3121177852153778 0.23664799332618713 0.3739883601665497 0.39453503489494324
1 0.3787374198436737 0.5591888427734375 0.3862318992614746 0.6360399723052979 0.5502265691757202
9 0.3736487627029419 0.2495613694190979 0.4806358516216278 0.30664533376693726 0.5897003412246704
4 0.2606225311756134 0.47042423486709595 0.20683202147483826 0.5337827801704407 0.35714152455329895
