2 0.6172242760658264 0.35927489399909973 0.32097524404525757 0.4264836013317108 0.4612407088279724
11 0.6082469820976257 0.15068374574184418 0.21756315231323242 0.20861811935901642 0.3475703001022339
4 0.41515904664993286 0.49714893102645874 0.24374160170555115 0.5598573088645935 0.40130385756492615
3 0.40872442722320557 0.4720119535923004 0.35025662183761597 0.5226307511329651 0.4476413130760193
9 0.35209017992019653 0.3406406044960022 0.2704520523548126 0.3894385099411011 0.3746975362300873
9 0.3442407548427582 0.3112450838088989 0.13633398711681366 0.3616484999656677 0.24834014475345612
9 0.3230612874031067 0.22225543856620789 0.02477015182375908 0.2750057876110077 0.13765273988246918
7 0.28846320509910583 0.21060125529766083 0.3111664354801178 0.2781330943107605 0.47882023453712463
10 0.2842463254928589 0.2772568464279175 0.25104260444641113 0.337558388710022 0.406985878944397
1 0.22809292376041412 0.5729727149009705 0.3976351022720337 0.6490911841392517 0.5546448826789856
9 0.22464793920516968 0.2216057926416397 0.6131623387336731 0.27615055441856384 0.7128527760505676
5 0.20043303072452545 0.7795334458351135 0.6609959006309509 0.8538865447044373 0.8003048300743103
