3 0.7956211566925049 0.46643057465553284 0.43962618708610535 0.5204620361328125 0.5429307222366333
9 0.6895636916160583 0.2990129292011261 0.46739938855171204 0.35474392771720886 0.5853237509727478
3 0.6681920886039734 0.4926304519176483 0.21937794983386993 0.5422094464302063 0.3224179446697235
7 0.6633103489875793 0.08879095315933228 0.22300446033477783 0.15966224670410156 0.41813892126083374
3 0.6497693657875061 0.46237972378730774 0.5627444982528687 0.5164167881011963 0.6631494760513306
6 0.6088506579399109 0.351900577545166 0.3251497447490692 0.4141778349876404 0.4676889479160309
10 0.5710501670837402 0.30526506900787354 0.09842301905155182 0.3626400828361511 0.2492840737104416
9 0.5582201480865479 0.1859591007232666 0.17930884659290314 0.23863494396209717 0.29168635606765747
9 0.5246767997741699 0.24761027097702026 0.28387776017189026 0.299530565738678 0.4004194438457489
8 0.4747191071510315 0.15559545159339905 0.674958348274231 0.23915615677833557 0.8374165296554565
9 0.4193125069141388 0.15015190839767456 0.3037732243537903 0.20404744148254395 0.4201158881187439
11 0.26516494154930115 0.1217789500951767 0.04777447134256363 0.1786920577287674 0.1845187246799469
2 0.21402013301849365 0.16646748781204224 0.5351947546005249 0.23649436235427856 0.6887103319168091
1 0.20855607092380524 0.6187050342559814 0.2009630799293518 0.6937824487686157 0.35827380418777466
0 0.2038988620042801 0.41041359305381775 0.16899503767490387 0.47189489006996155 0.32173389196395874
