2 0.8236281275749207 0.3385216295719147 0.277929425239563 0.40020158886909485 0.41690242290496826
9 0.8119908571243286 0.2299538552761078 0.17771226167678833 0.28146055340766907 0.2880951762199402
3 0.7841913104057312 0.4696071147918701 0.4062902331352234 0.5222169160842896 0.5069817900657654
8 0.7012130618095398 0.13057057559490204 0.5537136197090149 0.2098565250635147 0.700988233089447
9 0.6989307999610901 0.3228629231452942 0.2550623118877411 0.37305498123168945 0.3624240458011627
3 0.6906070709228516 0.37726372480392456 0.23890233039855957 0.42749500274658203 0.34174221754074097
3 0.6511766314506531 0.5544353723526001 0.32465845346450806 0.6062344312667847 0.42436152696609497
3 0.6147028803825378 0.5175674557685852 0.17035000026226044 0.5697311758995056 0.2682570517063141
9 0.5378838777542114 0.2495156228542328 0.007108256220817566 0.2994050085544586 0.10867609083652496
5 0.5271825790405273 0.6668639183044434 0.5669363141059875 0.7428208589553833 0.7171751856803894
10 0.524287223815918 0.273361474275589 0.22313281893730164 0.33527395129203796 0.3854886591434479
8 0.5116753578186035 0.3923068642616272 0.07399002462625504 0.4508931040763855 0.2141565978527069
7 0.49993422627449036 0.18939541280269623 0.2670796811580658 0.25995153188705444 0.4504757225513458
4 0.4623309373855591 0.47171953320503235 0.20988306403160095 0.5351605415344238 0.36878886818885803
6 0.3505994975566864 0.37128549814224243 0.4616835117340088 0.4332074522972107 0.6009485721588135
3 0.3080030679702759 0.5124402046203613 0.06307195872068405 0.5627572536468506 0.16409236192703247
11 0.26065129041671753 0.16525080800056458 0.6317629218101501 0.24278005957603455 0.7835847735404968
1 0.22664552927017212 0.6612250804901123 0.3545241951942444 0.7372639179229736 0.5248334407806396
