3 0.9053937792778015 0.3476983606815338 0.1458074003458023 0.39640137553215027 0.24113379418849945
2 0.8690268993377686 0.3774062395095825 0.1878167986869812 0.4391423463821411 0.32022523880004883
9 0.7908737659454346 0.17774738371372223 0.31173205375671387 0.23440663516521454 0.4252430200576782
9 0.6946373581886292 0.18937955796718597 0.12969888746738434 0.24315406382083893 0.24447660148143768
3 0.686349630355835 0.5129980444908142 0.23111647367477417 0.5648571848869324 0.3347148895263672
8 0.6059302091598511 0.15816958248615265 0.6716409921646118 0.24175648391246796 0.8345702886581421
3 0.567879319190979 0.45706358551979065 0.5885769128799438 0.5106250047683716 0.6927706003189087
3 0.5660063028335571 0.48712557554244995 0.4460793733596802 0.5409395098686218 0.553006112575531
10 0.5477297306060791 0.3074679970741272 0.055681854486465454 0.36819320917129517 0.21326038241386414
1 0.46192342042922974 0.6213042140007019 0.18121081590652466 0.6942405104637146 0.3472384214401245
6 0.43237024545669556 0.2944360077381134 0.3732515275478363 0.3545755445957184 0.5213677883148193
6 0.4264927804470062 0.1127181425690651 0.083705373108387 0.16951949894428253 0.22582405805587769
9 0.3802090287208557 0.18771106004714966 0.374386727809906 0.2453247308731079 0.48467206954956055
9 0.3584316372871399 0.3056590259075165 0.4173969030380249 0.360769659280777 0.5341464281082153
5 0.2245972603559494 0.4542369842529297 0.04299516975879669 0.510144829750061 0.1760767549276352
5 0.2195708006620407 0.39940643310546875 0.15002010762691498 0.45362430810928345 0.2725513279438019
7 0.21634255349636078 0.09021483361721039 0.3578265607357025 0.16452361643314362 0.530730664730072
3 0.20648063719272614 0.5392352342605591 0.6346022486686707 0.6132818460464478 0.771064817905426
