0 0.6727031469345093 0.5249629020690918 0.06510348618030548 0.5774928331375122 0.18217824399471283
0 0.6401552557945251 0.5563169717788696 0.08008326590061188 0.6061720848083496 0.1977551430463791
0 0.6150138974189758 0.47522008419036865 0.0901847779750824 0.5394221544265747 0.23971685767173767
0 0.5389373898506165 0.2490016520023346 0.053975626826286316 0.31336113810539246 0.1957520991563797
0 0.49997276067733765 -1.1360496282577515 -0.7390384674072266 2.751650333404541 1.2137950658798218
0 0.49997109174728394 0.2491738498210907 -0.1616479456424713 0.607208251953125 0.49278756976127625
0 0.49996960163116455 0.19332601130008698 0.05298209190368652 0.337610125541687 0.1116408109664917
0 0.4999570846557617 -1.1314315795898438 -0.12250800430774689 1.9374027252197266 0.2990490794181824
0 0.4999558627605438 -0.03701668232679367 0.02308456227183342 0.1839267611503601 0.04330422356724739
0 0.49995532631874084 -0.03136243671178818 0.014889675192534924 0.1708468496799469 0.03788052126765251
0 0.49995434284210205 -0.5496683120727539 -0.30697280168533325 1.946089506149292 1.5425117015838623
0 0.4999527335166931 -1.052155613899231 -0.1432240605354309 1.8353382349014282 0.7812425494194031
0 0.49995189905166626 0.19422748684883118 0.38184934854507446 0.33831605315208435 0.44693076610565186
0 0.499930202960968 -0.09417939186096191 0.004317597486078739 0.19821220636367798 0.02018354833126068
0 0.4973231554031372 0.5762799978256226 0.10276787728071213 0.6387081146240234 0.24901819229125977
