0 0.9661136269569397 0.5739336609840393 0.4743029475212097 0.6288725733757019 0.5948020815849304
1 0.9500966668128967 0.4282160699367523 0.3412564694881439 0.49191346764564514 0.484479695558548
1 0.9470599293708801 0.29732146859169006 0.06909342110157013 0.35408976674079895 0.189584419131279
0 0.9378879070281982 0.5338598489761353 0.5592647790908813 0.5887088775634766 0.6688075065612793
0 0.9340865015983582 0.569178581237793 0.25968843698501587 0.6226122379302979 0.3848816156387329
0 0.9224064350128174 0.6544272303581238 0.2599301040172577 0.7068169713020325 0.37640032172203064
1 0.9213668704032898 0.27095744013786316 0.27670979499816895 0.328456312417984 0.39820384979248047
1 0.8769825100898743 0.354488730430603 0.49469444155693054 0.41777336597442627 0.6263446807861328
1 0.8707267045974731 0.1651604175567627 0.19916430115699768 0.23825371265411377 0.37563464045524597
1 0.8397047519683838 0.39491644501686096 0.04271943122148514 0.452301949262619 0.20316720008850098
1 0.8227626085281372 0.4205266833305359 0.22638538479804993 0.4806141257286072 0.3599538505077362
1 0.7269654273986816 0.475578248500824 0.5385940074920654 0.5471717715263367 0.6864838600158691
0 0.586086630821228 0.3041563034057617 0.009751647710800171 0.35890841484069824 0.13820120692253113
0 0.499988853931427 -0.9753085374832153 -1.2244765758514404 2.613619804382324 1.5028512477874756
0 0.49998876452445984 -1.326778769493103 -0.0986480712890625 2.154289960861206 0.2085995078086853
0 0.4999883770942688 -0.049434587359428406 0.006733182817697525 0.1415710300207138 0.018837448209524155
0 0.4999745488166809 -0.03725206106901169 0.028945351019501686 0.15761983394622803 0.04682449251413345
0 0.4999634027481079 -0.014018416404724121 0.007758280262351036 0.17831921577453613 0.03381369262933731
0 0.49996334314346313 -0.44404715299606323 -0.0635375827550888 1.4894559383392334 0.2296144813299179
0 0.4999576210975647 0.3207278847694397 -0.11913102865219116 0.5803715586662292 0.5027448534965515
