0 0.953728437423706 0.5182214975357056 0.20790724456310272 0.5729807615280151 0.3239031434059143
1 0.8856472373008728 0.46007975935935974 0.22386670112609863 0.510360062122345 0.3378922939300537
0 0.8855715990066528 0.5763118267059326 0.36862871050834656 0.6449986696243286 0.553164541721344
1 0.8802338242530823 0.2842906415462494 0.3212141692638397 0.3488353192806244 0.46670302748680115
1 0.8766717910766602 0.3719142973423004 0.1914289891719818 0.4322566092014313 0.3633405864238739
0 0.7935987114906311 0.4591101408004761 0.01074201986193657 0.5145993232727051 0.13052646815776825
1 0.7429489493370056 0.33841872215270996 0.556614875793457 0.3955714702606201 0.6740530729293823
0 0.5465290546417236 0.39563262462615967 0.04246802628040314 0.45675450563430786 0.18975363671779633
1 0.5078679919242859 0.21616113185882568 0.0450843945145607 0.278709352016449 0.18445560336112976
0 0.4999846816062927 -0.9488091468811035 -0.9853348731994629 2.495419502258301 1.5368082523345947
0 0.4999842047691345 -0.9803604483604431 -0.06083501875400543 1.7005493640899658 0.2649884819984436
0 0.49998360872268677 -0.007591508328914642 0.039295073598623276 0.16439858078956604 0.06060296669602394
0 0.49996209144592285 0.26757800579071045 -0.09138453006744385 0.5905854105949402 0.4449993371963501
0 0.4999600946903229 0.205047607421875 0.0637933611869812 0.3659300208091736 0.12956547737121582
0 0.4999540448188782 -0.08031617105007172 0.004117694683372974 0.18513737618923187 0.021683309227228165
0 0.49993279576301575 -0.03472433239221573 0.010689632967114449 0.1812366545200348 0.038758084177970886
0 0.49980342388153076 -0.4513857364654541 -0.2212899923324585 1.8217670917510986 1.4476509094238281
0 0.4998011291027069 0.15705901384353638 0.37173330783843994 0.35146379470825195 0.46121907234191895
0 0.4998008608818054 -0.7802634239196777 0.013907790184020996 1.5102472305297852 0.6277057528495789
