0 0.659709632396698 0.5578490495681763 0.081551194190979 0.6077827215194702 0.19919604063034058
0 0.651407778263092 0.5230954885482788 0.0659603700041771 0.57506263256073 0.18194743990898132
0 0.5823944807052612 0.4771827459335327 0.0877637192606926 0.5426784753799438 0.23800629377365112
0 0.5541115999221802 0.2647736668586731 0.05428074300289154 0.3292613625526428 0.19623024761676788
0 0.5407441258430481 0.7096651196479797 0.0594683438539505 0.7616197466850281 0.17675726115703583
0 0.4999658465385437 -0.028466664254665375 0.011739629320800304 0.17034843564033508 0.03240738436579704
0 0.4999655783176422 -0.9944759011268616 -1.0526313781738281 2.6715893745422363 1.4001703262329102
0 0.49996501207351685 -0.6065559387207031 -0.09292058646678925 1.6818997859954834 0.2505332827568054
0 0.49996253848075867 -0.026487156748771667 0.025608908385038376 0.17712382972240448 0.04539619758725166
0 0.4999576508998871 -0.0831185132265091 0.004618034232407808 0.1788191944360733 0.01825810968875885
0 0.4999048411846161 0.2895393967628479 -0.14059340953826904 0.6228978037834167 0.4491291046142578
0 0.4999013841152191 0.1788511574268341 0.03566393628716469 0.36159107089042664 0.10102126002311707
0 0.4998687207698822 -0.45520299673080444 -0.2062872052192688 1.8624792098999023 1.4407315254211426
0 0.49986380338668823 -0.8246874213218689 -0.08211696147918701 1.6691837310791016 0.7090175151824951
0 0.4998616874217987 0.17935693264007568 0.35608065128326416 0.3572455048561096 0.4304172992706299
0 0.45834726095199585 0.5765373706817627 0.10287144035100937 0.6393153667449951 0.24902918934822083
