0 0.6697107553482056 0.523004949092865 0.06697162985801697 0.5755448937416077 0.18345984816551208
0 0.6443936228752136 0.5547576546669006 0.08113989233970642 0.6046811938285828 0.19872161746025085
0 0.6119981408119202 0.47273579239845276 0.09137502312660217 0.5372779965400696 0.2405652105808258
0 0.5356552004814148 0.24720978736877441 0.053833313286304474 0.3114074468612671 0.19539576768875122
0 0.4999912977218628 -1.257707953453064 -1.4001047611236572 2.9576263427734375 1.6724853515625
0 0.49999117851257324 -0.04376411437988281 0.007567682769149542 0.1377960443496704 0.0197612252086401
0 0.4999910593032837 -1.1632297039031982 -0.11265701055526733 2.2106523513793945 0.22204142808914185
0 0.4999907314777374 -0.0780724585056305 0.003424289170652628 0.1460103690624237 0.011663315817713737
0 0.4999810755252838 -0.044307366013526917 0.0144357206299901 0.1532563716173172 0.028521407395601273
0 0.4999743103981018 0.24897849559783936 -0.17502877116203308 0.6159290075302124 0.4183783233165741
0 0.49997347593307495 0.1499098241329193 0.01959284208714962 0.2967158854007721 0.06703392416238785
0 0.4999673366546631 -0.6528351902961731 -0.3956778049468994 2.0803885459899902 1.616539716720581
0 0.4999663829803467 -1.133385181427002 -0.10837212204933167 1.9424235820770264 0.7025661468505859
0 0.49996596574783325 0.1783720850944519 0.3373589515686035 0.31503963470458984 0.3959953188896179
0 0.4977080523967743 0.5752578377723694 0.10431455820798874 0.637576162815094 0.2504820227622986
0 0.40439391136169434 0.6792098879814148 0.3371564745903015 0.7419508099555969 0.487934947013855
