0 0.673072099685669 0.5238155722618103 0.06757649779319763 0.5758940577507019 0.1835291087627411
0 0.6629761457443237 0.5548923015594482 0.07659538090229034 0.6047520637512207 0.19549791514873505
0 0.6019657850265503 0.4736486077308655 0.09070341289043427 0.5385561585426331 0.24025394022464752
0 0.5706437230110168 0.577417254447937 0.09939651191234589 0.6392929553985596 0.24580462276935577
0 0.5418927073478699 0.26276299357414246 0.05547070503234863 0.3273184597492218 0.19718027114868164
0 0.4999823570251465 -1.1255556344985962 -1.2146048545837402 2.8154549598693848 1.5302491188049316
0 0.4999823570251465 -0.03572934865951538 0.00980115495622158 0.1528061032295227 0.025659555569291115
0 0.49998196959495544 -0.9076324701309204 -0.10200382769107819 1.9778348207473755 0.23601223528385162
0 0.49997442960739136 -0.08406636118888855 0.0037487237714231014 0.16641506552696228 0.014922728762030602
0 0.49997299909591675 -0.031875282526016235 0.021029170602560043 0.16636237502098083 0.03892797604203224
0 0.4999614357948303 0.265765905380249 -0.15308469533920288 0.6252796053886414 0.42939722537994385
0 0.4999600350856781 0.1655651479959488 0.025875315070152283 0.3213142156600952 0.0806172639131546
0 0.49992799758911133 -0.49609214067459106 -0.2863176465034485 1.912999153137207 1.5132431983947754
0 0.4999256730079651 -0.9662325382232666 -0.08766132593154907 1.8033459186553955 0.7004230618476868
0 0.4999246895313263 0.18162702023983002 0.3512957692146301 0.33866918087005615 0.42018067836761475
