0 0.6494925618171692 0.5167333483695984 0.06831303238868713 0.5685320496559143 0.18273833394050598
0 0.6239283084869385 0.5458711981773376 0.08009453117847443 0.5950921177864075 0.19771437346935272
0 0.6064808368682861 0.46729061007499695 0.08887295424938202 0.5326350927352905 0.23849798738956451
0 0.6021143198013306 0.5486733913421631 0.36814457178115845 0.6229616403579712 0.5575605034828186
0 0.5620168447494507 0.5655543208122253 0.0994197279214859 0.6283523440361023 0.24626342952251434
0 0.5552306175231934 0.25537046790122986 0.05473268777132034 0.32002320885658264 0.19657212495803833
0 0.4999868869781494 -1.238621711730957 -1.2949705123901367 2.9349403381347656 1.5902769565582275
0 0.49998676776885986 -0.04305163025856018 0.00825454294681549 0.14614447951316833 0.021730288863182068
0 0.49998652935028076 -1.057441234588623 -0.10841579735279083 2.1188266277313232 0.2296462208032608
0 0.49998170137405396 -0.08754711598157883 0.0032137855887413025 0.16108596324920654 0.012639559805393219
0 0.49997878074645996 -0.03593014180660248 0.01961047761142254 0.1600811928510666 0.035464808344841
0 0.49997466802597046 0.25331634283065796 -0.16793709993362427 0.6209484934806824 0.4261605739593506
0 0.49997368454933167 0.15619099140167236 0.02391103096306324 0.3031027913093567 0.07204613089561462
0 0.49993425607681274 -0.517092764377594 -0.29810744524002075 1.9289815425872803 1.5315988063812256
0 0.4999321401119232 -1.0331300497055054 -0.09586215019226074 1.8549307584762573 0.7068456411361694
0 0.4999311566352844 0.17766916751861572 0.3525007963180542 0.33332324028015137 0.41823697090148926
