0 0.6680082082748413 0.5190923810005188 0.0673169195652008 0.5716459155082703 0.18383952975273132
0 0.6231409311294556 0.5489587783813477 0.08236876130104065 0.5988976955413818 0.20079943537712097
0 0.6077635288238525 0.4716130197048187 0.09085224568843842 0.5361992120742798 0.24044181406497955
0 0.5360161066055298 0.2515397071838379 0.05308981239795685 0.3158682584762573 0.19486843049526215
0 0.4999915361404419 -0.8589876294136047 -1.317266821861267 2.5339035987854004 1.5552138090133667
0 0.499991238117218 -1.9039037227630615 -0.10276807844638824 2.774817705154419 0.1892532855272293
0 0.4999909996986389 -0.07606823742389679 0.003612485248595476 0.14530129730701447 0.01197877898812294
0 0.49999091029167175 -0.04395537078380585 0.007128735072910786 0.13842175900936127 0.019384663552045822
0 0.49997997283935547 -0.043994031846523285 0.015519543550908566 0.15479305386543274 0.030119672417640686
0 0.49997377395629883 0.25184887647628784 -0.17447581887245178 0.6237829923629761 0.4117601215839386
0 0.499972939491272 0.14732301235198975 0.018204381689429283 0.29469120502471924 0.0654868558049202
0 0.4999611973762512 -1.1126794815063477 -0.1036873459815979 1.925306797027588 0.6997913718223572
0 0.4999607801437378 0.17758741974830627 0.33897751569747925 0.3180753290653229 0.39929836988449097
0 0.4992086887359619 0.5649411678314209 0.10507206618785858 0.6274499893188477 0.25119078159332275
