0 0.951553463935852 0.5807565450668335 0.25914841890335083 0.635212779045105 0.381089985370636
0 0.9358118772506714 0.3568502366542816 0.34905052185058594 0.4126056730747223 0.46770989894866943
0 0.7881845235824585 0.5574285387992859 0.4991304874420166 0.6126149296760559 0.612934947013855
1 0.7831004858016968 0.42170917987823486 0.45807498693466187 0.4876493811607361 0.5978255867958069
0 0.7649056911468506 0.2267674207687378 0.07139460742473602 0.29131799936294556 0.20822246372699738
0 0.7230052947998047 0.46875840425491333 0.04694335162639618 0.5214190483093262 0.16247262060642242
1 0.7023764252662659 0.2958439886569977 0.27669718861579895 0.3532660901546478 0.3913409411907196
0 0.4999847710132599 -0.8566812872886658 -1.1820186376571655 2.4966654777526855 1.4906197786331177
0 0.49998438358306885 -1.190934181213379 -0.07030464708805084 2.0332038402557373 0.1962691694498062
0 0.49998408555984497 -0.05596025288105011 0.007720539346337318 0.15502192080020905 0.02167915366590023
0 0.4999704658985138 -0.02208339422941208 0.034009575843811035 0.1691575050354004 0.05711400508880615
0 0.4999513626098633 -0.035763971507549286 0.009028450585901737 0.16851115226745605 0.032362863421440125
0 0.49988582730293274 0.26302990317344666 -0.08670392632484436 0.619917631149292 0.4139207899570465
0 0.49988463521003723 0.1769169121980667 0.04597124457359314 0.36826902627944946 0.12433108687400818
0 0.4998379349708557 -0.37727850675582886 -0.25466763973236084 1.739246129989624 1.4879274368286133
0 0.4998375177383423 -0.8029305934906006 0.029306471347808838 1.5388965606689453 0.6190077662467957
0 0.4998326897621155 0.17007192969322205 0.3768019676208496 0.35478487610816956 0.46729373931884766
0 0.4863395690917969 0.6032737493515015 0.22464174032211304 0.6630567312240601 0.3658960461616516
