0 0.9884716272354126 0.5620301961898804 0.2579820156097412 0.618383526802063 0.3777221441268921
1 0.9498423337936401 0.2991813123226166 0.07476656138896942 0.35630670189857483 0.19469864666461945
1 0.9424318075180054 0.4298609495162964 0.37475723028182983 0.4906008839607239 0.5183913707733154
1 0.9123671054840088 0.44841626286506653 0.25864726305007935 0.5081900954246521 0.3948879837989807
1 0.9078308939933777 0.25935766100883484 0.27778714895248413 0.31783607602119446 0.398598313331604
1 0.8931314945220947 0.16274172067642212 0.20177271962165833 0.23618441820144653 0.3797859847545624
0 0.8875484466552734 0.5508530735969543 0.5223066210746765 0.6057938933372498 0.6313666701316833
1 0.8539208173751831 0.40089526772499084 0.05049566179513931 0.4586087167263031 0.21105262637138367
1 0.7695494294166565 0.5052493214607239 0.549109935760498 0.5758113265037537 0.6943570375442505
0 0.6264002323150635 0.3711351752281189 0.46256914734840393 0.42718368768692017 0.5835716128349304
0 0.5901942253112793 0.30431053042411804 0.008999370038509369 0.35888245701789856 0.1366238296031952
0 0.49998873472213745 -0.9652667045593262 -1.2374361753463745 2.6070845127105713 1.507508397102356
0 0.4999886155128479 -1.4047744274139404 -0.09766490757465363 2.231597900390625 0.2043190747499466
0 0.49998825788497925 -0.05261673033237457 0.006370987743139267 0.1409812718629837 0.017991039901971817
0 0.4999786913394928 -0.038543395698070526 0.02664054185152054 0.15252619981765747 0.04351567476987839
0 0.4999695420265198 -0.4800812005996704 -0.06661850214004517 1.5214365720748901 0.23162424564361572
0 0.4999695420265198 -0.011971995234489441 0.008309561759233475 0.17439322173595428 0.03338668867945671
0 0.4999605417251587 0.31810271739959717 -0.12311768531799316 0.5790219902992249 0.5026218891143799
0 0.49995774030685425 0.24649696052074432 0.09077408164739609 0.40706026554107666 0.16727235913276672
0 0.49993860721588135 -0.5237641930580139 -0.33868128061294556 1.9000647068023682 1.5934789180755615
