0 0.9853919148445129 0.5637210607528687 0.22860868275165558 0.6209810972213745 0.35527533292770386
0 0.9715806841850281 0.3340354263782501 0.3583396077156067 0.39079561829566956 0.47900134325027466
1 0.9506698846817017 0.2601988911628723 0.2615870237350464 0.3190654516220093 0.381058931350708
1 0.9428684115409851 0.44906091690063477 0.35124337673187256 0.513448178768158 0.5020245313644409
1 0.9417412281036377 0.295224130153656 0.08613718301057816 0.3523041605949402 0.20606350898742676
1 0.9037703275680542 0.4210057556629181 0.23531439900398254 0.4814877212047577 0.3722018897533417
0 0.8756515383720398 0.5503938794136047 0.5271169543266296 0.6059703230857849 0.6425154805183411
1 0.8426762223243713 0.17125746607780457 0.20941947400569916 0.24314019083976746 0.3869513273239136
1 0.617685079574585 0.3696339726448059 0.46111103892326355 0.4257168769836426 0.5795499682426453
1 0.5832845568656921 0.41466590762138367 0.048086270689964294 0.4699884355068207 0.20568712055683136
0 0.5802786946296692 0.298756867647171 0.009958863258361816 0.3538080155849457 0.13872617483139038
0 0.4999879002571106 -0.9540084600448608 -1.2697230577468872 2.5932083129882812 1.5560780763626099
0 0.4999876320362091 -1.5253875255584717 -0.07544992864131927 2.355564832687378 0.1870850771665573
0 0.4999871850013733 -0.06112923473119736 0.006498032249510288 0.1466195285320282 0.017714567482471466
0 0.49998193979263306 0.27742713689804077 -0.12472569942474365 0.5677648782730103 0.4675096869468689
0 0.4999806582927704 0.2039821594953537 0.06507496535778046 0.3451277017593384 0.1258821040391922
0 0.4999774098396301 -0.029392890632152557 0.009806092828512192 0.156627357006073 0.029525164514780045
0 0.49997156858444214 -0.030982747673988342 0.034282416105270386 0.16744811832904816 0.055771321058273315
0 0.4998610317707062 -0.44416356086730957 -0.2650694251060486 1.7892789840698242 1.5147626399993896
0 0.499859094619751 -0.9180235862731934 0.007661759853363037 1.6184055805206299 0.6331518292427063
