0 0.9761417508125305 0.4819711148738861 0.22899353504180908 0.533650279045105 0.3381354808807373
0 0.9663572311401367 0.6601513624191284 0.15990492701530457 0.7123290300369263 0.2684793770313263
0 0.9577047824859619 0.6774076223373413 0.06005384027957916 0.7284277677536011 0.16736118495464325
0 0.9309341311454773 0.6241768598556519 0.6538078784942627 0.67931067943573 0.7625617980957031
0 0.9246304035186768 0.6014635562896729 0.036032535135746 0.6552524566650391 0.16264083981513977
1 0.9245656132698059 0.26539725065231323 0.3783499598503113 0.3202515244483948 0.48785310983657837
1 0.9239038825035095 0.2561906576156616 0.49064338207244873 0.3082462549209595 0.5964773893356323
1 0.8803818225860596 0.1764409840106964 0.29187270998954773 0.2497967779636383 0.45612213015556335
0 0.8760923147201538 0.7010363340377808 0.34861016273498535 0.7533702850341797 0.45383167266845703
0 0.8754335045814514 0.4124894142150879 0.32186755537986755 0.47893470525741577 0.47283950448036194
0 0.8666679859161377 0.5360578894615173 0.0067898668348789215 0.5847226977348328 0.11712229251861572
1 0.8514419794082642 0.16871453821659088 0.5189350843429565 0.2437978833913803 0.6631262302398682
1 0.8494850993156433 0.3121991455554962 -0.008173573762178421 0.3607945144176483 0.09833626449108124
1 0.8404368162155151 0.44945594668388367 0.2201903760433197 0.5005483031272888 0.3313385546207428
1 0.8262725472450256 0.18352574110031128 0.18232983350753784 0.2516813278198242 0.3363584876060486
1 0.8174228668212891 0.148186594247818 0.44192859530448914 0.2178640067577362 0.575413703918457
1 0.8134864568710327 0.32410603761672974 0.131333589553833 0.37467116117477417 0.24263995885849
1 0.7840820550918579 0.23066647350788116 -0.015891022980213165 0.2845734655857086 0.09577751904726028
0 0.7456968426704407 0.7077858448028564 0.43011748790740967 0.7594352960586548 0.5357131958007812
0 0.7163249850273132 0.7993013262748718 0.29838037490844727 0.8744227290153503 0.4896125793457031
