1 0.9201673865318298 0.3251090347766876 0.2646879255771637 0.39000919461250305 0.41043850779533386
0 0.9183894395828247 0.5014558434486389 0.18209834396839142 0.5527918934822083 0.29360657930374146
0 0.9117017984390259 0.6797546744346619 0.322573721408844 0.7443483471870422 0.4880794882774353
1 0.9036700129508972 0.15761059522628784 0.30651119351387024 0.22985702753067017 0.46147260069847107
0 0.8885159492492676 0.5864430069923401 0.2530614733695984 0.6473285555839539 0.39288753271102905
1 0.8864680528640747 0.41352328658103943 0.17484554648399353 0.46277424693107605 0.2880580723285675
1 0.8804609775543213 0.23159116506576538 0.37866705656051636 0.28590983152389526 0.4910246729850769
1 0.8781778812408447 0.19582499563694 0.039426080882549286 0.2511533796787262 0.17061221599578857
0 0.8774311542510986 0.553041398525238 0.1141103059053421 0.60420161485672 0.2257104367017746
1 0.868497908115387 0.3999372720718384 0.4788013994693756 0.4546869993209839 0.5953455567359924
0 0.8673524856567383 0.5565603375434875 0.47135934233665466 0.6077070832252502 0.5879221558570862
1 0.853429913520813 0.2519285976886749 0.29116129875183105 0.3048195540904999 0.40436601638793945
1 0.851011335849762 0.12101386487483978 0.5777883529663086 0.1881820112466812 0.7295887470245361
0 0.8333343863487244 0.6291525959968567 0.2516503930091858 0.6798726916313171 0.36351722478866577
1 0.808660089969635 0.414145290851593 0.6789635419845581 0.48719799518585205 0.8260858058929443
0 0.8081899285316467 0.7069529891014099 0.020650174468755722 0.7609241604804993 0.13991770148277283
0 0.7882605195045471 0.5047720670700073 0.39289408922195435 0.5566235780715942 0.5070099234580994
1 0.7724148631095886 0.327199250459671 0.10446757078170776 0.38628116250038147 0.25048357248306274
0 0.7630965709686279 0.8138167262077332 0.685386061668396 0.8854944109916687 0.8270227909088135
0 0.7504593133926392 0.6980213522911072 0.6543349623680115 0.7541552186012268 0.7698554396629333
