0 0.9621114730834961 0.6292506456375122 0.268733412027359 0.6851963996887207 0.3843711316585541
0 0.9455006718635559 0.590137779712677 0.4620458483695984 0.6448058485984802 0.5802838206291199
0 0.9426838159561157 0.5298203229904175 0.5579107403755188 0.5854097604751587 0.669029176235199
1 0.9405030608177185 0.2612856924533844 0.2896164655685425 0.31893524527549744 0.4077509641647339
1 0.9339334964752197 0.2909480631351471 0.09134261310100555 0.34497877955436707 0.2117864042520523
0 0.9279237389564514 0.5158028602600098 0.13194137811660767 0.5714316368103027 0.28426551818847656
0 0.9266558885574341 0.3129737973213196 0.3498334288597107 0.37477779388427734 0.500497579574585
1 0.9103152751922607 0.41244909167289734 0.3349403440952301 0.4784013330936432 0.4858558475971222
1 0.8723006844520569 0.16421069204807281 0.21811549365520477 0.23581986129283905 0.3951529860496521
1 0.8668859601020813 0.1919560432434082 0.016542106866836548 0.24877041578292847 0.14845076203346252
1 0.857668399810791 0.3812981843948364 0.03180626779794693 0.43776750564575195 0.19998541474342346
1 0.8121989369392395 0.3441018760204315 0.2765742540359497 0.3960948884487152 0.3991354703903198
1 0.7240192890167236 0.26922279596328735 0.7191418409347534 0.34605735540390015 0.8712183237075806
0 0.70929354429245 0.2532443404197693 0.5413488149642944 0.3274015784263611 0.698256254196167
0 0.6722399592399597 0.4475730061531067 0.0795263797044754 0.4986048936843872 0.19891010224819183
0 0.4999747574329376 -0.8705615997314453 -0.9682424664497375 2.4346420764923096 1.260739803314209
0 0.4999740719795227 -0.8761690855026245 -0.06804662942886353 1.720518946647644 0.20139837265014648
0 0.49997377395629883 -0.04388672858476639 0.009195178747177124 0.163091242313385 0.028238385915756226
0 0.4999675154685974 -0.005636289715766907 0.033805690705776215 0.16860432922840118 0.06002006679773331
0 0.4999634325504303 0.2607026696205139 -0.11743518710136414 0.5737271904945374 0.529701828956604
