0 0.6582723259925842 0.5465213060379028 0.07109075784683228 0.5963739156723022 0.18992799520492554
0 0.6405406594276428 0.5071324110031128 0.05991915240883827 0.559110164642334 0.17549803853034973
0 0.6246811747550964 0.5780351758003235 0.09508174657821655 0.639085590839386 0.23932528495788574
0 0.6095655560493469 0.4558781385421753 0.09178294986486435 0.5207152366638184 0.24192145466804504
0 0.5849310159683228 0.2323630452156067 0.050942130386829376 0.2963002324104309 0.1922709345817566
0 0.5789395570755005 0.7142372727394104 0.055112238973379135 0.7673348784446716 0.17529189586639404
0 0.4999930262565613 -1.45470130443573 -1.505144476890564 3.162537097930908 1.756588101387024
0 0.49999290704727173 -0.04869866371154785 0.005942363291978836 0.13356757164001465 0.016791921108961105
0 0.4999927580356598 -1.30607271194458 -0.11367377638816833 2.359286069869995 0.215047687292099
0 0.4999918043613434 -0.08824939280748367 0.0027213916182518005 0.14719456434249878 0.009895004332065582
0 0.4999867081642151 -0.04305605590343475 0.015601806342601776 0.15003781020641327 0.02829582244157791
0 0.49998345971107483 0.24491474032402039 -0.18236014246940613 0.5958876609802246 0.42607858777046204
0 0.49998265504837036 0.15269458293914795 0.020123552531003952 0.2937537431716919 0.06277011334896088
0 0.49994707107543945 -0.5410855412483215 -0.3506022095680237 1.9248089790344238 1.537343978881836
0 0.49994558095932007 -1.2036323547363281 -0.08736124634742737 1.9907352924346924 0.6532590389251709
0 0.49994486570358276 0.16830772161483765 0.3255934715270996 0.3220372200012207 0.38715243339538574
