0 0.661961019039154 0.5190849900245667 0.05581015348434448 0.5712751746177673 0.17212873697280884
0 0.5867491960525513 0.46671926975250244 0.07873046398162842 0.5305903553962708 0.2278394103050232
0 0.5859349370002747 0.5460317730903625 0.07078824937343597 0.5954810976982117 0.18737806379795074
0 0.5482779145240784 0.2432916760444641 0.04951390624046326 0.30706363916397095 0.19134357571601868
0 0.4999939203262329 -0.9550976753234863 -1.404388666152954 2.6353580951690674 1.6272079944610596
0 0.4999936819076538 -2.032498836517334 -0.10230238735675812 2.894667625427246 0.18193568289279938
0 0.4999934434890747 -0.07617703080177307 0.003139701671898365 0.13965877890586853 0.010514470748603344
0 0.4999924600124359 -0.04588920623064041 0.006542090326547623 0.13449925184249878 0.017879899591207504
0 0.49998587369918823 -0.045526497066020966 0.013830406591296196 0.14670026302337646 0.02672775276005268
0 0.499977171421051 0.24661092460155487 -0.17689451575279236 0.6104664206504822 0.41532954573631287
0 0.49997639656066895 0.14713510870933533 0.01847873441874981 0.29378363490104675 0.06471468508243561
0 0.4999731183052063 -1.2537859678268433 -0.11445251107215881 2.046022415161133 0.7018827199935913
0 0.4999728500843048 0.17461001873016357 0.33756306767463684 0.3063417673110962 0.3943454921245575
0 0.46551579236984253 0.5625829696655273 0.08891778439283371 0.625475287437439 0.23558813333511353
