0 0.6688445210456848 0.5228760242462158 0.0647946149110794 0.5752403736114502 0.18116097152233124
0 0.6398671865463257 0.5572025179862976 0.07731951773166656 0.6069493889808655 0.19525502622127533
0 0.6086556911468506 0.471576452255249 0.09062948822975159 0.5361188650131226 0.24015715718269348
0 0.5422581434249878 0.24687722325325012 0.053655728697776794 0.3109755218029022 0.1950962096452713
0 0.5299539566040039 0.5770265460014343 0.10031811147928238 0.6392993330955505 0.24622508883476257
0 0.4999924898147583 -0.8963362574577332 -1.3521044254302979 2.5730884075164795 1.5841612815856934
0 0.4999921917915344 -1.978545069694519 -0.10398958623409271 2.843690872192383 0.18736277520656586
0 0.4999919533729553 -0.07663185894489288 0.00334679102525115 0.1434822827577591 0.011257359758019447
0 0.49999159574508667 -0.04438801854848862 0.006686795502901077 0.13656291365623474 0.018511902540922165
0 0.4999821186065674 -0.042510583996772766 0.015369648113846779 0.15182806551456451 0.029526537284255028
0 0.4999764561653137 0.25385281443595886 -0.17919176816940308 0.6142544746398926 0.41978466510772705
0 0.4999755620956421 0.15105301141738892 0.019102558493614197 0.29661083221435547 0.06518222391605377
0 0.49996083974838257 -1.136932134628296 -0.10384243726730347 1.9405062198638916 0.7069373726844788
0 0.4999603033065796 0.18037396669387817 0.34631645679473877 0.319865345954895 0.40726327896118164
