0 0.6678600907325745 0.5208993554115295 0.06681498885154724 0.5727872252464294 0.1821470558643341
0 0.6494817733764648 0.5558401346206665 0.07592315971851349 0.6052718162536621 0.19520960748195648
0 0.6325270533561707 0.5846807956695557 0.10423048585653305 0.6459469795227051 0.2490973174571991
0 0.6111741065979004 0.46776747703552246 0.09296044707298279 0.5323411226272583 0.24242159724235535
0 0.56209397315979 0.24803391098976135 0.05333290249109268 0.3123466670513153 0.1952078640460968
0 0.4999782145023346 -1.2176988124847412 -0.8225399255752563 2.845914602279663 1.2464255094528198
0 0.4999767541885376 0.24879494309425354 -0.15309083461761475 0.6164765357971191 0.4457828402519226
0 0.4999766945838928 -0.022069133818149567 0.009230301715433598 0.16188088059425354 0.02885545790195465
0 0.4999759793281555 -0.9234496355056763 -0.07969480752944946 2.0256881713867188 0.22529423236846924
0 0.49997565150260925 0.1878257393836975 0.03757402300834656 0.33239614963531494 0.0899263322353363
0 0.49996447563171387 -0.06079273670911789 0.0037053697742521763 0.17558938264846802 0.018446994945406914
0 0.49995386600494385 0.002380974590778351 0.02728034183382988 0.19241464138031006 0.053419340401887894
0 0.4998372197151184 -0.4677768349647522 -0.21387410163879395 1.8331546783447266 1.443306803703308
0 0.4998328983783722 -0.628494381904602 -0.08323463797569275 1.416420817375183 0.6979234218597412
0 0.4998236894607544 0.1968328356742859 0.3629046082496643 0.38066262006759644 0.442543625831604
