0 0.6617929935455322 0.5559701919555664 0.07656584680080414 0.6056363582611084 0.19543291628360748
0 0.6546918749809265 0.5209826231002808 0.06707113981246948 0.5728108882904053 0.18229007720947266
0 0.6069151163101196 0.5825578570365906 0.10186389833688736 0.6441054940223694 0.24691656231880188
0 0.6067866086959839 0.4697713851928711 0.09164191037416458 0.5348422527313232 0.24132263660430908
0 0.5609613060951233 0.2551143765449524 0.05334574729204178 0.3196225166320801 0.19509613513946533
0 0.49997270107269287 -1.1983346939086914 -0.7371658086776733 2.8052988052368164 1.2278350591659546
0 0.49997109174728394 0.25109294056892395 -0.1418280005455017 0.6226890087127686 0.47208595275878906
0 0.49996960163116455 0.20188939571380615 0.054949164390563965 0.35104668140411377 0.11311239004135132
0 0.49996471405029297 -0.8103093504905701 -0.06935562193393707 1.6388475894927979 0.261480450630188
0 0.4999629557132721 -0.005827352404594421 0.024669714272022247 0.18353955447673798 0.04789488762617111
0 0.49994957447052 -0.02552274614572525 0.013493387959897518 0.17707058787345886 0.03805193305015564
0 0.49993979930877686 -0.07027950882911682 0.004455775022506714 0.18846270442008972 0.021313518285751343
0 0.4999186098575592 -0.5839835405349731 -0.29443490505218506 1.9869104623794556 1.5134276151657104
0 0.49991679191589355 -0.7061110138893127 -0.053430140018463135 1.5016512870788574 0.671427309513092
0 0.4999128580093384 0.19892102479934692 0.34611260890960693 0.3569487929344177 0.42147982120513916
0 0.4396614134311676 0.712313175201416 0.057816874235868454 0.7642861604690552 0.1765415519475937
