0 0.6573575735092163 0.5455979108810425 0.06904469430446625 0.5957646369934082 0.18843717873096466
0 0.6309249997138977 0.4566628336906433 0.09119011461734772 0.5211549997329712 0.24011586606502533
0 0.6287685036659241 0.5127657651901245 0.057342126965522766 0.5648274421691895 0.17348508536815643
0 0.6008660197257996 0.7090803384780884 0.058666665107011795 0.762729287147522 0.17860440909862518
0 0.5795001983642578 0.23258216679096222 0.05118755251169205 0.29663223028182983 0.1923656165599823
0 0.5668951272964478 0.5709408521652222 0.08721013367176056 0.6320438385009766 0.23366884887218475
0 0.4999943971633911 -1.5118976831436157 -1.5641884803771973 3.222991943359375 1.8072929382324219
0 0.4999943673610687 -0.05058424174785614 0.005658126901835203 0.1300681084394455 0.015524230897426605
0 0.49999427795410156 -1.448205590248108 -0.1161252111196518 2.497805118560791 0.21175257861614227
0 0.49999290704727173 -0.08925013989210129 0.002628943882882595 0.14533865451812744 0.009319582022726536
0 0.49998772144317627 -0.04232162982225418 0.016226202249526978 0.14973831176757812 0.028701215982437134
0 0.4999869465827942 0.23568853735923767 -0.18642184138298035 0.5994799137115479 0.418538361787796
0 0.49998635053634644 0.14583882689476013 0.01832662709057331 0.2812599837779999 0.05873306095600128
0 0.49993929266929626 -0.5094743371009827 -0.32998645305633545 1.8869283199310303 1.5145530700683594
0 0.49993738532066345 -1.2026278972625732 -0.08763015270233154 1.993086576461792 0.6470900774002075
0 0.49993687868118286 0.1706131100654602 0.3277432322502136 0.32845431566238403 0.3903523087501526
