0 0.6586161255836487 0.5215814113616943 0.06490691006183624 0.5740325450897217 0.18144099414348602
0 0.6546102166175842 0.5549015402793884 0.07859978079795837 0.6047351956367493 0.19638463854789734
0 0.6101387143135071 0.4682197570800781 0.0903443917632103 0.532610297203064 0.2393050491809845
0 0.542896568775177 0.24302834272384644 0.052370332181453705 0.30712705850601196 0.19379743933677673
0 0.5327130556106567 0.5774059891700745 0.10205007344484329 0.6395222544670105 0.24810761213302612
0 0.49999064207077026 -1.348807454109192 -1.3986608982086182 3.052419662475586 1.6672959327697754
0 0.4999905526638031 -0.043396010994911194 0.006885292939841747 0.14001329243183136 0.019015010446310043
0 0.49999043345451355 -1.1050195693969727 -0.1065206229686737 2.1740176677703857 0.21651318669319153
0 0.49998992681503296 -0.07864507287740707 0.002667090855538845 0.14865103363990784 0.01085148099809885
0 0.49998411536216736 -0.038086116313934326 0.015032967552542686 0.15293145179748535 0.028434613719582558
0 0.49997735023498535 0.25397902727127075 -0.1786041557788849 0.6135045886039734 0.42940983176231384
0 0.4999764561653137 0.15872785449028015 0.022117290645837784 0.30262652039527893 0.06936725974082947
0 0.49996522068977356 -0.6618255972862244 -0.3667159080505371 2.0792763233184814 1.6026467084884644
0 0.4999645948410034 -1.1330621242523193 -0.10285985469818115 1.916623592376709 0.7033685445785522
0 0.499963641166687 0.17530858516693115 0.33771729469299316 0.3167625069618225 0.3966560363769531
