0 0.727747917175293 0.5250603556632996 0.35640308260917664 0.5778055787086487 0.4752661883831024
0 0.6701297163963318 0.5053045749664307 0.06616378575563431 0.5570050477981567 0.1798216700553894
0 0.6488648056983948 0.5337974429130554 0.08837419748306274 0.5826179385185242 0.20267486572265625
0 0.5749848484992981 0.46825963258743286 0.08983532339334488 0.5343108773231506 0.2372141182422638
0 0.5461370348930359 0.2795411944389343 0.06852569431066513 0.34492623805999756 0.21095582842826843
0 0.5051711201667786 0.5513115525245667 0.09804937988519669 0.6015297770500183 0.211643785238266
0 0.49977725744247437 0.025218024849891663 0.028525566682219505 0.250840961933136 0.07139035314321518
0 0.49976855516433716 -0.8872640132904053 -0.5865306258201599 2.4971206188201904 1.1162645816802979
0 0.49976402521133423 -0.10845154523849487 -0.07259389758110046 1.2426886558532715 0.3469647467136383
0 0.49961134791374207 0.036815911531448364 0.05402210354804993 0.2795620858669281 0.10353848338127136
0 0.4995799958705902 -0.03713136911392212 0.013440299779176712 0.2506241202354431 0.045845162123441696
0 0.4994071125984192 0.33033356070518494 -0.09154325723648071 0.619085431098938 0.49864429235458374
0 0.49940162897109985 0.22284115850925446 0.08493997156620026 0.48477840423583984 0.18617205321788788
0 0.4987179636955261 -0.2756516933441162 0.03562051057815552 1.6170110702514648 1.2161898612976074
0 0.4986317455768585 -0.28977158665657043 -0.036779195070266724 1.1151118278503418 0.7073774337768555
0 0.49860018491744995 0.2119322270154953 0.36478307843208313 0.4797487258911133 0.48253998160362244
