0 0.6610588431358337 0.522678792476654 0.06516850739717484 0.5751028656959534 0.18182116746902466
0 0.6390329003334045 0.5542904734611511 0.07763637602329254 0.6040573716163635 0.19570623338222504
0 0.6106376051902771 0.471071720123291 0.09121864289045334 0.5353606939315796 0.24032241106033325
0 0.5462727546691895 0.24396507441997528 0.05237484723329544 0.3081739544868469 0.19416052103042603
0 0.5404075980186462 0.5759228467941284 0.10080679506063461 0.6379588842391968 0.24734601378440857
0 0.4999934732913971 -0.9155532717704773 -1.3968584537506104 2.5932259559631348 1.6197662353515625
0 0.499993234872818 -2.149644136428833 -0.10328182578086853 2.9998505115509033 0.18244126439094543
0 0.49999308586120605 -0.07892102748155594 0.0030788430012762547 0.14142125844955444 0.010584210976958275
0 0.4999929368495941 -0.04633909463882446 0.006727661471813917 0.1334565281867981 0.018040034919977188
0 0.4999845027923584 -0.04803728312253952 0.013580748811364174 0.14845246076583862 0.02646820805966854
0 0.4999789595603943 0.24208389222621918 -0.1784309446811676 0.6103216409683228 0.4135797321796417
0 0.4999782145023346 0.1458948254585266 0.018214832991361618 0.2892729640007019 0.06343965232372284
0 0.4999719262123108 -1.2287216186523438 -0.11709904670715332 2.029252290725708 0.7001014947891235
0 0.49997156858444214 0.17305544018745422 0.333825945854187 0.3061739504337311 0.3897395133972168
