1 0.940513551235199 0.1309880018234253 0.5809900760650635 0.19821113348007202 0.7318418025970459
0 0.9231361150741577 0.5019610524177551 0.18393845856189728 0.5534722208976746 0.29577136039733887
1 0.9209682941436768 0.31317979097366333 0.26257601380348206 0.3774636387825012 0.40722402930259705
1 0.8924950957298279 0.4151921570301056 0.1751173734664917 0.4644671380519867 0.288765549659729
1 0.8916654586791992 0.16133397817611694 0.29411548376083374 0.23367488384246826 0.4514356255531311
0 0.8850291967391968 0.5678343176841736 0.4759456217288971 0.6187694668769836 0.5923305749893188
1 0.8835340738296509 0.18904989957809448 0.034140780568122864 0.24356132745742798 0.1652211993932724
1 0.8818833827972412 0.39685145020484924 0.48335617780685425 0.45150724053382874 0.5998441576957703
0 0.8787087202072144 0.6864314675331116 0.31207191944122314 0.7501745820045471 0.47873711585998535
0 0.874267041683197 0.59041428565979 0.2451235055923462 0.6505608558654785 0.38537853956222534
1 0.861393928527832 0.2478978931903839 0.28701505064964294 0.300954133272171 0.40076974034309387
1 0.8467174768447876 0.2350459098815918 0.36645397543907166 0.2893385887145996 0.4801318943500519
1 0.8293805718421936 0.4010828733444214 0.6830676198005676 0.47398126125335693 0.8300525546073914
0 0.8241575956344604 0.5538817644119263 0.12178733199834824 0.6052374839782715 0.2344510853290558
0 0.8226713538169861 0.6351468563079834 0.24741199612617493 0.6858007907867432 0.3589429557323456
0 0.8022043108940125 0.5024135708808899 0.38905811309814453 0.5544046759605408 0.5035554766654968
1 0.7938793897628784 0.13898825645446777 0.48140156269073486 0.2106829285621643 0.6162889003753662
0 0.7933298945426941 0.6962870955467224 0.6564412117004395 0.7521249651908875 0.7712393999099731
1 0.7879177331924438 0.3256722092628479 0.10032105445861816 0.38488638401031494 0.24699854850769043
1 0.7844987511634827 0.2364571988582611 0.5958440899848938 0.29045549035072327 0.7052432894706726
