0 0.6544317603111267 0.7103092074394226 0.058562129735946655 0.7639228701591492 0.17861732840538025
0 0.618744969367981 0.46539506316185 0.0726272314786911 0.5294119119644165 0.22314943373203278
0 0.6138419508934021 0.5116711258888245 0.051517561078071594 0.5643853545188904 0.16932128369808197
0 0.6063706874847412 0.228485107421875 0.0511719286441803 0.2927912473678589 0.1921084225177765
0 0.5821657776832581 0.5528662204742432 0.07634250819683075 0.6033855676651001 0.19404132664203644
0 0.4999924898147583 -1.4098904132843018 -1.4837837219238281 3.1104366779327393 1.7442731857299805
0 0.4999924302101135 -0.04964931309223175 0.006725173443555832 0.13592691719532013 0.018079955130815506
0 0.4999922215938568 -1.312077522277832 -0.11230409145355225 2.3501596450805664 0.21771925687789917
0 0.49999046325683594 -0.08604846149682999 0.0036133977118879557 0.14970681071281433 0.011379256844520569
0 0.49998217821121216 0.2421489655971527 -0.1790684163570404 0.5883408784866333 0.42448899149894714
0 0.49998125433921814 0.14925453066825867 0.02046695537865162 0.29407230019569397 0.06390276551246643
0 0.499980628490448 -0.03382686525583267 0.020273525267839432 0.1602364480495453 0.03542027994990349
0 0.4998706579208374 -0.4579803943634033 -0.23200523853302002 1.8152728080749512 1.4465076923370361
0 0.4998663365840912 0.18168166279792786 0.3550552427768707 0.3589441478252411 0.4294150173664093
0 0.4998660087585449 -0.9793233275413513 -0.06267839670181274 1.7787389755249023 0.6614506840705872
