1 0.7233269810676575 0.7904835939407349 0.6804479956626892 0.8642849922180176 0.8189497590065002
0 0.6639913320541382 0.5265425443649292 0.06600309908390045 0.5788923501968384 0.18244080245494843
0 0.6443687677383423 0.5592708587646484 0.07838641107082367 0.609316349029541 0.19645340740680695
0 0.5979283452033997 0.47633662819862366 0.09092926979064941 0.5410423874855042 0.24034959077835083
0 0.5415472984313965 0.2546553313732147 0.05467970669269562 0.31912484765052795 0.19638018310070038
0 0.49999114871025085 -0.8654995560646057 -1.3021494150161743 2.5384602546691895 1.5497764348983765
0 0.499990850687027 -1.8170640468597412 -0.10349835455417633 2.6909120082855225 0.19360966980457306
0 0.4999905824661255 -0.07232484966516495 0.003937814384698868 0.14555278420448303 0.012674476951360703
0 0.4999898672103882 -0.04238291084766388 0.0069684237241744995 0.14022715389728546 0.01966424286365509
0 0.49997609853744507 -0.03913433104753494 0.017404157668352127 0.158943772315979 0.033455412834882736
0 0.49997270107269287 0.2608047127723694 -0.17050468921661377 0.6247393488883972 0.41289442777633667
0 0.4999717175960541 0.15186762809753418 0.019000645726919174 0.299513041973114 0.06692641973495483
0 0.4999428391456604 -0.5446311235427856 -0.32177871465682983 1.9625595808029175 1.545412540435791
0 0.499941349029541 -1.0134220123291016 -0.09134039282798767 1.8366026878356934 0.7011623382568359
0 0.49994078278541565 0.18297089636325836 0.34485507011413574 0.3325934410095215 0.41134750843048096
0 0.49582624435424805 0.5786773562431335 0.09944584220647812 0.6410289406776428 0.24637660384178162
