0 0.6757916212081909 0.5222229957580566 0.06650558859109879 0.5741832256317139 0.1827552616596222
0 0.6611555814743042 0.5576024651527405 0.07690127193927765 0.6074640154838562 0.19636820256710052
0 0.5949655175209045 0.5814579129219055 0.10145646333694458 0.6428272128105164 0.24715900421142578
0 0.5878177285194397 0.4706067740917206 0.09005455672740936 0.5354688167572021 0.23925383388996124
0 0.5379028916358948 0.25593459606170654 0.055047355592250824 0.3209003806114197 0.19686004519462585
0 0.49998682737350464 -1.110532283782959 -1.27899968624115 2.795710802078247 1.5890790224075317
0 0.4999867081642151 -0.9433214664459229 -0.09295105934143066 1.9877448081970215 0.220811665058136
0 0.49998658895492554 -0.03794492781162262 0.010657863691449165 0.1495729237794876 0.02605627290904522
0 0.4999814033508301 -0.08404271304607391 0.0046583362855017185 0.16208063066005707 0.015024309977889061
0 0.4999762177467346 -0.03676963597536087 0.021277762949466705 0.16060489416122437 0.038462840020656586
0 0.4999624192714691 0.25400692224502563 -0.13116630911827087 0.6059471964836121 0.4040161073207855
0 0.4999605119228363 0.16072523593902588 0.025668248534202576 0.31858980655670166 0.08417470753192902
0 0.499944806098938 -0.5591205954551697 -0.3290325403213501 1.974801778793335 1.5502458810806274
0 0.4999433755874634 -1.0344620943069458 -0.10805732011795044 1.8505662679672241 0.7042235732078552
0 0.4999420642852783 0.1773860901594162 0.35681769251823425 0.32564395666122437 0.4222405254840851
