0 0.6667931079864502 0.5218775272369385 0.06451071798801422 0.5742045640945435 0.18109457194805145
0 0.6463426947593689 0.5540030002593994 0.07703956216573715 0.6036206483840942 0.19526061415672302
0 0.6131894588470459 0.4693886637687683 0.0894150361418724 0.533572256565094 0.23856475949287415
0 0.554512619972229 0.5757554769515991 0.10078448057174683 0.6376020908355713 0.24648231267929077
0 0.5410208106040955 0.2454916536808014 0.052052684128284454 0.3097620904445648 0.1937260627746582
0 0.4999915659427643 -0.9829962849617004 -1.325424313545227 2.666511297225952 1.5490754842758179
0 0.49999144673347473 -1.747610092163086 -0.09437114000320435 2.64162540435791 0.17661386728286743
0 0.4999910593032837 -0.047909513115882874 0.006243940908461809 0.1392601877450943 0.01752275601029396
0 0.4999910295009613 -0.07890432327985764 0.002595217665657401 0.14655226469039917 0.010386733338236809
0 0.4999854266643524 -0.03851354867219925 0.015042733401060104 0.15002179145812988 0.02815340831875801
0 0.4999823570251465 0.24694475531578064 -0.18225586414337158 0.6212314367294312 0.4200748801231384
0 0.49998170137405396 0.15096190571784973 0.021170416846871376 0.2904803454875946 0.06530215591192245
0 0.4999660849571228 -0.6516904830932617 -0.37329965829849243 2.068408250808716 1.6097733974456787
0 0.4999655485153198 -1.1529351472854614 -0.09996473789215088 1.9350148439407349 0.6999498605728149
0 0.49996477365493774 0.1763213574886322 0.3377957344055176 0.3155073821544647 0.39729392528533936
