0 0.6642738580703735 0.5234197378158569 0.06648638844490051 0.5759928226470947 0.18319383263587952
0 0.6491016745567322 0.5554590821266174 0.08028832077980042 0.60545414686203 0.19803163409233093
0 0.6104430556297302 0.47265535593032837 0.09052371978759766 0.5371121764183044 0.2399139404296875
0 0.534206748008728 0.24845531582832336 0.05430356413125992 0.31276801228523254 0.1960383951663971
0 0.499991238117218 -1.2260382175445557 -1.4008358716964722 2.92032790184021 1.6793125867843628
0 0.4999910295009613 -0.044119372963905334 0.008008899167180061 0.13874830305576324 0.02063518576323986
0 0.4999909996986389 -1.181186556816101 -0.10396234691143036 2.216461658477783 0.21705906093120575
0 0.49998992681503296 -0.07711740583181381 0.004304485861212015 0.14684125781059265 0.013539178296923637
0 0.49998021125793457 -0.041414618492126465 0.018697891384363174 0.1556401252746582 0.03430613502860069
0 0.4999755024909973 0.24278131127357483 -0.17501556873321533 0.620587944984436 0.4178292751312256
0 0.4999745488166809 0.14963823556900024 0.02014531008899212 0.29665040969848633 0.06770782172679901
0 0.49996060132980347 -0.6378428936004639 -0.35669511556625366 2.054640293121338 1.6004533767700195
0 0.49995970726013184 -0.9855374097824097 -0.062957763671875 1.767792820930481 0.6881774067878723
0 0.49995875358581543 0.18219834566116333 0.38614967465400696 0.32326728105545044 0.45107653737068176
0 0.48907119035720825 0.5750072002410889 0.1026267483830452 0.6373351812362671 0.2490234375
