0 0.9693301916122437 0.5026243925094604 0.18746504187583923 0.5558279752731323 0.3007059395313263
0 0.9635619521141052 0.6268071532249451 0.3007301390171051 0.6802470088005066 0.4127931296825409
1 0.9362155795097351 0.23531106114387512 0.36883679032325745 0.29210683703422546 0.48629066348075867
1 0.9318183660507202 0.31485041975975037 0.27011436223983765 0.38085809350013733 0.4148787260055542
1 0.9313585758209229 0.24718238413333893 0.29379329085350037 0.30050572752952576 0.41300269961357117
1 0.9272663593292236 0.1263311803340912 0.5787840485572815 0.19252941012382507 0.7261672616004944
0 0.926137387752533 0.45581379532814026 0.3529106378555298 0.5244616270065308 0.5312380790710449
1 0.9255365133285522 0.39989495277404785 0.1866193562746048 0.4493522644042969 0.3017235994338989
0 0.9126805663108826 0.5727661848068237 0.272352933883667 0.6366896629333496 0.4271036982536316
1 0.9122030735015869 0.17019498348236084 0.03267467021942139 0.2258148193359375 0.16647791862487793
1 0.9030640125274658 0.14174996316432953 0.315782755613327 0.21901018917560577 0.47706660628318787
1 0.8593131899833679 0.2908473312854767 0.07860560715198517 0.3436393439769745 0.19481663405895233
0 0.8450577855110168 0.4802892208099365 0.5879300832748413 0.5326681137084961 0.7005281448364258
0 0.8321641683578491 0.6677206754684448 0.6681510210037231 0.7246133089065552 0.7810261249542236
0 0.8142551779747009 0.5659946203231812 0.4975864291191101 0.6196514368057251 0.6168606877326965
1 0.7881364822387695 0.23367781937122345 0.5968889594078064 0.2913186848163605 0.7078531384468079
1 0.7847760915756226 0.13332074880599976 0.47241050004959106 0.20424652099609375 0.6056103110313416
0 0.7827436327934265 0.5785090327262878 0.5031196475028992 0.649662435054779 0.6558688282966614
1 0.7813036441802979 0.4529641270637512 0.01764688268303871 0.5053678154945374 0.13058587908744812
1 0.7771287560462952 0.38482171297073364 0.027019396424293518 0.44603633880615234 0.1910254806280136
