0 0.9889100193977356 0.4301999807357788 0.10216711461544037 0.4827181100845337 0.21730174124240875
1 0.9383953213691711 0.28861668705940247 0.07939229160547256 0.342788428068161 0.19758138060569763
0 0.9375860691070557 0.6497189998626709 0.25570762157440186 0.7025942802429199 0.37040555477142334
0 0.9363386631011963 0.43623223900794983 0.14225339889526367 0.4969407618045807 0.29058218002319336
1 0.9273329377174377 0.2527513802051544 0.29659104347229004 0.30942127108573914 0.4180848002433777
1 0.9252885580062866 0.3515681326389313 0.37229061126708984 0.41781893372535706 0.513709306716919
0 0.8989232182502747 0.5055689215660095 0.567813515663147 0.5600877404212952 0.6830075979232788
1 0.8808275461196899 0.1870797872543335 0.04706665128469467 0.244981050491333 0.18185332417488098
1 0.8611919283866882 0.38881972432136536 0.04549938440322876 0.4527681767940521 0.20958185195922852
1 0.8359268307685852 0.18047082424163818 0.3419731855392456 0.2621311545372009 0.5188844203948975
1 0.8126689791679382 0.27242353558540344 0.4036423861980438 0.33028116822242737 0.5327137112617493
1 0.7604227662086487 0.2688868045806885 0.7215893268585205 0.3465440273284912 0.8733229637145996
0 0.690089225769043 0.4523537755012512 0.02269979566335678 0.504892885684967 0.13849124312400818
0 0.6186919808387756 0.523067831993103 0.08363118767738342 0.5732741355895996 0.20805642008781433
1 0.5978489518165588 0.29064130783081055 0.3906632363796234 0.36075520515441895 0.5126294493675232
0 0.5604583024978638 0.7294055223464966 0.20632101595401764 0.803486704826355 0.41044938564300537
0 0.4999614357948303 -0.572206974029541 -0.019012391567230225 1.3940894603729248 0.28573012351989746
0 0.4999610483646393 -0.8418896198272705 -0.7513553500175476 2.331576108932495 1.3168542385101318
0 0.49996036291122437 0.041757285594940186 0.05696390941739082 0.19516319036483765 0.09181185066699982
0 0.4998548626899719 -0.22443288564682007 -0.03726127743721008 1.1601576805114746 0.20375123620033264
