0 0.6556077003479004 0.548971951007843 0.07491981983184814 0.5982107520103455 0.1938544511795044
0 0.6501100063323975 0.8107690811157227 0.6766613721847534 0.8833720684051514 0.8132318258285522
0 0.6477616429328918 0.5097470283508301 0.06191253289580345 0.561679482460022 0.17796659469604492
0 0.6368752121925354 0.5787725448608398 0.10185451060533524 0.6398769617080688 0.24568486213684082
0 0.6049290895462036 0.45759761333465576 0.09141439944505692 0.5222489833831787 0.24140667915344238
0 0.5784874558448792 0.23887795209884644 0.05174924433231354 0.3027645945549011 0.1929544061422348
0 0.4999914765357971 -1.3634756803512573 -1.440278172492981 3.067214012145996 1.7023628950119019
0 0.49999135732650757 -0.04682642221450806 0.006490458268672228 0.13779079914093018 0.018332432955503464
0 0.49999117851257324 -1.1968152523040771 -0.11041578650474548 2.252495288848877 0.2173716127872467
0 0.49998992681503296 -0.09274614602327347 0.0022096040192991495 0.15183883905410767 0.009649217128753662
0 0.49998968839645386 -0.04477175325155258 0.015770703554153442 0.14449158310890198 0.027551621198654175
0 0.49997854232788086 0.2509104609489441 -0.1750452220439911 0.6012982726097107 0.4265250265598297
0 0.4999775290489197 0.15558865666389465 0.02134932205080986 0.3017248809337616 0.06683139503002167
0 0.4999626576900482 -0.6079763770103455 -0.3846598267555237 2.0262646675109863 1.6112844944000244
0 0.4999615252017975 -1.3025087118148804 -0.11755204200744629 2.094597816467285 0.6972503662109375
0 0.499960720539093 0.15805666148662567 0.3375367820262909 0.3034675121307373 0.3918417990207672
0 0.4517952799797058 0.711332380771637 0.05442853271961212 0.763957679271698 0.1746569722890854
