0 0.9718017578125 0.6231452822685242 0.15978577733039856 0.6724591851234436 0.2671889364719391
0 0.9664703011512756 0.6516073942184448 0.06411901116371155 0.7019113302230835 0.17192140221595764
0 0.8794490098953247 0.7470053434371948 0.16530856490135193 0.7999683618545532 0.28762415051460266
0 0.813681960105896 0.7465886473655701 0.0572500042617321 0.8023276925086975 0.1790936142206192
1 0.8008820414543152 0.2175247222185135 0.30086755752563477 0.28883904218673706 0.46870243549346924
1 0.7965512871742249 0.34617879986763 0.053868647664785385 0.39440032839775085 0.1533362865447998
1 0.7962978482246399 0.24626141786575317 0.12443545460700989 0.29821449518203735 0.24787524342536926
0 0.7958938479423523 0.7151721715927124 0.3844335079193115 0.7668317556381226 0.4928911328315735
0 0.7920902371406555 0.644395112991333 0.0016934461891651154 0.6908338069915771 0.1121286004781723
1 0.7700527310371399 0.25979048013687134 0.035039037466049194 0.315086305141449 0.14994403719902039
1 0.7611895799636841 0.3285546898841858 0.1690557301044464 0.3782336115837097 0.2731577455997467
1 0.7368786931037903 0.32642704248428345 0.29937997460365295 0.37819498777389526 0.40252020955085754
0 0.7282290458679199 0.7213902473449707 0.006475813686847687 0.7711446285247803 0.12035255879163742
1 0.7262266278266907 0.17522616684436798 0.6528286337852478 0.2510583698749542 0.8012328743934631
1 0.7252222895622253 0.238075390458107 0.2189347743988037 0.30415984988212585 0.37700116634368896
1 0.7243802547454834 0.29809316992759705 0.6471031308174133 0.3508879244327545 0.7474145293235779
1 0.7040016055107117 0.2672048509120941 -0.002914261072874069 0.3167443573474884 0.10615189373493195
0 0.6801913380622864 0.8160754442214966 0.4655291438102722 0.8891642093658447 0.623972475528717
1 0.6666001677513123 0.32865792512893677 0.3687146306037903 0.3828887343406677 0.4745088219642639
0 0.6523253917694092 0.713946521282196 0.31971991062164307 0.7653470635414124 0.4275599718093872
