0 0.8139166831970215 0.29006248712539673 0.041023727506399155 0.34550338983535767 0.1620783805847168
0 0.6628450751304626 0.5531929731369019 0.07855203747749329 0.6029276847839355 0.19711962342262268
0 0.6532059907913208 0.5198497772216797 0.06514596939086914 0.5718479156494141 0.18156802654266357
0 0.56219083070755 0.48536086082458496 0.09300288558006287 0.551255464553833 0.24469175934791565
0 0.5514784455299377 0.5761871933937073 0.10120855271816254 0.6379987597465515 0.2466469556093216
0 0.5407707691192627 0.7127079963684082 0.05769236385822296 0.7650856971740723 0.17676524817943573
0 0.49998021125793457 -0.7155947685241699 -1.0274192094802856 2.3200151920318604 1.4935561418533325
0 0.49997955560684204 -1.513989806175232 -0.10901962220668793 2.3288211822509766 0.26783156394958496
0 0.499979168176651 -0.036450959742069244 0.01975138671696186 0.16073819994926453 0.035526856780052185
0 0.49997788667678833 -0.08361747860908508 0.0035637360997498035 0.16378530859947205 0.01455935463309288
0 0.49997586011886597 -0.03485365957021713 0.008449294604361057 0.15874937176704407 0.02530207484960556
0 0.49993425607681274 -1.0439012050628662 -0.0962013304233551 1.8737075328826904 0.690018892288208
0 0.49993324279785156 0.16833755373954773 0.3365720808506012 0.3260132968425751 0.39957258105278015
0 0.49990326166152954 0.3118293881416321 -0.14882266521453857 0.6310597658157349 0.42467963695526123
0 0.49990135431289673 0.16979199647903442 0.02425740286707878 0.3450363278388977 0.08929701149463654
