0 0.7279399037361145 0.5411924123764038 0.08104641735553741 0.5906168222427368 0.19846509397029877
0 0.6550137996673584 0.5096410512924194 0.06613101065158844 0.5612621307373047 0.18160323798656464
0 0.6163724064826965 0.45903390645980835 0.09468023478984833 0.5239195227622986 0.24336887896060944
0 0.5718690752983093 0.5724910497665405 0.10731490701436996 0.633795976638794 0.2478332221508026
0 0.5540363192558289 0.25696203112602234 0.06041298061609268 0.32168421149253845 0.2029087245464325
0 0.4997791349887848 -0.8832301497459412 -0.4039762020111084 2.4221396446228027 1.0662496089935303
0 0.49976056814193726 0.3036048412322998 -0.10235098004341125 0.6090815663337708 0.5336626768112183
0 0.4997560381889343 0.25060170888900757 0.11965472996234894 0.471771776676178 0.21019677817821503
0 0.4997107982635498 0.047464869916439056 0.04199329763650894 0.2820468246936798 0.09058447927236557
0 0.4997105002403259 -0.1993139088153839 -0.04411669075489044 1.1120069026947021 0.34248805046081543
0 0.4995574355125427 -0.45778632164001465 -0.06239384412765503 1.8038125038146973 1.3049721717834473
0 0.49953341484069824 -0.2853395938873291 -0.058788686990737915 1.0760958194732666 0.7097952365875244
0 0.49950987100601196 0.21864178776741028 0.35860779881477356 0.43998953700065613 0.45705166459083557
0 0.4992937445640564 -0.03980262577533722 0.0069952961057424545 0.28037458658218384 0.046500883996486664
