0 0.9825966954231262 0.6119324564933777 0.12407191842794418 0.6731178164482117 0.3024075925350189
0 0.9742969274520874 0.4832218587398529 0.19007918238639832 0.5381902456283569 0.30574318766593933
0 0.971900224685669 0.6540031433105469 0.1271866410970688 0.7101659774780273 0.24144287407398224
0 0.9712410569190979 0.6857205033302307 0.30388176441192627 0.7432339787483215 0.4200791120529175
0 0.9659174680709839 0.5289400219917297 -0.003751847892999649 0.5821046233177185 0.11396721005439758
0 0.9636126756668091 0.5909453630447388 0.3953385651111603 0.6475932598114014 0.5131783485412598
0 0.9595045447349548 0.6742591261863708 0.04600447043776512 0.7256054282188416 0.15682607889175415
0 0.9528741240501404 0.4053407609462738 0.2971160411834717 0.46927395462989807 0.4377509355545044
0 0.9134215116500854 0.8046693205833435 0.6174830794334412 0.8771587014198303 0.7771065831184387
1 0.8947775959968567 0.4254690408706665 0.18852731585502625 0.4769553542137146 0.30077943205833435
1 0.8907408118247986 0.3253108859062195 0.10381747037172318 0.3783562183380127 0.21902596950531006
1 0.8878130912780762 0.31507205963134766 -0.006190929561853409 0.3660339117050171 0.10045793652534485
1 0.879426121711731 0.22062458097934723 -0.020082376897335052 0.2782473564147949 0.09556569904088974
1 0.8720114827156067 0.36431440711021423 0.19035212695598602 0.4285624921321869 0.3480026125907898
1 0.8079312443733215 0.15251624584197998 0.49901145696640015 0.22884780168533325 0.6490854620933533
0 0.7931962013244629 0.629530668258667 0.024148255586624146 0.6835347414016724 0.15956535935401917
0 0.7823187112808228 0.6069945693016052 -0.007876269519329071 0.6582360863685608 0.11363440006971359
1 0.741830050945282 0.47624707221984863 0.6314480900764465 0.5436810255050659 0.7717100977897644
1 0.7270072102546692 0.1855529397726059 0.2617858350276947 0.26133954524993896 0.435786634683609
1 0.6497884392738342 0.3955509662628174 0.4671482443809509 0.46059536933898926 0.6072195172309875
