0 0.9559860229492188 0.635410726070404 0.16401049494743347 0.6842313408851624 0.2715316712856293
0 0.9364089965820312 0.6647481918334961 0.06463540345430374 0.714941143989563 0.17357605695724487
0 0.8479745984077454 0.7478269338607788 0.16134315729141235 0.8001853227615356 0.2830679416656494
0 0.7905721664428711 0.7488068342208862 0.058758772909641266 0.803634762763977 0.17982026934623718
0 0.7889330387115479 0.7156590223312378 0.37972426414489746 0.7673687934875488 0.4885249733924866
1 0.7680515646934509 0.2502044439315796 0.11789034307003021 0.3027796149253845 0.24187804758548737
1 0.762902557849884 0.3575862646102905 0.05485992506146431 0.40575897693634033 0.1551109105348587
1 0.7597848176956177 0.21758243441581726 0.29886072874069214 0.28892436623573303 0.46681511402130127
1 0.7568322420120239 0.33579593896865845 0.15577422082424164 0.3857666850090027 0.2615499496459961
1 0.7498424053192139 0.26635193824768066 0.03428066521883011 0.32139962911605835 0.15070480108261108
1 0.7478448748588562 0.1832466721534729 0.6468059420585632 0.25865286588668823 0.7957533001899719
1 0.7424222230911255 0.3293997049331665 0.3004150390625 0.38105881214141846 0.4040365219116211
1 0.7371103167533875 0.30094003677368164 0.6462833285331726 0.3534298539161682 0.7445366978645325
1 0.6873142719268799 0.27345481514930725 -0.00038198381662368774 0.3241368234157562 0.1090654507279396
0 0.6651368737220764 0.8155136704444885 0.46233779191970825 0.8883327841758728 0.6213172078132629
1 0.6626049876213074 0.23657254874706268 0.21653567254543304 0.30293089151382446 0.37489891052246094
1 0.6406771540641785 0.19486257433891296 0.4958982765674591 0.264777809381485 0.6418511271476746
0 0.6382614374160767 0.7153115272521973 0.31519815325737 0.7669224739074707 0.4234776794910431
1 0.6358161568641663 0.33200153708457947 0.3691140413284302 0.386071115732193 0.47507143020629883
1 0.5941230058670044 0.3471113443374634 0.006281767040491104 0.3922498822212219 0.10654500126838684
