0 0.9642863273620605 0.5104314684867859 0.17776678502559662 0.5641470551490784 0.29287758469581604
0 0.9536903500556946 0.3183543086051941 0.371839702129364 0.3757097125053406 0.4913157820701599
1 0.9453885555267334 0.1356610655784607 0.583310067653656 0.20284610986709595 0.7354961037635803
1 0.9152470231056213 0.25269201397895813 0.3600753843784332 0.30783113837242126 0.474103718996048
1 0.9100490212440491 0.16937734186649323 0.31362971663475037 0.24180565774440765 0.46972528100013733
0 0.8996961712837219 0.5300263166427612 0.4989834129810333 0.5816010236740112 0.6123262643814087
1 0.8956413269042969 0.3129075765609741 0.2653283476829529 0.3782392740249634 0.4069684147834778
0 0.8856236338615417 0.5760486125946045 0.24637296795845032 0.6372638940811157 0.38729164004325867
1 0.8842462301254272 0.18226134777069092 0.03782916069030762 0.23675262928009033 0.1680096983909607
0 0.8831061720848083 0.6144469976425171 0.2717782258987427 0.6657520532608032 0.3846336007118225
0 0.8790457844734192 0.5608866810798645 0.11729615926742554 0.612799346446991 0.23117250204086304
1 0.847771167755127 0.25679758191108704 0.28467848896980286 0.30970731377601624 0.3997237980365753
1 0.8436020016670227 0.39515313506126404 0.48928102850914 0.44956305623054504 0.6056357026100159
0 0.8254563808441162 0.6881539821624756 0.6816655397415161 0.7457207441329956 0.7951788902282715
1 0.8105819821357727 0.3121546804904938 0.10618951171636581 0.3707483112812042 0.25217655301094055
1 0.7979221940040588 0.25470325350761414 0.5855965614318848 0.3099881708621979 0.695467472076416
1 0.7850454449653625 0.422757625579834 0.7059804797172546 0.498279869556427 0.8545656800270081
0 0.7835001945495605 0.7005215287208557 0.025196503847837448 0.754241406917572 0.14559094607830048
1 0.7812116742134094 0.1450960785150528 0.46179866790771484 0.21409325301647186 0.5937883853912354
1 0.7796708345413208 0.4482918381690979 0.020090237259864807 0.5001705288887024 0.1327163428068161
