0 0.6640102863311768 0.5216951370239258 0.06795237958431244 0.5736789703369141 0.18340028822422028
0 0.6584914922714233 0.5530191659927368 0.07443580776453018 0.6027017831802368 0.19332537055015564
0 0.610200047492981 0.47030192613601685 0.09190764278173447 0.5350043177604675 0.2410164773464203
0 0.596996009349823 0.5783548355102539 0.09783807396888733 0.6401238441467285 0.24376341700553894
0 0.5498254895210266 0.2576073408126831 0.055455006659030914 0.3223048448562622 0.1972760260105133
0 0.49998554587364197 -1.1545990705490112 -1.2780019044876099 2.8475770950317383 1.576011300086975
0 0.4999854564666748 -0.03926368057727814 0.008551545441150665 0.14774174988269806 0.02319078892469406
0 0.4999852478504181 -0.9780783653259277 -0.10517098009586334 2.0391194820404053 0.22968681156635284
0 0.4999813437461853 -0.0845438688993454 0.0033686114475131035 0.16020028293132782 0.0132678197696805
0 0.49997830390930176 -0.03532099723815918 0.0192275308072567 0.16041558980941772 0.03552142158150673
0 0.49996644258499146 0.26400628685951233 -0.1573612093925476 0.623206377029419 0.42251384258270264
0 0.49996519088745117 0.1607615053653717 0.023291373625397682 0.3131345212459564 0.07560310512781143
0 0.4999386668205261 -0.519014298915863 -0.3111364245414734 1.936690330505371 1.5375070571899414
0 0.4999367594718933 -1.0304384231567383 -0.09419006109237671 1.8594698905944824 0.6989862322807312
0 0.49993598461151123 0.17793545126914978 0.3453790545463562 0.3309691250324249 0.41078758239746094
