0 0.9438613057136536 0.5816901922225952 0.2604998052120209 0.6357778310775757 0.38245299458503723
0 0.922333300113678 0.35445815324783325 0.344296932220459 0.41005468368530273 0.46205902099609375
1 0.7830855846405029 0.4190295338630676 0.4520436227321625 0.484788715839386 0.5921968817710876
0 0.7655514478683472 0.5558663606643677 0.4947998821735382 0.6107475757598877 0.6084859371185303
0 0.7562140226364136 0.46574756503105164 0.0462426096200943 0.5194503664970398 0.16554944217205048
1 0.6564746499061584 0.3027784526348114 0.2892768085002899 0.3599053919315338 0.405960351228714
0 0.5384546518325806 0.220918208360672 0.06952203065156937 0.28525617718696594 0.2063506841659546
0 0.4999803304672241 -0.8110024929046631 -1.1654542684555054 2.446213960647583 1.4810198545455933
0 0.4999799430370331 -1.228278398513794 -0.06662772595882416 2.0928590297698975 0.19492249190807343
0 0.49997958540916443 -0.0569659024477005 0.007880357094109058 0.15912188589572906 0.02280357852578163
0 0.4999670386314392 -0.025969408452510834 0.01319184247404337 0.1593901813030243 0.036082543432712555
0 0.499963641166687 -0.016683898866176605 0.03368385136127472 0.17438927292823792 0.05917613208293915
0 0.4999288320541382 0.2607959508895874 -0.1225774884223938 0.6130968928337097 0.45536649227142334
0 0.49992823600769043 0.18490365147590637 0.05477438494563103 0.35781654715538025 0.12521053850650787
0 0.4998505413532257 -0.3918948769569397 -0.2710532546043396 1.7528629302978516 1.4930357933044434
0 0.4998498558998108 -0.7522217631340027 0.027232736349105835 1.4796242713928223 0.615795373916626
0 0.49984562397003174 0.17798733711242676 0.3727034330368042 0.35908013582229614 0.4662783741950989
0 0.4847396910190582 0.43557360768318176 0.06675763428211212 0.4996287524700165 0.21465091407299042
0 0.4735153913497925 0.6016716957092285 0.22517609596252441 0.6615422964096069 0.3669952154159546
