0 0.6515525579452515 0.5218955278396606 0.06842105090618134 0.5737172365188599 0.18380196392536163
0 0.6465963125228882 0.5564461350440979 0.08017519861459732 0.6059070229530334 0.19808301329612732
0 0.6203593015670776 0.4723777770996094 0.0916704535484314 0.537026047706604 0.24081450700759888
1 0.599409818649292 0.5312246680259705 0.2641565203666687 0.5829928517341614 0.37754184007644653
0 0.5691460967063904 0.5781736969947815 0.10568644106388092 0.6405536532402039 0.2510037422180176
0 0.5485072135925293 0.255485475063324 0.05460157245397568 0.31982535123825073 0.1959531009197235
0 0.4999869465827942 -1.238300085067749 -1.3136372566223145 2.9351117610931396 1.599557876586914
0 0.4999869465827942 -0.041092969477176666 0.007284930441528559 0.14626428484916687 0.0208668801933527
0 0.49998676776885986 -1.0130105018615723 -0.1053251326084137 2.0763731002807617 0.22352340817451477
0 0.4999849200248718 -0.08037880808115005 0.0032622222788631916 0.15722927451133728 0.01262277364730835
0 0.4999769926071167 -0.033702582120895386 0.018613997846841812 0.16196253895759583 0.03505789861083031
0 0.49997174739837646 0.2600063979625702 -0.16440758109092712 0.6236324310302734 0.4208967387676239
0 0.4999706745147705 0.1586449146270752 0.02167830988764763 0.307303786277771 0.07107533514499664
0 0.4999314844608307 -0.5082493424415588 -0.29762279987335205 1.9190244674682617 1.5323587656021118
0 0.4999293088912964 -1.0503950119018555 -0.09957259893417358 1.8644108772277832 0.7151796817779541
0 0.49992871284484863 0.17996302247047424 0.3537430763244629 0.3356989920139313 0.42202162742614746
