1 0.9383214116096497 0.1314566433429718 0.5796330571174622 0.19819846749305725 0.7312597632408142
1 0.9154921770095825 0.33019211888313293 0.2619919776916504 0.3947419226169586 0.40754401683807373
0 0.9142692685127258 0.5042994022369385 0.18293555080890656 0.5557205677032471 0.29466712474823
0 0.905322790145874 0.6832906007766724 0.3202989101409912 0.748121976852417 0.48647069931030273
1 0.8960031270980835 0.1581864058971405 0.30901986360549927 0.22977259755134583 0.4607395529747009
0 0.8914642930030823 0.5884710550308228 0.25049084424972534 0.6494295597076416 0.3912985920906067
1 0.8862105011940002 0.2375619113445282 0.3665769100189209 0.2921049892902374 0.4796093702316284
1 0.8833293914794922 0.40189793705940247 0.48227956891059875 0.45637229084968567 0.5973449349403381
1 0.881928026676178 0.4154561161994934 0.17386841773986816 0.4647664427757263 0.2870030999183655
0 0.8665935397148132 0.5569474697113037 0.4691905975341797 0.6081538200378418 0.5858093500137329
1 0.865554928779602 0.19857929646968842 0.03907392919063568 0.25406935811042786 0.17010702192783356
0 0.863935112953186 0.5543495416641235 0.11529751121997833 0.6054335832595825 0.2271975725889206
0 0.8522775769233704 0.6265940070152283 0.24764224886894226 0.6773906350135803 0.35928574204444885
1 0.849550724029541 0.2534705400466919 0.2914903461933136 0.30657148361206055 0.4057696759700775
0 0.8207948803901672 0.7074315547943115 0.02127719670534134 0.7616052627563477 0.14123791456222534
1 0.8186115026473999 0.41920268535614014 0.6822964549064636 0.49220550060272217 0.8294439911842346
1 0.8112533688545227 0.23772719502449036 0.5855364203453064 0.29242953658103943 0.6954267621040344
0 0.7981017231941223 0.5048729181289673 0.39178013801574707 0.5567654371261597 0.5057561993598938
1 0.779877781867981 0.32765260338783264 0.10415585339069366 0.3866526782512665 0.2503272294998169
1 0.7690940499305725 0.1374388337135315 0.4649006128311157 0.20699775218963623 0.5979719161987305
