0 0.9804417490959167 0.4326940178871155 0.12517166137695312 0.4852704405784607 0.24103307723999023
0 0.9616389870643616 0.6385905146598816 0.2700388431549072 0.6933580040931702 0.3837951421737671
1 0.9387258887290955 0.2956693172454834 0.09742368757724762 0.34983688592910767 0.21361343562602997
1 0.9024360179901123 0.1827867329120636 0.034851983189582825 0.24093762040138245 0.1720660775899887
0 0.8852376937866211 0.4892420768737793 0.2659119963645935 0.5549204349517822 0.40850692987442017
0 0.8726115822792053 0.325073778629303 0.3637924790382385 0.39230602979660034 0.519298255443573
0 0.869128942489624 0.5090774297714233 0.5762503743171692 0.5634841918945312 0.6924194693565369
1 0.8636574745178223 0.24905435740947723 0.276319295167923 0.30560603737831116 0.39259102940559387
1 0.8625164031982422 0.16185243427753448 0.22722412645816803 0.23311291635036469 0.39503830671310425
1 0.8553740978240967 0.2529391646385193 0.3890303075313568 0.3129810690879822 0.5083115100860596
1 0.8252046704292297 0.39165589213371277 0.040694452822208405 0.4515725076198578 0.206830233335495
0 0.7867692112922668 0.5803219676017761 0.5074524283409119 0.6351750493049622 0.6281521916389465
1 0.7771081328392029 0.26697686314582825 0.7208857536315918 0.3440411388874054 0.8726797103881836
1 0.6896297335624695 0.3846251964569092 0.47348836064338684 0.4421002268791199 0.5902928709983826
0 0.6646361351013184 0.26055172085762024 0.5381861925125122 0.33580920100212097 0.7006837129592896
0 0.4999729096889496 -0.01789958029985428 0.010319096967577934 0.16563600301742554 0.03365148603916168
0 0.49997276067733765 -0.9598108530044556 -0.9596719741821289 2.5237717628479004 1.2804255485534668
0 0.499972403049469 -0.7555646896362305 -0.06790074706077576 1.6446888446807861 0.2135709822177887
0 0.4999386668205261 0.004077747464179993 0.0399416983127594 0.18908803164958954 0.0734775960445404
0 0.49993303418159485 0.00922982394695282 0.0163609366863966 0.20250935852527618 0.04948925971984863
