0 0.952360212802887 0.5004094243049622 0.17830640077590942 0.5533556342124939 0.29371869564056396
1 0.931790828704834 0.1259409487247467 0.5759148001670837 0.1916930377483368 0.723919689655304
1 0.9299442172050476 0.30138713121414185 0.2770906090736389 0.3687945008277893 0.4228404760360718
1 0.9246163964271545 0.3970281183719635 0.18880969285964966 0.44639822840690613 0.30430537462234497
0 0.9212483763694763 0.5567871332168579 0.4983322322368622 0.610511302947998 0.616678774356842
1 0.9155552387237549 0.14565902948379517 0.3005996644496918 0.2194831371307373 0.46133747696876526
1 0.9116834402084351 0.231828510761261 0.35811135172843933 0.2870672941207886 0.47328945994377136
0 0.9042197465896606 0.4605633020401001 0.3513953387737274 0.5290865302085876 0.5268687009811401
0 0.8898578882217407 0.5812571048736572 0.26690489053726196 0.6428631544113159 0.4176306128501892
1 0.8794723749160767 0.2416866570711136 0.2868671417236328 0.29514721035957336 0.40282583236694336
0 0.8565358519554138 0.5646240711212158 0.14271223545074463 0.616998553276062 0.2570785880088806
1 0.8327174186706543 0.19391843676567078 0.03478466719388962 0.2495376169681549 0.16527259349822998
0 0.8303276300430298 0.6831721663475037 0.6792051196098328 0.7411143183708191 0.7934532761573792
0 0.823087215423584 0.4748755693435669 0.5837587118148804 0.5272921323776245 0.6940935850143433
1 0.8084661364555359 0.13138622045516968 0.4705073833465576 0.2023208737373352 0.6039683818817139
1 0.8083476424217224 0.2491227686405182 0.5881872177124023 0.30540457367897034 0.6970313787460327
0 0.806003749370575 0.6375954151153564 0.30078938603401184 0.6889660358428955 0.4144198000431061
1 0.7810714840888977 0.45794677734375 0.028314150869846344 0.5090006589889526 0.13986268639564514
0 0.7501060366630554 0.8127259612083435 0.6843476295471191 0.8843842148780823 0.8248641490936279
1 0.741410493850708 0.3163115978240967 0.10148081183433533 0.3755725026130676 0.25132128596305847
