0 0.7374682426452637 0.5334323048591614 0.34960320591926575 0.587284505367279 0.467460960149765
0 0.6852917075157166 0.5062351226806641 0.05980498716235161 0.5583089590072632 0.1758672446012497
0 0.6295322179794312 0.5450090169906616 0.08217556774616241 0.5943911075592041 0.1998663991689682
0 0.5915854573249817 0.46070846915245056 0.07705501466989517 0.5260573625564575 0.22691121697425842
0 0.5483521223068237 0.25924938917160034 0.052417412400245667 0.32366305589675903 0.1942659467458725
0 0.5281496047973633 0.5587188005447388 0.09631919860839844 0.6092839241027832 0.211972177028656
0 0.5186885595321655 0.7172982096672058 0.06425648182630539 0.7694364190101624 0.18240904808044434
0 0.4999854862689972 -1.228914499282837 -1.197509527206421 2.9144561290740967 1.50592041015625
0 0.49998533725738525 -0.033965662121772766 0.009868406690657139 0.15116293728351593 0.02509770542383194
0 0.49998509883880615 -0.7937015891075134 -0.11110439896583557 1.834475040435791 0.24207869172096252
0 0.49997660517692566 -0.09070004522800446 0.003456816542893648 0.16734541952610016 0.013238564133644104
0 0.4999752640724182 -0.03816754370927811 0.018196124583482742 0.1652684211730957 0.03358213230967522
0 0.4999372363090515 -0.5910962224006653 -0.28281718492507935 1.9937593936920166 1.515923261642456
0 0.49993520975112915 -0.9973853826522827 -0.10579389333724976 1.8023229837417603 0.7166762948036194
0 0.49993404746055603 0.17745274305343628 0.35155346989631653 0.33754241466522217 0.41472044587135315
0 0.4999275505542755 0.278871089220047 -0.1440899670124054 0.6236135959625244 0.40857478976249695
0 0.4999256134033203 0.15374478697776794 0.020196538418531418 0.33212098479270935 0.0780525952577591
0 0.48572057485580444 0.5695310831069946 0.10436349362134933 0.6316615343093872 0.2495860457420349
