0 0.7683743834495544 0.5088632106781006 0.06713505834341049 0.5607569217681885 0.18365272879600525
0 0.6147396564483643 0.5396425127983093 0.0853142961859703 0.5888481736183167 0.20124080777168274
0 0.6064093112945557 0.4658518135547638 0.09373793751001358 0.530424952507019 0.2429979145526886
0 0.53461092710495 0.26449403166770935 0.07431924343109131 0.32928410172462463 0.21779757738113403
0 0.49882590770721436 0.1321445107460022 0.0875566378235817 0.4057580232620239 0.18755260109901428
0 0.4987564980983734 -0.6788797974586487 -0.28460052609443665 2.1751623153686523 1.0042965412139893
0 0.49871528148651123 0.17342904210090637 -0.023787111043930054 0.96893310546875 0.42029163241386414
0 0.4967688322067261 0.013025730848312378 0.03305067867040634 0.4108715355396271 0.10883966833353043
0 0.4960753321647644 -0.16636663675308228 0.1463131606578827 1.4554693698883057 1.1114307641983032
0 0.4957438111305237 -0.09713640809059143 0.01376187801361084 0.888629674911499 0.694353461265564
0 0.49563974142074585 0.2147495299577713 0.38192808628082275 0.5574243068695068 0.5246185660362244
0 0.49239975214004517 0.2558474838733673 0.18998344242572784 0.6590104103088379 0.3827793002128601
0 0.49227386713027954 0.38568657636642456 0.020313099026679993 0.6332208514213562 0.47369492053985596
0 0.45009833574295044 0.5497490763664246 0.10521377623081207 0.6143158078193665 0.2518020272254944
