0 0.6621019244194031 0.5515010952949524 0.075526162981987 0.601166307926178 0.19447948038578033
0 0.6536413431167603 0.5164384245872498 0.0646999180316925 0.568322479724884 0.1800636351108551
0 0.612617552280426 0.46472305059432983 0.09077752381563187 0.5298261642456055 0.24055665731430054
0 0.6126001477241516 0.5790227055549622 0.1002516970038414 0.6405250430107117 0.24526378512382507
0 0.5593902468681335 0.2533763647079468 0.05302392691373825 0.3176974058151245 0.19455993175506592
0 0.4999884068965912 -1.2082910537719727 -1.3570340871810913 2.9049787521362305 1.634177327156067
0 0.49998825788497925 -0.043300092220306396 0.007234908640384674 0.1433371901512146 0.020466946065425873
0 0.4999881982803345 -1.077608346939087 -0.10389843583106995 2.1304540634155273 0.21662220358848572
0 0.49998676776885986 -0.0853581354022026 0.0025385222397744656 0.15367281436920166 0.01146421767771244
0 0.4999837875366211 -0.042033858597278595 0.01644064486026764 0.15299516916275024 0.030693694949150085
0 0.49997249245643616 0.25671690702438354 -0.16609394550323486 0.6225375533103943 0.4198588728904724
0 0.49997127056121826 0.1574641764163971 0.02256273664534092 0.30652907490730286 0.07100898772478104
0 0.4999633729457855 -0.6146050095558167 -0.39628738164901733 2.028106451034546 1.617924451828003
0 0.4999625086784363 -1.184506893157959 -0.09355229139328003 1.9718084335327148 0.6852565407752991
0 0.4999617338180542 0.17185528576374054 0.3482590615749359 0.31296926736831665 0.4081322252750397
0 0.47067394852638245 0.7126489877700806 0.05714297667145729 0.7646405696868896 0.17573785781860352
