0 0.9813289046287537 0.5141838788986206 0.1806715726852417 0.5676167011260986 0.29503101110458374
0 0.9685953855514526 0.6295800805091858 0.28996869921684265 0.6849395632743835 0.40483489632606506
1 0.9382469654083252 0.2608986794948578 0.2964385449886322 0.3136956989765167 0.4128730595111847
1 0.9287692904472351 0.3109827935695648 0.2768341302871704 0.3770911991596222 0.42099642753601074
1 0.92405104637146 0.24764569103717804 0.38413864374160767 0.30373790860176086 0.499271035194397
1 0.9196032285690308 0.1543886363506317 0.32481127977371216 0.23437997698783875 0.49388134479522705
0 0.9059817790985107 0.448257178068161 0.3640091121196747 0.5166720747947693 0.5323161482810974
1 0.9057331681251526 0.17571406066417694 0.03568272292613983 0.23229636251926422 0.17015333473682404
0 0.9013321995735168 0.5875884890556335 0.2601490318775177 0.6507936120033264 0.4160933196544647
0 0.8779264688491821 0.5431722402572632 0.0995623767375946 0.5941485166549683 0.21778759360313416
1 0.874789297580719 0.29677456617355347 0.0765199214220047 0.34935659170150757 0.19105325639247894
1 0.8474964499473572 0.3724827170372009 0.02997410297393799 0.4346478581428528 0.1959267258644104
0 0.8248248100280762 0.4810275435447693 0.5890209078788757 0.5332785248756409 0.7016574740409851
1 0.8245686888694763 0.40661296248435974 0.19425612688064575 0.45671817660331726 0.31022781133651733
0 0.822268545627594 0.6780680418014526 0.6734554767608643 0.7348774671554565 0.7869428396224976
0 0.7992214560508728 0.5754180550575256 0.512269914150238 0.6465995907783508 0.6660076975822449
1 0.7669097781181335 0.441768079996109 0.013430040329694748 0.49370601773262024 0.12563534080982208
0 0.7552130818367004 0.5705054998397827 0.49886295199394226 0.6239181756973267 0.6184968948364258
1 0.6965779662132263 0.2586578130722046 0.7069619297981262 0.332999587059021 0.8544744849205017
0 0.6002784371376038 0.725029468536377 0.18912404775619507 0.798818826675415 0.39107567071914673
