0 0.6716114282608032 0.5246703028678894 0.06960801780223846 0.5766698718070984 0.18503321707248688
0 0.6594265699386597 0.5586140155792236 0.07899466156959534 0.6083289384841919 0.19771263003349304
0 0.6103086471557617 0.47294771671295166 0.0930885598063469 0.5378336906433105 0.24254345893859863
0 0.5958330035209656 0.5823912024497986 0.10427303612232208 0.6443273425102234 0.24972222745418549
0 0.5507519245147705 0.2592259347438812 0.05525703728199005 0.3238793909549713 0.19713954627513885
0 0.49998700618743896 -1.2065670490264893 -1.2953131198883057 2.902007818222046 1.5894827842712402
0 0.4999869465827942 -0.04155039042234421 0.008213484659790993 0.14585500955581665 0.021991049870848656
0 0.4999866783618927 -1.042272925376892 -0.10656015574932098 2.102457046508789 0.22819165885448456
0 0.4999820291996002 -0.08650409430265427 0.0032613887451589108 0.16020089387893677 0.01281958632171154
0 0.49997878074645996 -0.03750690072774887 0.018646512180566788 0.1600511372089386 0.03446986898779869
0 0.4999726116657257 0.2567294239997864 -0.16173499822616577 0.6244627237319946 0.42045891284942627
0 0.4999715983867645 0.15637919306755066 0.022711146622896194 0.3046109974384308 0.07235236465930939
0 0.49994415044784546 -0.5347900986671448 -0.32180356979370117 1.9535794258117676 1.5453917980194092
0 0.49994245171546936 -1.048054575920105 -0.0962887704372406 1.8733769655227661 0.6975841522216797
0 0.4999415874481201 0.17671389877796173 0.34399908781051636 0.3279157280921936 0.40805143117904663
