0 0.6657906770706177 0.518523097038269 0.06827524304389954 0.5705063343048096 0.18314281105995178
0 0.6191940307617188 0.5490846633911133 0.08078667521476746 0.5987741947174072 0.19860735535621643
0 0.5925392508506775 0.47034886479377747 0.08704594522714615 0.5359726548194885 0.23661771416664124
0 0.5747411847114563 0.5248087644577026 0.35303443670272827 0.5784797668457031 0.4722746014595032
0 0.5463926196098328 0.26114070415496826 0.05500268191099167 0.3259010314941406 0.19678837060928345
0 0.5164040327072144 0.567223846912384 0.09929417073726654 0.6300353407859802 0.24681098759174347
0 0.4999848008155823 -1.1899179220199585 -1.250922679901123 2.882765769958496 1.5532572269439697
0 0.4999847412109375 -0.03890102356672287 0.008561262860894203 0.14921605587005615 0.023106804117560387
0 0.499984472990036 -0.9567837715148926 -0.103673055768013 2.0189480781555176 0.2300899177789688
0 0.4999796748161316 -0.08392050862312317 0.0034862984903156757 0.16163405776023865 0.013609625399112701
0 0.49997639656066895 -0.03425178676843643 0.020085129886865616 0.16246113181114197 0.036819782108068466
0 0.4999668300151825 0.2624002993106842 -0.15736538171768188 0.6279444694519043 0.42079442739486694
0 0.499965637922287 0.15949374437332153 0.0233236625790596 0.3117738366127014 0.07489269226789474
0 0.49993106722831726 -0.5028799176216125 -0.29250967502593994 1.9175081253051758 1.5189435482025146
0 0.49992895126342773 -1.0015380382537842 -0.08901423215866089 1.8313167095184326 0.6975412964820862
0 0.49992793798446655 0.17805901169776917 0.347735196352005 0.3347111642360687 0.41498562693595886
0 0.44779327511787415 0.7093971967697144 0.05933219939470291 0.7615906000137329 0.17816126346588135
