0 0.9598286151885986 0.5221802592277527 0.19661961495876312 0.5757657885551453 0.314021497964859
0 0.9597305059432983 0.6454794406890869 0.28230226039886475 0.7006287574768066 0.39718449115753174
0 0.9351422786712646 0.5360479354858398 0.10406357049942017 0.5884641408920288 0.22387725114822388
1 0.9265406131744385 0.27230915427207947 0.29027965664863586 0.3268822729587555 0.40676119923591614
0 0.8970708847045898 0.5829022526741028 0.24635785818099976 0.6457926630973816 0.4034464955329895
1 0.8939595818519592 0.27639102935791016 0.3832949101924896 0.3325624465942383 0.5017383694648743
1 0.8889780640602112 0.29377099871635437 0.08806856721639633 0.34652355313301086 0.20340433716773987
1 0.8867528438568115 0.17586494982242584 0.035507164895534515 0.23288099467754364 0.1698332130908966
1 0.8826259970664978 0.3351351320743561 0.2592579424381256 0.3984788954257965 0.408059686422348
1 0.8683568239212036 0.1672186553478241 0.32790595293045044 0.24663713574409485 0.49370962381362915
1 0.8463247418403625 0.37823039293289185 0.03705952316522598 0.44041866064071655 0.20282599329948425
1 0.7930450439453125 0.26412758231163025 0.7208897471427917 0.34063974022865295 0.8705640435218811
1 0.7612521052360535 0.442370742559433 0.015979446470737457 0.4948960840702057 0.12866297364234924
0 0.6200763583183289 0.5057737827301025 0.5577049851417542 0.559098482131958 0.6727208495140076
0 0.49995261430740356 -0.48529350757598877 -0.0016966909170150757 1.2337852716445923 0.2956719398498535
0 0.4999522566795349 -0.7497406005859375 -0.7154547572135925 2.1917338371276855 1.318547248840332
0 0.4999518394470215 0.059827402234077454 0.07078609615564346 0.21572427451610565 0.11873861402273178
0 0.49979811906814575 0.22603839635849 -0.16235476732254028 0.5539200901985168 0.6731261610984802
0 0.4997917413711548 0.32594847679138184 0.31682494282722473 0.5115898847579956 0.44350454211235046
0 0.499735951423645 -0.5105841159820557 0.07473865151405334 1.179268479347229 0.6008319854736328
