0 0.9670772552490234 0.5144678354263306 0.16605713963508606 0.5681933164596558 0.28053906559944153
0 0.9440556764602661 0.5756651163101196 0.4971449375152588 0.6277724504470825 0.6093215942382812
0 0.9434482455253601 0.3094903230667114 0.41760438680648804 0.3665425777435303 0.5352718234062195
1 0.9419074058532715 0.128603994846344 0.5876495838165283 0.1948280930519104 0.7368717193603516
1 0.9388957619667053 0.23615851998329163 0.3628838360309601 0.2915017902851105 0.4760982096195221
1 0.932761013507843 0.1491115391254425 0.31958645582199097 0.2225918471813202 0.47515904903411865
1 0.9284618496894836 0.30724719166755676 0.2886980175971985 0.37442585825920105 0.430634081363678
0 0.9070091843605042 0.47927311062812805 0.34403282403945923 0.5503173470497131 0.5262756943702698
1 0.9000601768493652 0.397676020860672 0.17475350201129913 0.44747957587242126 0.2914571166038513
1 0.8883582353591919 0.1788209229707718 0.03353460133075714 0.23324577510356903 0.16416965425014496
0 0.8746451735496521 0.5849416255950928 0.25004827976226807 0.6424037218093872 0.39696836471557617
1 0.8731871843338013 0.24218988418579102 0.29181376099586487 0.294971227645874 0.4076750576496124
0 0.8341248035430908 0.5694507360458374 0.1235971450805664 0.6211018562316895 0.2379378080368042
0 0.8288892507553101 0.6805498600006104 0.6744985580444336 0.7386424541473389 0.7883932590484619
0 0.8274332880973816 0.6406205892562866 0.27387621998786926 0.6921082735061646 0.3883715569972992
1 0.826177716255188 0.3071565330028534 0.10546363890171051 0.36596086621284485 0.25183457136154175
0 0.8223664164543152 0.4964752197265625 0.5864620804786682 0.5479820966720581 0.6930589079856873
1 0.8050763010978699 0.1302114576101303 0.4757232069969177 0.20018614828586578 0.6082364916801453
1 0.8017334938049316 0.44833073019981384 0.018275439739227295 0.500016450881958 0.13003909587860107
1 0.7754759788513184 0.247969850897789 0.5953472852706909 0.30352702736854553 0.7036771774291992
