0 0.6757171154022217 0.5258159041404724 0.06792333722114563 0.5779367089271545 0.1841023862361908
0 0.6586344242095947 0.5593445301055908 0.07721229642629623 0.608927845954895 0.19615021347999573
0 0.601116418838501 0.4734932482242584 0.09252098202705383 0.5381215810775757 0.24184104800224304
0 0.5897077322006226 0.5801344513893127 0.10285809636116028 0.6417238116264343 0.24841752648353577
1 0.5878215432167053 0.5010846257209778 0.42523878812789917 0.5578166842460632 0.5307876467704773
0 0.5491461753845215 0.256774365901947 0.05562762916088104 0.32097238302230835 0.1970973163843155
0 0.49998247623443604 -0.03447259962558746 0.008792689070105553 0.1512923389673233 0.02489353157579899
0 0.49998244643211365 -1.1157149076461792 -1.2450594902038574 2.8062210083007812 1.5504460334777832
0 0.4999821186065674 -0.8872605562210083 -0.10056750476360321 1.9592362642288208 0.23234616219997406
0 0.49998053908348083 -0.07559574395418167 0.0038319663144648075 0.1590701937675476 0.014821724966168404
0 0.4999742805957794 -0.027294322848320007 0.02175603248178959 0.16453860700130463 0.04000421613454819
0 0.49996131658554077 0.2709895372390747 -0.15803632140159607 0.6153427362442017 0.43915852904319763
0 0.4999597668647766 0.1718481481075287 0.026329077780246735 0.3268760144710541 0.08139093965291977
0 0.49991804361343384 -0.4828678369522095 -0.2738323211669922 1.8949061632156372 1.5057226419448853
0 0.4999154806137085 -0.95037841796875 -0.07997950911521912 1.7817480564117432 0.7078394889831543
0 0.4999144971370697 0.187505841255188 0.3612491190433502 0.3456500172615051 0.433581680059433
