1 0.6864908337593079 0.5667014718055725 0.34035560488700867 0.632233202457428 0.5010159015655518
0 0.665881335735321 0.5236605405807495 0.06467773765325546 0.5760704278945923 0.18093308806419373
0 0.6493422389030457 0.5552695989608765 0.07887451350688934 0.6050395965576172 0.19639261066913605
0 0.6144641637802124 0.470809668302536 0.0898045003414154 0.5352010130882263 0.23911139369010925
0 0.5391319394111633 0.2456669807434082 0.052334681153297424 0.3097231388092041 0.19391511380672455
0 0.5230641961097717 0.5770464539527893 0.10210471600294113 0.6393256783485413 0.24809449911117554
0 0.4999919831752777 -0.8597866296768188 -1.345487117767334 2.53518009185791 1.5773327350616455
0 0.4999917149543762 -0.04306870698928833 0.007275020703673363 0.13645440340042114 0.019531572237610817
0 0.49999168515205383 -2.018333673477173 -0.10192178189754486 2.879046678543091 0.18559293448925018
0 0.4999914765357971 -0.07824110239744186 0.003386786673218012 0.1447497010231018 0.011521050706505775
0 0.4999820590019226 -0.044912658631801605 0.014439537189900875 0.15218499302864075 0.028443381190299988
0 0.4999728202819824 0.252108633518219 -0.17456641793251038 0.6138433218002319 0.4160241186618805
0 0.499971866607666 0.15011267364025116 0.018376173451542854 0.2981400489807129 0.06614106893539429
0 0.49996626377105713 -1.1607840061187744 -0.10739403963088989 1.9676783084869385 0.6956806778907776
0 0.4999658763408661 0.17642509937286377 0.33341243863105774 0.31304025650024414 0.392218679189682
