0 0.9585759043693542 0.3377681374549866 0.3532106876373291 0.3972458243370056 0.4725293517112732
0 0.9502103924751282 0.586129903793335 0.24403342604637146 0.6400803327560425 0.3627103269100189
1 0.847493052482605 0.2872706353664398 0.2827177047729492 0.3463107645511627 0.3969804048538208
1 0.8178754448890686 0.407980352640152 0.4737836420536041 0.47374752163887024 0.6125932335853577
1 0.7853283286094666 0.20242667198181152 0.3173109292984009 0.2838943600654602 0.49031805992126465
0 0.7509218454360962 0.49807119369506836 0.040755730122327805 0.5510399341583252 0.15813584625720978
0 0.6983007192611694 0.5602370500564575 0.49356284737586975 0.6153059005737305 0.6073588132858276
0 0.5701878666877747 0.41933485865592957 0.053686536848545074 0.48074254393577576 0.21498218178749084
0 0.5661764740943909 0.20924903452396393 0.058919571340084076 0.27220115065574646 0.1965639889240265
0 0.49997997283935547 -0.7879380583763123 -1.187098741531372 2.413292169570923 1.4971842765808105
0 0.49997952580451965 -1.237163782119751 -0.06221798062324524 2.0813522338867188 0.19044968485832214
0 0.4999792277812958 -0.05884411931037903 0.007801627740263939 0.15895900130271912 0.023470008745789528
0 0.49996936321258545 -0.023982271552085876 0.014523298479616642 0.15625135600566864 0.038152724504470825
0 0.4999670088291168 -0.016604840755462646 0.034221015870571136 0.17290210723876953 0.05971954017877579
0 0.4999355375766754 0.24696719646453857 -0.1236717700958252 0.594139575958252 0.46624356508255005
0 0.4999348223209381 0.1859942376613617 0.06383664160966873 0.3572533428668976 0.1354195475578308
0 0.49987590312957764 -0.41688650846481323 -0.29004448652267456 1.7698323726654053 1.5125553607940674
0 0.49987471103668213 -0.7893549203872681 0.018919706344604492 1.4974807500839233 0.6167923212051392
0 0.4998703598976135 0.17967775464057922 0.37505966424942017 0.35704806447029114 0.4647172689437866
