0 0.9590610861778259 0.4595361351966858 0.30577465891838074 0.5270497798919678 0.4528724253177643
0 0.9532911777496338 0.6118746995925903 0.39632534980773926 0.6668342351913452 0.5154627561569214
0 0.9503254294395447 0.5250305533409119 0.20632125437259674 0.5785344243049622 0.3177124261856079
1 0.8965964317321777 0.32315483689308167 0.2563375234603882 0.394391268491745 0.4376333951950073
0 0.8676856160163879 0.8145272135734558 0.657285749912262 0.8867759108543396 0.8042741417884827
1 0.8612508177757263 0.42418959736824036 0.1933998167514801 0.4881744682788849 0.3578859865665436
1 0.8342971205711365 0.644601583480835 0.6176912188529968 0.7115103006362915 0.7660984396934509
0 0.8061659932136536 0.6861875653266907 0.40094077587127686 0.7582013010978699 0.5891321301460266
0 0.7968854904174805 0.6900309920310974 0.1645147204399109 0.7410655617713928 0.279826283454895
1 0.7593672871589661 0.3081669211387634 0.5034111142158508 0.3668143153190613 0.6190527081489563
1 0.7462809085845947 0.35050907731056213 0.1052379310131073 0.40258917212486267 0.22049632668495178
1 0.7167370915412903 0.34567323327064514 0.010812453925609589 0.396394282579422 0.11623377352952957
1 0.7076213359832764 0.4927307665348053 0.18101556599140167 0.5448453426361084 0.2971935272216797
0 0.6930246949195862 0.6202260851860046 0.1851254552602768 0.6882167458534241 0.3603058457374573
0 0.4999341368675232 0.018056795001029968 0.04208905249834061 0.21079178154468536 0.08696799725294113
0 0.49993348121643066 -0.36797893047332764 -0.04160130023956299 1.2449110746383667 0.29217350482940674
0 0.4999326467514038 -0.6405090689659119 -0.8199142217636108 2.1817142963409424 1.258916974067688
0 0.49975958466529846 -0.29507535696029663 -0.16895467042922974 1.6137678623199463 1.3871023654937744
0 0.4997560381889343 -0.6495190858840942 0.02381032705307007 1.3268966674804688 0.6514338850975037
0 0.49974900484085083 0.20264600217342377 0.3960478603839874 0.3875390291213989 0.5097737312316895
