0 0.9805200099945068 0.5105985403060913 0.22668904066085815 0.565555214881897 0.3460184335708618
1 0.9335342049598694 0.3643365800380707 0.32449886202812195 0.43812307715415955 0.5180551409721375
1 0.9204222559928894 0.46785658597946167 0.2701934278011322 0.5186935067176819 0.38576212525367737
0 0.9124719500541687 0.6190462112426758 0.21139219403266907 0.6817562580108643 0.3820747435092926
1 0.8996766209602356 0.3361583650112152 0.0034277327358722687 0.38912251591682434 0.11484022438526154
0 0.8751955032348633 0.6601423621177673 0.18844974040985107 0.7126343846321106 0.3042612075805664
1 0.8361859321594238 0.4167550802230835 0.09289070963859558 0.46982723474502563 0.20736035704612732
1 0.7815676927566528 0.23092351853847504 0.17560569941997528 0.29637449979782104 0.31621670722961426
1 0.713491678237915 0.32404085993766785 0.5587958097457886 0.395293265581131 0.7065188884735107
0 0.6937486529350281 0.6173611283302307 0.4337432086467743 0.6707820296287537 0.5493171215057373
0 0.6864516139030457 0.7740617394447327 0.6616456508636475 0.8444492220878601 0.817206859588623
0 0.602270781993866 0.6284629702568054 0.5895687937736511 0.7068951725959778 0.7891860604286194
0 0.499983549118042 -0.6500800251960754 -1.19290292263031 2.2732441425323486 1.4803062677383423
0 0.4999834895133972 -1.6272568702697754 -0.0684809684753418 2.4137673377990723 0.18469327688217163
0 0.4999825954437256 -0.07505026459693909 0.008078483864665031 0.15690556168556213 0.021630199626088142
0 0.4999801814556122 -0.03875786066055298 0.0144271831959486 0.16568350791931152 0.0358048677444458
0 0.4999775290489197 -0.031219594180583954 0.04143142327666283 0.16083335876464844 0.062207821756601334
0 0.4999660849571228 0.2305472195148468 -0.13712432980537415 0.5722007751464844 0.42285194993019104
0 0.4999639093875885 0.17575061321258545 0.06138632819056511 0.3525579571723938 0.132859006524086
0 0.4998112618923187 -0.9166336059570312 0.04458382725715637 1.667323350906372 0.6009631156921387
