0 0.6686468720436096 0.522820770740509 0.06607828289270401 0.5753217339515686 0.18278583884239197
0 0.6509143114089966 0.5547253489494324 0.0803266167640686 0.6044939160346985 0.19792503118515015
0 0.6190723180770874 0.4709635078907013 0.09174521267414093 0.5351924896240234 0.24100260436534882
0 0.540876567363739 0.24369993805885315 0.05355171859264374 0.30792686343193054 0.19522441923618317
0 0.5321563482284546 0.5772086381912231 0.10408508777618408 0.6393901109695435 0.2500535249710083
0 0.4999746084213257 -1.1539267301559448 -0.7665905356407166 2.7740869522094727 1.216176986694336
0 0.4999730885028839 0.24592506885528564 -0.1668732464313507 0.6031386256217957 0.48274460434913635
0 0.49997174739837646 0.18605735898017883 0.04581576585769653 0.32983073592185974 0.10211902856826782
0 0.4999668300151825 -0.03602521866559982 0.013285933062434196 0.16350805759429932 0.03393995761871338
0 0.49996572732925415 -0.8628142476081848 -0.08856211602687836 1.9378046989440918 0.2550751566886902
0 0.49996280670166016 -0.04263680428266525 0.02227822318673134 0.1791907548904419 0.04088374599814415
0 0.49995535612106323 -0.5353142023086548 -0.3074888586997986 1.929209589958191 1.5476689338684082
0 0.4999538064002991 -1.114372730255127 -0.14734512567520142 1.8941776752471924 0.7809106707572937
0 0.4999532699584961 0.19018161296844482 0.38592052459716797 0.3344913721084595 0.4503968358039856
0 0.4999515414237976 -0.09740947186946869 0.004239128436893225 0.19121180474758148 0.01804114691913128
