0 0.6678152680397034 0.5220758318901062 0.06532007455825806 0.5741673111915588 0.18136227130889893
0 0.6491820812225342 0.5583614110946655 0.07577261328697205 0.6079988479614258 0.19439104199409485
0 0.6076534390449524 0.469592809677124 0.08990801870822906 0.5342451333999634 0.2393655627965927
0 0.5908567309379578 0.5818381309509277 0.10091932117938995 0.6436355113983154 0.24633292853832245
0 0.5507764220237732 0.25041767954826355 0.05264440178871155 0.31459566950798035 0.19400343298912048
0 0.4999903440475464 -0.8040177822113037 -1.2474102973937988 2.456507921218872 1.481544017791748
0 0.4999900460243225 -1.7655612230300903 -0.09951536357402802 2.63665771484375 0.18945841491222382
0 0.49998968839645386 -0.07224248349666595 0.0035897609777748585 0.15198121964931488 0.013023246079683304
0 0.49998730421066284 -0.04088928550481796 0.007204560097306967 0.14292219281196594 0.021417470648884773
0 0.4999808967113495 -0.029423333704471588 0.01818270981311798 0.16082420945167542 0.03470467031002045
0 0.49997639656066895 0.2562967836856842 -0.1710701286792755 0.62031090259552 0.4263659417629242
0 0.4999752640724182 0.1616469919681549 0.022945938631892204 0.30357983708381653 0.07217967510223389
0 0.49995142221450806 -0.5389549732208252 -0.345703125 1.950106143951416 1.5631687641143799
0 0.49994993209838867 -1.1017818450927734 -0.1318003237247467 1.9024920463562012 0.7393027544021606
0 0.4999490976333618 0.18779084086418152 0.36332476139068604 0.32778844237327576 0.42867183685302734
