0 0.6718859672546387 0.5107282996177673 0.06331608444452286 0.5627191662788391 0.17959746718406677
0 0.6535160541534424 0.5473119020462036 0.08216866850852966 0.5968536138534546 0.2009957730770111
0 0.5864253640174866 0.46691539883613586 0.08391073346138 0.5320836305618286 0.23325708508491516
0 0.5576993227005005 0.571118175983429 0.10654120147228241 0.6328900456428528 0.2514001131057739
0 0.5457932353019714 0.2641596496105194 0.0540645569562912 0.3286307752132416 0.19623173773288727
0 0.4999852776527405 -1.2017548084259033 -1.1866557598114014 2.8860738277435303 1.4960472583770752
0 0.49998506903648376 -0.034594208002090454 0.010211536660790443 0.15224811434745789 0.025519540533423424
0 0.49998486042022705 -0.7813405394554138 -0.11461006104946136 1.818950891494751 0.2448670119047165
0 0.49997496604919434 -0.09388019144535065 0.0035062148235738277 0.17024613916873932 0.013283280655741692
0 0.4999748468399048 -0.0402471125125885 0.017668191343545914 0.16601595282554626 0.03278171643614769
0 0.49994558095932007 -0.6223210692405701 -0.2950575351715088 2.0286052227020264 1.5269193649291992
0 0.4999437928199768 -1.0067954063415527 -0.11312398314476013 1.8133318424224854 0.7185970544815063
0 0.49994271993637085 0.1780288815498352 0.34923189878463745 0.33466392755508423 0.4104430675506592
0 0.49992120265960693 0.282366007566452 -0.14512106776237488 0.6247795820236206 0.4070988595485687
0 0.49991917610168457 0.1521853804588318 0.019441455602645874 0.33275115489959717 0.07824650406837463
0 0.45366978645324707 0.7143357396125793 0.06678728759288788 0.7662298083305359 0.18482078611850739
