0 0.6904874444007874 0.516968846321106 0.06374600529670715 0.569017767906189 0.17990759015083313
0 0.6741241812705994 0.5541976690292358 0.08454239368438721 0.6041467189788818 0.2015196681022644
0 0.5599092841148376 0.47981882095336914 0.08664316684007645 0.5450941324234009 0.23572635650634766
0 0.4998778700828552 -0.5444663763046265 -0.6007148623466492 2.1113228797912598 1.2073674201965332
0 0.49987560510635376 -0.5627428889274597 -0.07818707823753357 1.4466676712036133 0.32619157433509827
0 0.49987414479255676 0.006161130964756012 0.03624294325709343 0.22258725762367249 0.06818796694278717
0 0.4997735619544983 -0.05919167399406433 0.008916562423110008 0.22504225373268127 0.03424298018217087
0 0.49969685077667236 -0.5055162310600281 -0.06539827585220337 1.3504180908203125 0.7127981185913086
0 0.4996902346611023 0.20559900999069214 0.3589272201061249 0.40793484449386597 0.450410932302475
0 0.4993680417537689 0.33848562836647034 -0.08626532554626465 0.6373291015625 0.47958964109420776
0 0.49936148524284363 0.20952346920967102 0.07165943086147308 0.4617822468280792 0.1796233206987381
0 0.46418118476867676 0.2854040563106537 0.061670854687690735 0.3500120937824249 0.20363007485866547
0 0.42751818895339966 0.7118476033210754 0.0717376172542572 0.7638289332389832 0.18930938839912415
0 0.41549116373062134 0.571436882019043 0.1053624376654625 0.634110689163208 0.2512126863002777
