0 0.9542368054389954 0.5837680101394653 0.24054069817066193 0.6379311084747314 0.3594830632209778
0 0.9151660203933716 0.3536391854286194 0.3222355246543884 0.412874698638916 0.4452142119407654
1 0.9108291864395142 0.2826387584209442 0.25277236104011536 0.3417932093143463 0.36755016446113586
1 0.8978525996208191 0.2060619592666626 0.30001819133758545 0.28672051429748535 0.4783463478088379
0 0.8037192821502686 0.2038629651069641 0.05868866294622421 0.2671791911125183 0.1971336305141449
0 0.7764211297035217 0.5565738677978516 0.4923553466796875 0.612006425857544 0.6051117181777954
1 0.761633038520813 0.4179319143295288 0.46097278594970703 0.4832642078399658 0.6002607345581055
0 0.7524470090866089 0.48573654890060425 0.04238886758685112 0.5386607050895691 0.16087298095226288
0 0.5556321740150452 0.6209571957588196 0.21759527921676636 0.6801380515098572 0.3561895489692688
0 0.5347509980201721 0.40520423650741577 0.06457746028900146 0.4673460125923157 0.22475981712341309
0 0.49998044967651367 -0.7116877436637878 -1.120823621749878 2.309332847595215 1.4029419422149658
0 0.49998024106025696 -0.9268275499343872 -0.07571101188659668 1.771147608757019 0.20005422830581665
0 0.49997931718826294 -0.05565745383501053 0.0069189490750432014 0.1682506799697876 0.023502249270677567
0 0.4999731183052063 -0.018526479601860046 0.029858820140361786 0.16046057641506195 0.0528874471783638
0 0.49996674060821533 -0.026901274919509888 0.01111619919538498 0.16927680373191833 0.034543462097644806
0 0.49995818734169006 -1.0460231304168701 -0.05153658986091614 1.7767019271850586 0.6674821376800537
0 0.49995648860931396 0.1830383986234665 0.37449994683265686 0.314383327960968 0.44574931263923645
0 0.4999057352542877 0.23172491788864136 -0.10708850622177124 0.5931727886199951 0.4292446970939636
0 0.4999040365219116 0.17233940958976746 0.0524161271750927 0.35816946625709534 0.13106687366962433
