0 0.6829521059989929 0.5177100896835327 0.06556802988052368 0.5695453882217407 0.18095284700393677
0 0.6624113321304321 0.5430130362510681 0.08919386565685272 0.5925056338310242 0.2039906531572342
0 0.5900601744651794 0.4776725172996521 0.08851377665996552 0.5431193709373474 0.23752577602863312
0 0.518248438835144 0.28127625584602356 0.06392429769039154 0.3462332785129547 0.20701737701892853
0 0.4998173713684082 0.02681387960910797 0.02585260197520256 0.2455386370420456 0.06743235886096954
0 0.49981218576431274 -0.8694810271263123 -0.6233134269714355 2.4868805408477783 1.1249605417251587
0 0.4998084306716919 -0.06977283954620361 -0.07798771560192108 1.1899491548538208 0.3374177813529968
0 0.4997444748878479 0.011634014546871185 0.04067964851856232 0.25370410084724426 0.0802040547132492
0 0.4997207522392273 -0.04543261229991913 0.011591547168791294 0.23394541442394257 0.03896743804216385
0 0.49940264225006104 -0.37365537881851196 -0.022936344146728516 1.746182918548584 1.2732455730438232
0 0.49937134981155396 -0.3886173665523529 -0.04895952343940735 1.2306265830993652 0.708246111869812
0 0.4993654191493988 0.2071934938430786 0.35648056864738464 0.4444187879562378 0.46184179186820984
0 0.4988449215888977 0.3392794728279114 -0.07423210144042969 0.6367999315261841 0.46268773078918457
0 0.4988296329975128 0.20323923230171204 0.07690059393644333 0.5047767162322998 0.18516945838928223
