0 0.6631702780723572 0.5244877934455872 0.06826993077993393 0.5764709115028381 0.18380990624427795
0 0.6545343399047852 0.5568674802780151 0.07855525612831116 0.6067709922790527 0.19725707173347473
0 0.6000210046768188 0.47494903206825256 0.09191615879535675 0.5401454567909241 0.24144254624843597
0 0.5566542148590088 0.5779778361320496 0.10176631808280945 0.6400229334831238 0.24794229865074158
0 0.5491501688957214 0.26318734884262085 0.055371157824993134 0.3277844786643982 0.19710171222686768
0 0.49998340010643005 -1.179438829421997 -1.2333002090454102 2.8689959049224854 1.5411999225616455
0 0.49998337030410767 -0.03717764467000961 0.008920816704630852 0.15047696232795715 0.024271400645375252
0 0.4999830722808838 -0.9092731475830078 -0.10194094479084015 1.9640157222747803 0.23269332945346832
0 0.49997884035110474 -0.08430612087249756 0.00325773935765028 0.16155773401260376 0.013575267978012562
0 0.49997881054878235 -0.0343664214015007 0.019399959594011307 0.16021955013275146 0.035669904202222824
0 0.49995821714401245 0.2669973373413086 -0.1523788869380951 0.6272785067558289 0.42366543412208557
0 0.4999566674232483 0.16268384456634521 0.024155067279934883 0.3216683268547058 0.07849414646625519
0 0.4999374449253082 -0.5435446500778198 -0.3226308822631836 1.9547182321548462 1.5487958192825317
0 0.4999355971813202 -1.0569796562194824 -0.08322769403457642 1.8753914833068848 0.6916982531547546
0 0.4999345541000366 0.17483823001384735 0.3454492688179016 0.32891249656677246 0.4113367795944214
0 0.4809359014034271 0.6059272885322571 0.300184428691864 0.6703881621360779 0.4641094207763672
0 0.46814870834350586 0.7090559005737305 0.05853358656167984 0.7612888813018799 0.177444189786911
