0 0.9715238213539124 0.45187267661094666 0.12911055982112885 0.5041894912719727 0.24588634073734283
0 0.9329331517219543 0.6385838985443115 0.28200775384902954 0.6922413110733032 0.395141065120697
0 0.9276455044746399 0.6060587167739868 0.45928823947906494 0.6607950925827026 0.5779874324798584
1 0.9256652593612671 0.30468714237213135 0.09971491992473602 0.35886573791503906 0.2160513550043106
0 0.9046666026115417 0.5554350018501282 0.5453851222991943 0.6101483702659607 0.656562089920044
0 0.8928476572036743 0.3261137008666992 0.3594417870044708 0.3933546543121338 0.5146685838699341
1 0.8905715346336365 0.19284629821777344 0.027998797595500946 0.251211941242218 0.16703277826309204
0 0.882935643196106 0.4967963397502899 0.26402828097343445 0.5630979537963867 0.41107097268104553
1 0.8608267307281494 0.24628549814224243 0.2770746350288391 0.3032744526863098 0.3935067057609558
1 0.8558631539344788 0.25095972418785095 0.38783979415893555 0.31108418107032776 0.5068870186805725
1 0.8090494871139526 0.16293111443519592 0.231052428483963 0.23442384600639343 0.3994416892528534
1 0.7769457697868347 0.2686591148376465 0.7194113731384277 0.3458253741264343 0.8720993995666504
1 0.6943166851997375 0.38331088423728943 0.46977701783180237 0.44067880511283875 0.5866453051567078
1 0.6680530905723572 0.43066737055778503 0.03840942680835724 0.4920315444469452 0.20463375747203827
0 0.6532988548278809 0.2584461569786072 0.532443106174469 0.3342263102531433 0.6956321597099304
0 0.49996501207351685 -0.01974841207265854 0.010376994498074055 0.17057886719703674 0.0353548489511013
0 0.49996447563171387 -0.8765265941619873 -0.9262655377388 2.4331915378570557 1.25103759765625
0 0.4999641180038452 -0.7319772839546204 -0.06397351622581482 1.6171915531158447 0.21358296275138855
0 0.4999367594718933 0.007389061152935028 0.04182029888033867 0.1922803521156311 0.07677935063838959
0 0.49993252754211426 0.013276003301143646 0.018046822398900986 0.20321938395500183 0.05215296521782875
