0 0.9529285430908203 0.45241352915763855 0.10092370212078094 0.5032327175140381 0.21857430040836334
1 0.9407985210418701 0.29436516761779785 0.0940052792429924 0.3476043939590454 0.21050560474395752
0 0.9370424747467041 0.6050490736961365 0.4545615017414093 0.6590650677680969 0.5728336572647095
0 0.9352192878723145 0.634000837802887 0.27009525895118713 0.6891576647758484 0.38601359724998474
0 0.9339257478713989 0.5442070364952087 0.5446459054946899 0.5993439555168152 0.6546595096588135
0 0.9335976243019104 0.3212893605232239 0.3339290916919708 0.3847615718841553 0.4851069748401642
1 0.9107950329780579 0.23918630182743073 0.2974223494529724 0.29757800698280334 0.41370630264282227
0 0.8806460499763489 0.31822964549064636 0.24289190769195557 0.37747374176979065 0.38597846031188965
1 0.8764850497245789 0.1976850926876068 0.022237196564674377 0.25564125180244446 0.15858833491802216
1 0.8654351830482483 0.3944471478462219 0.3324233591556549 0.46220022439956665 0.4796862304210663
1 0.8252917528152466 0.16657057404518127 0.22206935286521912 0.23853012919425964 0.3959179222583771
0 0.7823793292045593 0.509224534034729 0.13083279132843018 0.5671112537384033 0.27923983335494995
1 0.7813076972961426 0.2534160017967224 0.4203891158103943 0.3120768666267395 0.5380880832672119
1 0.7142942547798157 0.26991137862205505 0.7186605930328369 0.34677746891975403 0.8705966472625732
1 0.704755425453186 0.41629260778427124 0.04162478446960449 0.4776284694671631 0.20601242780685425
0 0.7011305093765259 0.2561846673488617 0.543962836265564 0.3303227722644806 0.7010749578475952
1 0.5667712092399597 0.35676392912864685 0.47335004806518555 0.42261210083961487 0.6118961572647095
0 0.4999748468399048 -0.8916745185852051 -0.9554532766342163 2.4529969692230225 1.2630547285079956
0 0.4999741315841675 -0.819648265838623 -0.07391461730003357 1.6780505180358887 0.2120741903781891
0 0.4999738335609436 -0.03715150058269501 0.011021326296031475 0.16603229939937592 0.03077613189816475
