0 0.9774478077888489 0.5100881457328796 0.2261183261871338 0.5646159052848816 0.3452686071395874
1 0.933074414730072 0.37057068943977356 0.32315775752067566 0.44353434443473816 0.5090750455856323
1 0.9010375738143921 0.46067744493484497 0.2649293541908264 0.5111826062202454 0.3800322413444519
0 0.8966631889343262 0.6195115447044373 0.2106824368238449 0.6823182702064514 0.3804844617843628
0 0.8668705821037292 0.6597490310668945 0.18620511889457703 0.7122213840484619 0.30225273966789246
1 0.8168810606002808 0.33077576756477356 0.01048358529806137 0.38411423563957214 0.12521997094154358
0 0.69123375415802 0.6186231374740601 0.4184829592704773 0.6720691919326782 0.5342409610748291
1 0.6763771772384644 0.41460785269737244 0.09361215680837631 0.46563103795051575 0.20467600226402283
0 0.6720101833343506 0.4694713056087494 0.04877571389079094 0.5224855542182922 0.16481633484363556
0 0.6487019062042236 0.7740817666053772 0.6593645215034485 0.8445269465446472 0.8155980706214905
1 0.6275893449783325 0.32807743549346924 0.5526567101478577 0.39877569675445557 0.6984186768531799
0 0.5413984060287476 0.6297040581703186 0.580376386642456 0.7074669003486633 0.7778987884521484
0 0.49998345971107483 -0.9073691368103027 -0.06334888935089111 1.854097843170166 0.22162801027297974
0 0.4999833405017853 -0.817127525806427 -1.2278337478637695 2.428563117980957 1.57041597366333
0 0.49998319149017334 -0.03199554234743118 0.019298531115055084 0.16264653205871582 0.04180856794118881
0 0.49998003244400024 0.202181875705719 -0.16341382265090942 0.605277955532074 0.4427186846733093
0 0.49997857213020325 0.17252883315086365 0.05931980907917023 0.3254950940608978 0.11897598206996918
0 0.49997633695602417 -0.06820456683635712 0.011790473945438862 0.16364727914333344 0.028638523072004318
0 0.4999534487724304 -0.029592834413051605 0.04792974889278412 0.17215821146965027 0.07535518705844879
0 0.4997941553592682 -0.4685260057449341 -0.23028475046157837 1.834504246711731 1.4563579559326172
