0 0.9154821038246155 0.6284514665603638 0.1456964612007141 0.6790264844894409 0.2561221122741699
0 0.8646920919418335 0.6221351623535156 0.09606346487998962 0.6733474731445312 0.20892736315727234
0 0.8645464181900024 0.6282795667648315 0.24211160838603973 0.6788316965103149 0.34786826372146606
1 0.8279772400856018 0.2702270746231079 0.27048200368881226 0.32546305656433105 0.3786327838897705
1 0.743468165397644 0.2804143726825714 0.3455387353897095 0.3357865512371063 0.45641636848449707
1 0.710932731628418 0.1471260040998459 0.5660719871520996 0.2171546369791031 0.7140552997589111
1 0.681879460811615 0.1500522792339325 0.7246841192245483 0.22837260365486145 0.8695108890533447
1 0.6798062920570374 0.4288426637649536 0.4707373380661011 0.4852421283721924 0.5838221311569214
1 0.6735626459121704 0.3091539740562439 0.12788139283657074 0.3590075373649597 0.23672671616077423
1 0.611255943775177 0.19697389006614685 0.4590291380882263 0.26981183886528015 0.5999206900596619
1 0.6016477942466736 0.1911850869655609 0.18678367137908936 0.25924912095069885 0.32857048511505127
0 0.5909960865974426 0.7065463066101074 0.045150384306907654 0.7610269784927368 0.16573120653629303
1 0.5791584253311157 0.19653895497322083 0.30664876103401184 0.2713402211666107 0.46640995144844055
1 0.5733156204223633 0.29836928844451904 0.21550291776657104 0.3491741418838501 0.32519036531448364
1 0.55503249168396 0.281724750995636 0.582377552986145 0.33743172883987427 0.6935173273086548
0 0.5345615148544312 0.6430277824401855 0.04924120754003525 0.6940267086029053 0.16129139065742493
0 0.5315470695495605 0.7074020504951477 0.09624739736318588 0.7595850825309753 0.22192952036857605
1 0.5149086117744446 0.33329012989997864 0.04813246801495552 0.382705420255661 0.1552509218454361
0 0.5140906572341919 0.6796903014183044 0.6644279360771179 0.7339155077934265 0.7749953866004944
0 0.5074172019958496 0.7375925183296204 0.12671734392642975 0.7987555861473083 0.27845942974090576
