0 0.8504095673561096 0.5903170108795166 0.496141254901886 0.6441987752914429 0.6041507124900818
0 0.6678373217582703 0.5235862731933594 0.06770134717226028 0.5756149291992188 0.1831950545310974
0 0.6507745981216431 0.5591764450073242 0.0769382193684578 0.60874342918396 0.19558417797088623
0 0.6087148785591125 0.5840654373168945 0.10350045561790466 0.6458116769790649 0.248067706823349
0 0.603500485420227 0.4697873592376709 0.09194514900445938 0.5345726013183594 0.2413000762462616
0 0.558343768119812 0.25184664130210876 0.053543634712696075 0.316283255815506 0.1953597068786621
0 0.4999900460243225 -1.2726805210113525 -1.3879249095916748 2.9716532230377197 1.662839651107788
0 0.49998998641967773 -0.043733149766922 0.007042954210191965 0.13969728350639343 0.019605865702033043
0 0.4999898076057434 -1.1653199195861816 -0.10894496738910675 2.220252752304077 0.22152020037174225
0 0.49998778104782104 -0.08369681984186172 0.0030816462822258472 0.15198788046836853 0.01163456216454506
0 0.49998265504837036 -0.0359928235411644 0.019251378253102303 0.15516778826713562 0.034394413232803345
0 0.49997851252555847 0.2514874041080475 -0.1699233055114746 0.6168338060379028 0.42039722204208374
0 0.499977707862854 0.15456530451774597 0.02095227874815464 0.29696419835090637 0.0678522065281868
0 0.49993419647216797 -0.5089663863182068 -0.30932068824768066 1.9202349185943604 1.5419974327087402
0 0.499932199716568 -1.07498037815094 -0.08928903937339783 1.892330288887024 0.7034192085266113
0 0.49993133544921875 0.17728868126869202 0.35291337966918945 0.33208224177360535 0.41883689165115356
