0 0.8835758566856384 0.5776023268699646 0.359053373336792 0.648213803768158 0.5400859117507935
1 0.8068856000900269 0.380222886800766 0.2075185626745224 0.4463607370853424 0.3829939365386963
0 0.7354897856712341 0.47547993063926697 0.02843412384390831 0.5322310328483582 0.1486978828907013
0 0.5658965110778809 0.41675153374671936 0.0680275410413742 0.47734901309013367 0.21719665825366974
1 0.5153555870056152 0.234469473361969 0.05494850128889084 0.2973572015762329 0.19528800249099731
0 0.4999808073043823 -0.780092179775238 -1.0487456321716309 2.363723039627075 1.553879737854004
0 0.4999803602695465 -1.3601131439208984 -0.07998572289943695 2.139601469039917 0.2617760896682739
0 0.49998027086257935 -0.024375684559345245 0.025423865765333176 0.16022229194641113 0.0446559377014637
0 0.4999743103981018 -0.07351185381412506 0.0038289353251457214 0.16867955029010773 0.017786510288715363
0 0.49995943903923035 -0.51469486951828 -0.056249380111694336 1.606297492980957 0.2122092843055725
0 0.4999592900276184 -0.03488410264253616 0.009399959817528725 0.16690313816070557 0.030796876177191734
0 0.49995213747024536 0.27982956171035767 -0.12473005056381226 0.5907377004623413 0.45476865768432617
0 0.4999496042728424 0.18829843401908875 0.05183752253651619 0.356277734041214 0.1155238002538681
0 0.49991580843925476 0.16155493259429932 0.36088827252388 0.3289008140563965 0.4333389699459076
0 0.4999154806137085 -1.0189120769500732 -0.0443686842918396 1.8047399520874023 0.6647045016288757
1 0.47081488370895386 0.36002451181411743 0.18411198258399963 0.4254140853881836 0.35451266169548035
