0 0.6605063080787659 0.515789270401001 0.06447570770978928 0.5676993131637573 0.17997175455093384
0 0.6452414393424988 0.5866263508796692 0.10563313215970993 0.6477856040000916 0.2497326135635376
0 0.6370794773101807 0.5563501119613647 0.0747385248541832 0.6053948402404785 0.1933746039867401
0 0.607333242893219 0.4603274464607239 0.09443632513284683 0.5244847536087036 0.2435133159160614
0 0.5602813363075256 0.23577770590782166 0.05423710495233536 0.29983046650886536 0.19533386826515198
0 0.4999808073043823 -0.03810351341962814 0.009440507739782333 0.1523415446281433 0.026420388370752335
0 0.4999808073043823 -0.5663771629333496 -0.9962743520736694 2.13615083694458 1.4751261472702026
0 0.4999803602695465 -0.9636490345001221 -0.09536981582641602 2.0432868003845215 0.236383855342865
0 0.4999794363975525 -0.03176158666610718 0.022535249590873718 0.16632801294326782 0.03957153856754303
0 0.4999779462814331 0.25265762209892273 -0.16737326979637146 0.5930815935134888 0.4687367379665375
0 0.49997761845588684 -0.09094205498695374 0.0031086094677448273 0.17304661870002747 0.013646136969327927
0 0.49997657537460327 0.18236444890499115 0.037201881408691406 0.32559865713119507 0.08963823318481445
0 0.4999315142631531 -1.1532217264175415 -0.13525646924972534 1.91488516330719 0.7584814429283142
0 0.4999305009841919 0.18516620993614197 0.3723735809326172 0.34130409359931946 0.4404008984565735
