0 0.6677780151367188 0.5201876759529114 0.06709465384483337 0.5720630288124084 0.18230649828910828
0 0.6490474939346313 0.5529487133026123 0.07698094844818115 0.6025654077529907 0.19575071334838867
0 0.5977782607078552 0.4705215096473694 0.08889774978160858 0.5356594920158386 0.23832930624485016
0 0.5935355424880981 0.5727829337120056 0.09808981418609619 0.6350063681602478 0.2442481517791748
0 0.5473012924194336 0.2593189477920532 0.05520271509885788 0.3238244652748108 0.19701248407363892
0 0.4999847114086151 -1.171059489250183 -1.2605020999908447 2.864142417907715 1.5652954578399658
0 0.4999846816062927 -0.0385197252035141 0.00895196758210659 0.1491086333990097 0.023770326748490334
0 0.49998438358306885 -0.9700767993927002 -0.10425910353660583 2.0391218662261963 0.23219481110572815
0 0.49997901916503906 -0.08467640727758408 0.003411546815186739 0.16246244311332703 0.013684436678886414
0 0.4999769926071167 -0.03373555839061737 0.019749533385038376 0.1618776172399521 0.03644012287259102
0 0.49996787309646606 0.26084914803504944 -0.1595156490802765 0.6222031116485596 0.4297032058238983
0 0.49996671080589294 0.1628541350364685 0.024900678545236588 0.31427234411239624 0.07697629928588867
0 0.4999382197856903 -0.525357186794281 -0.3056451082229614 1.9412310123443604 1.536242961883545
0 0.4999363422393799 -1.0213623046875 -0.09761220216751099 1.8488554954528809 0.7077555060386658
0 0.4999353885650635 0.18038040399551392 0.35271334648132324 0.3334323763847351 0.4188944101333618
