0 0.9876577258110046 0.5708026885986328 0.23098793625831604 0.628308892250061 0.3570006787776947
0 0.9659039974212646 0.32817989587783813 0.35246482491493225 0.38464635610580444 0.4721880853176117
1 0.9452348351478577 0.2636875808238983 0.26080262660980225 0.32263216376304626 0.3801538348197937
1 0.9355036020278931 0.4468561112880707 0.3492688536643982 0.5116071701049805 0.5000852346420288
1 0.9305191040039062 0.29822424054145813 0.08769114315509796 0.3548850119113922 0.2080976814031601
1 0.8950204253196716 0.3669620156288147 0.4891482889652252 0.4315056800842285 0.6218675374984741
1 0.893746018409729 0.4255380630493164 0.2315462827682495 0.48614370822906494 0.3703024387359619
0 0.851495087146759 0.5445590019226074 0.5121539235115051 0.6002048254013062 0.6265217661857605
1 0.8477960228919983 0.17482376098632812 0.2104918360710144 0.2467692494392395 0.38733869791030884
1 0.6152328252792358 0.4109860062599182 0.05478808283805847 0.4671704173088074 0.21327528357505798
0 0.5443486571311951 0.2966293394565582 0.010346479713916779 0.3509626090526581 0.13946479558944702
0 0.4999820590019226 -0.8926177024841309 -1.1795839071273804 2.531710624694824 1.462964653968811
0 0.49998170137405396 -1.325344204902649 -0.07287329435348511 2.1660759449005127 0.1886792778968811
0 0.4999810755252838 -0.06337292492389679 0.006063741631805897 0.1525321751832962 0.01825781539082527
0 0.49997419118881226 0.2839224338531494 -0.11774641275405884 0.569202721118927 0.48384910821914673
0 0.4999726414680481 0.214704692363739 0.076596200466156 0.36319494247436523 0.14285987615585327
0 0.499970018863678 -0.02211470901966095 0.011559241451323032 0.16355545818805695 0.03397060185670853
0 0.4999690055847168 -0.03580696880817413 0.026902994140982628 0.16315628588199615 0.04760155826807022
0 0.49993959069252014 -0.5091592073440552 -0.3441014289855957 1.885210394859314 1.5851984024047852
0 0.49993884563446045 -1.008907675743103 -0.015152573585510254 1.7260764837265015 0.6488914489746094
