0 0.6468494534492493 0.5232337713241577 0.0573401004076004 0.5754866600036621 0.17449717223644257
0 0.6266896724700928 0.4693381190299988 0.08104006946086884 0.5338197350502014 0.22936929762363434
0 0.5917816162109375 0.5547569990158081 0.07715889811515808 0.6043696403503418 0.19543519616127014
1 0.5515503883361816 0.44181132316589355 0.19195058941841125 0.4942328929901123 0.3055611550807953
0 0.5276111364364624 0.24600471556186676 0.05012133717536926 0.309608519077301 0.1905457079410553
0 0.5055637359619141 0.5728591680526733 0.10083965957164764 0.6354564428329468 0.24779988825321198
0 0.49998974800109863 -1.216842770576477 -1.2545619010925293 2.897738456726074 1.5475471019744873
0 0.49998974800109863 -0.641371488571167 -0.10795961320400238 1.6957929134368896 0.2311103790998459
0 0.49998950958251953 -0.028236396610736847 0.010131476446986198 0.15072333812713623 0.025326671078801155
0 0.4999888241291046 -0.07468552142381668 0.004026587586849928 0.15050530433654785 0.013109926134347916
0 0.49998313188552856 -1.8596956729888916 -0.10534258186817169 2.6541426181793213 0.24965722858905792
0 0.4999827444553375 -0.042297929525375366 0.015777675434947014 0.15146437287330627 0.029737265780568123
0 0.4999659061431885 -0.633338212966919 -0.3979092240333557 2.060704469680786 1.6195344924926758
0 0.4999648630619049 -1.2397934198379517 -0.11648115515708923 2.0485198497772217 0.702842116355896
0 0.4999645948410034 0.1702730357646942 0.3433358371257782 0.30968716740608215 0.40075936913490295
0 0.4999290704727173 0.307792603969574 -0.12754014134407043 0.6106970906257629 0.3795454800128937
0 0.499925822019577 0.1641620695590973 0.02153756283223629 0.3459695279598236 0.08360002189874649
