0 0.7196838855743408 0.5409672856330872 0.08479639887809753 0.5902292132377625 0.2013780176639557
0 0.6518906950950623 0.5140228271484375 0.06650981307029724 0.5656471252441406 0.1822972595691681
0 0.6116897463798523 0.46758002042770386 0.09312078356742859 0.5328026413917542 0.2423989474773407
0 0.5453855395317078 0.2617192566394806 0.060500532388687134 0.3263187110424042 0.2032189667224884
0 0.5216933488845825 0.5670269131660461 0.11009316891431808 0.6291492581367493 0.25171583890914917
0 0.4999043047428131 -0.6445069313049316 -0.6397191286087036 2.1955478191375732 1.2519330978393555
0 0.499901682138443 -0.5763615369796753 -0.06294432282447815 1.4019769430160522 0.3139757215976715
0 0.49990010261535645 0.0016378313302993774 0.03895231708884239 0.21577124297618866 0.06969121098518372
0 0.49988240003585815 -0.01008044183254242 0.021898280829191208 0.21090959012508392 0.054953683167696
0 0.4998481869697571 -0.07123889029026031 0.00810496136546135 0.21419747173786163 0.030694205313920975
0 0.49975526332855225 0.31138187646865845 -0.11097773909568787 0.6157288551330566 0.48101702332496643
0 0.4997493028640747 0.2056279331445694 0.06722524762153625 0.4313339591026306 0.15124377608299255
0 0.4995845556259155 -0.4564239978790283 -0.03505289554595947 1.2602121829986572 0.680397629737854
0 0.49957945942878723 0.19783459603786469 0.35822224617004395 0.41097790002822876 0.4559935927391052
