0 0.6730419993400574 0.5267480611801147 0.0657721608877182 0.5788371562957764 0.18186791241168976
0 0.6493561863899231 0.5603918433189392 0.07726550102233887 0.6100817322731018 0.1956549882888794
0 0.6096594333648682 0.47430288791656494 0.09074085205793381 0.5389387607574463 0.24045586585998535
0 0.5663175582885742 0.5822866559028625 0.1010880097746849 0.6442789435386658 0.24699148535728455
0 0.5502556562423706 0.25257399678230286 0.05360284447669983 0.3167968690395355 0.19527295231819153
0 0.49998944997787476 -0.8164727687835693 -1.2765405178070068 2.4864063262939453 1.523223876953125
0 0.49998903274536133 -1.7741470336914062 -0.10135628283023834 2.6477980613708496 0.19238044321537018
0 0.4999889135360718 -0.042281486093997955 0.007054554298520088 0.14150109887123108 0.020085586234927177
0 0.4999887943267822 -0.07501118630170822 0.0035888338461518288 0.14883100986480713 0.012679717503488064
0 0.4999779462814331 0.2569063901901245 -0.17427340149879456 0.6183035373687744 0.42707130312919617
0 0.4999779462814331 -0.03501228243112564 0.018746932968497276 0.1582246720790863 0.03509936481714249
0 0.4999770224094391 0.15797454118728638 0.022434566169977188 0.30057597160339355 0.06930968165397644
0 0.49993637204170227 -0.523674726486206 -0.3186357617378235 1.935957670211792 1.545487642288208
0 0.4999345541000366 -1.0342477560043335 -0.0872240662574768 1.8559290170669556 0.7030629515647888
0 0.49993395805358887 0.18380652368068695 0.35114264488220215 0.33482396602630615 0.4193453788757324
