0 0.9700366258621216 0.631679117679596 0.402377724647522 0.6883270144462585 0.518410325050354
0 0.9622439742088318 0.4566616117954254 0.30343618988990784 0.5242198705673218 0.4489557445049286
0 0.9525890946388245 0.5217030048370361 0.2041229009628296 0.575229287147522 0.3153364658355713
1 0.903074324131012 0.31989550590515137 0.25393587350845337 0.39127397537231445 0.43674105405807495
1 0.869033932685852 0.4215952754020691 0.19390268623828888 0.48600590229034424 0.3591998219490051
0 0.8542769551277161 0.7114718556404114 0.2963949739933014 0.7655219435691833 0.40764597058296204
1 0.8506758809089661 0.6445760726928711 0.6211035847663879 0.7120130062103271 0.7703508734703064
0 0.8436110019683838 0.7117130756378174 0.4258209466934204 0.7822798490524292 0.611918568611145
0 0.8365926146507263 0.8226198554039001 0.6515286564826965 0.8957579731941223 0.7997801899909973
1 0.7961905002593994 0.2978938817977905 0.5197415947914124 0.3559640645980835 0.6361438632011414
0 0.7921583652496338 0.6927512884140015 0.17274314165115356 0.7438548803329468 0.2886604070663452
1 0.7484630346298218 0.3477836847305298 0.10641902685165405 0.3999059796333313 0.2215888500213623
1 0.7367128133773804 0.341366708278656 0.012207716703414917 0.3922293186187744 0.11763671040534973
1 0.7196534872055054 0.49063846468925476 0.1803169846534729 0.54288649559021 0.29634320735931396
0 0.7058307528495789 0.6272732615470886 0.18520918488502502 0.694840133190155 0.3602968156337738
0 0.499941349029541 0.009908728301525116 0.0388777032494545 0.20334553718566895 0.08039268106222153
0 0.49994075298309326 -0.41946831345558167 -0.0463133305311203 1.293447494506836 0.28664010763168335
0 0.4999401271343231 -0.6733807325363159 -0.846560001373291 2.221247673034668 1.2739286422729492
0 0.499799907207489 -0.320159375667572 -0.175994873046875 1.6395306587219238 1.4067280292510986
0 0.49979710578918457 -0.6990721225738525 0.028139233589172363 1.360750436782837 0.6550453901290894
