0 0.8615491986274719 0.615439772605896 0.12705519795417786 0.6666346788406372 0.2386740744113922
0 0.8548465371131897 0.6234472393989563 0.2092030942440033 0.6740760207176208 0.3174598515033722
1 0.7814385890960693 0.2914687395095825 0.2724186182022095 0.3459717035293579 0.38031232357025146
0 0.7168286442756653 0.6242275238037109 0.05297563597559929 0.675051212310791 0.16361238062381744
1 0.6948157548904419 0.3018801808357239 0.3363131284713745 0.3572133183479309 0.44808483123779297
0 0.6643642783164978 0.7032287120819092 0.1283220797777176 0.7553292512893677 0.2519421875476837
1 0.6593047976493835 0.1556074023246765 0.5601351261138916 0.22583460807800293 0.7084541320800781
0 0.6508166790008545 0.6989894509315491 0.04341284558176994 0.7533708214759827 0.16513092815876007
0 0.6364446878433228 0.6281965970993042 0.2777043282985687 0.6786478757858276 0.3820021450519562
0 0.6305030584335327 0.7265190482139587 0.1754368245601654 0.7902503609657288 0.32928720116615295
1 0.6143052577972412 0.1598326563835144 0.7182037234306335 0.23779761791229248 0.8631203770637512
1 0.594437301158905 0.3279878497123718 0.14148233830928802 0.3780369758605957 0.25047165155410767
1 0.5763962864875793 0.20890264213085175 0.4533225893974304 0.2816261053085327 0.5948694348335266
0 0.5534023642539978 0.7787293791770935 0.5423896312713623 0.8498479723930359 0.6894829273223877
1 0.5427561402320862 0.29447829723358154 0.5695050954818726 0.3501102924346924 0.6798809766769409
0 0.49997678399086 -0.7891184687614441 -0.9284647703170776 2.331150770187378 1.4190653562545776
0 0.4999765157699585 -0.7685469388961792 -0.045197516679763794 1.5768853425979614 0.26341840624809265
0 0.49997609853744507 0.010299429297447205 0.04064101725816727 0.18534715473651886 0.06907861679792404
0 0.49981874227523804 -0.013310156762599945 0.02640724740922451 0.22944775223731995 0.06844108551740646
0 0.4996070861816406 0.28045976161956787 -0.11065468192100525 0.589080810546875 0.4464261829853058
