0 0.9869667887687683 0.5572986602783203 0.23735375702381134 0.6154181957244873 0.36036163568496704
1 0.9535478353500366 0.30751147866249084 0.07851697504520416 0.36338093876838684 0.19695071876049042
1 0.9492269158363342 0.42918670177459717 0.37666743993759155 0.4933896064758301 0.5231943130493164
1 0.9443253874778748 0.25228598713874817 0.2713042199611664 0.31190434098243713 0.3887234032154083
1 0.9046323895454407 0.16458797454833984 0.19938701391220093 0.23750245571136475 0.38573843240737915
1 0.9007877111434937 0.42942842841148376 0.24731393158435822 0.48891010880470276 0.38184040784835815
0 0.8789857029914856 0.5485382676124573 0.5175511837005615 0.6032153964042664 0.6259087324142456
1 0.8132632374763489 0.41723060607910156 0.04645248502492905 0.47617822885513306 0.20773175358772278
0 0.8107013702392578 0.3424944579601288 0.3407430052757263 0.4047854244709015 0.503341019153595
1 0.7408661246299744 0.5089565515518188 0.544913649559021 0.579397439956665 0.6893032789230347
0 0.5738623142242432 0.39327266812324524 0.4639897644519806 0.4498625695705414 0.5821093320846558
0 0.4999864995479584 -0.9570002555847168 -1.2052961587905884 2.5900580883026123 1.4928585290908813
0 0.49998629093170166 -1.282701849937439 -0.09498131275177002 2.1203248500823975 0.2114861011505127
0 0.49998611211776733 -0.04554339498281479 0.00726361945271492 0.14305618405342102 0.020351272076368332
0 0.4999728798866272 -0.034874677658081055 0.0293507669121027 0.15882569551467896 0.048292987048625946
0 0.4999612271785736 -0.004090167582035065 0.008812823332846165 0.18107536435127258 0.03698500245809555
0 0.4999607801437378 -0.41534775495529175 -0.060358867049217224 1.4703049659729004 0.237214133143425
0 0.4999490976333618 0.3227214813232422 -0.1152486801147461 0.5868798494338989 0.5113421678543091
0 0.49994635581970215 0.25978803634643555 0.10036595165729523 0.42240357398986816 0.18472562730312347
0 0.4999176263809204 -0.4942159056663513 -0.30356448888778687 1.8664381504058838 1.5537974834442139
