0 0.9708853363990784 0.6158837676048279 0.3549617528915405 0.6724228262901306 0.47293025255203247
0 0.9666373133659363 0.5364488363265991 0.19337543845176697 0.5892231464385986 0.30731937289237976
0 0.9598472714424133 0.4186250567436218 0.28493732213974 0.483864963054657 0.4240979552268982
0 0.9504371881484985 0.6989631652832031 0.26852288842201233 0.7546184062957764 0.38554075360298157
1 0.9131626486778259 0.307024747133255 0.25808805227279663 0.3777898848056793 0.4367524981498718
1 0.8687560558319092 0.40478429198265076 0.1846226006746292 0.4697648584842682 0.3501223921775818
1 0.8444530963897705 0.3554460108280182 0.4353213906288147 0.42324426770210266 0.584359347820282
1 0.8444296717643738 0.29178568720817566 0.519376277923584 0.34966734051704407 0.6349914073944092
1 0.8308366537094116 0.6400730609893799 0.6128953099250793 0.707156777381897 0.7627989649772644
0 0.8264914155006409 0.8210537433624268 0.6462458968162537 0.894092321395874 0.7948756814002991
1 0.7446978688240051 0.4886670410633087 0.1806831657886505 0.5411641001701355 0.29750391840934753
1 0.7196399569511414 0.3552524745464325 0.10695116966962814 0.4072861969470978 0.22165775299072266
0 0.7168410420417786 0.7017573714256287 0.39545688033103943 0.7698883414268494 0.5813223123550415
1 0.6797294616699219 0.34995776414871216 0.011988982558250427 0.4003766179084778 0.117172971367836
0 0.5403662323951721 0.6914958953857422 0.15576677024364471 0.7423337697982788 0.27046969532966614
0 0.4999108910560608 0.024350255727767944 0.047342658042907715 0.2216491997241974 0.09694111347198486
0 0.4999096393585205 -0.3223128318786621 -0.035049423575401306 1.203239917755127 0.3042992949485779
0 0.499908447265625 -0.6027644872665405 -0.7507935762405396 2.1383838653564453 1.2193772792816162
0 0.49966201186180115 -0.2683369517326355 -0.12216216325759888 1.581624984741211 1.3517720699310303
0 0.49965688586235046 -0.574144184589386 0.041970282793045044 1.2448840141296387 0.6520552635192871
