0 0.9851542711257935 0.5657227039337158 0.22372999787330627 0.6230782270431519 0.35058996081352234
0 0.9702678322792053 0.33824241161346436 0.3623773157596588 0.39524173736572266 0.4831107556819916
1 0.9494351148605347 0.26240572333335876 0.2614905834197998 0.32139161229133606 0.3803238868713379
1 0.9431832432746887 0.29630598425865173 0.08664761483669281 0.3533243238925934 0.20665456354618073
1 0.93504798412323 0.4520328640937805 0.3556418716907501 0.5170513391494751 0.5068109035491943
1 0.9027550220489502 0.42291364073753357 0.23443564772605896 0.4834119379520416 0.3719964325428009
0 0.8780089020729065 0.5472416281700134 0.5240433812141418 0.6024414896965027 0.6369408965110779
1 0.8584454655647278 0.17355847358703613 0.2100990116596222 0.2455078363418579 0.3883229196071625
1 0.7285076379776001 0.39437779784202576 0.49978455901145935 0.4596003592014313 0.6346231698989868
1 0.5992913842201233 0.4122011363506317 0.04817037284374237 0.4678073227405548 0.20741744339466095
0 0.5847566723823547 0.29467910528182983 0.008135132491588593 0.3492226004600525 0.13640868663787842
0 0.499985009431839 -0.925683319568634 -1.2246112823486328 2.5694665908813477 1.5005240440368652
0 0.4999846816062927 -1.4665697813034058 -0.07365924119949341 2.304928779602051 0.18385767936706543
0 0.49998414516448975 -0.06662112474441528 0.0055402228608727455 0.1506161093711853 0.016766995191574097
0 0.4999791085720062 0.2801089882850647 -0.12422981858253479 0.565402626991272 0.4776494801044464
0 0.499977707862854 0.20916250348091125 0.07032302021980286 0.35392746329307556 0.1331278383731842
0 0.49997663497924805 -0.025081895291805267 0.010636704042553902 0.158179372549057 0.031116468831896782
0 0.49997478723526 -0.03441358357667923 0.03017779439687729 0.16300183534622192 0.04977164417505264
0 0.49992257356643677 -0.5180691480636597 -0.3162772059440613 1.8834024667739868 1.5702197551727295
0 0.4999222159385681 -1.0496394634246826 -0.007309943437576294 1.740375280380249 0.6415905952453613
