0 0.984874963760376 0.4519382119178772 0.091600202023983 0.5041930079460144 0.21019908785820007
0 0.9309355616569519 0.6440926194190979 0.25055932998657227 0.696861207485199 0.36649268865585327
1 0.9287266135215759 0.29792094230651855 0.07750684022903442 0.35216349363327026 0.19485324621200562
1 0.9063352942466736 0.34771600365638733 0.3432765007019043 0.4132196009159088 0.48985254764556885
1 0.9027508497238159 0.2656766176223755 0.28959640860557556 0.322576642036438 0.4113626778125763
1 0.8562451004981995 0.19036249816417694 0.036454714834690094 0.24835027754306793 0.17322805523872375
1 0.8534212112426758 0.16837358474731445 0.33817851543426514 0.24898380041122437 0.5047972202301025
0 0.8488402366638184 0.5098634362220764 0.5545879602432251 0.5632967352867126 0.668211817741394
1 0.8421118855476379 0.2885185480117798 0.3729034662246704 0.3467339277267456 0.4976767301559448
0 0.8084011673927307 0.5047094821929932 0.35115256905555725 0.5688228607177734 0.5017862319946289
1 0.7664216756820679 0.27288588881492615 0.7219600081443787 0.35002484917640686 0.871458113193512
1 0.7112634778022766 0.4262831509113312 0.038069628179073334 0.4908611476421356 0.2030791938304901
0 0.6779715418815613 0.5418913960456848 0.08868560194969177 0.5924755930900574 0.2117156684398651
0 0.634495198726654 0.47289180755615234 0.027453642338514328 0.5251576900482178 0.1430971771478653
0 0.6342602968215942 0.5959485173225403 0.4902213215827942 0.6483942866325378 0.6099492907524109
1 0.5329347252845764 0.35576140880584717 0.4704360365867615 0.42535626888275146 0.6194407343864441
0 0.499916672706604 -0.44404393434524536 -0.0009118765592575073 1.2912230491638184 0.28771817684173584
0 0.4999145567417145 -0.7016815543174744 -0.6268404722213745 2.1682467460632324 1.2133809328079224
0 0.49991393089294434 0.045179031789302826 0.04890257120132446 0.22049394249916077 0.09271371364593506
0 0.4997950792312622 -0.008471794426441193 0.00884261354804039 0.23628109693527222 0.047706279903650284
