0 0.9865490794181824 0.42031943798065186 0.09787929058074951 0.47223150730133057 0.2133547067642212
0 0.9549071788787842 0.6374123692512512 0.25816452503204346 0.691098153591156 0.37475043535232544
1 0.9276002049446106 0.28832879662513733 0.08009646832942963 0.342586487531662 0.19795818626880646
1 0.897527813911438 0.2610175311565399 0.2944684624671936 0.3164713680744171 0.4188784956932068
0 0.8934808373451233 0.4112253189086914 0.15213891863822937 0.47136127948760986 0.29805025458335876
1 0.8928327560424805 0.365929514169693 0.35422781109809875 0.4329771101474762 0.49893876910209656
1 0.8771926760673523 0.19252511858940125 0.04779607057571411 0.2508408725261688 0.18370318412780762
0 0.8638728260993958 0.5061185359954834 0.562364935874939 0.5601308345794678 0.6771882772445679
1 0.8626580238342285 0.3889550268650055 0.04787197709083557 0.4530368745326996 0.2109183371067047
1 0.8537686467170715 0.18147745728492737 0.33659395575523376 0.2603185474872589 0.5120466351509094
1 0.7689655423164368 0.2733580470085144 0.7196227312088013 0.3508113622665405 0.8716250658035278
0 0.7591086030006409 0.4891349971294403 0.37774428725242615 0.5524580478668213 0.5201157927513123
1 0.7402890920639038 0.2916894555091858 0.3548712134361267 0.3510841131210327 0.488264262676239
1 0.6932097673416138 0.3204772174358368 0.35861387848854065 0.38673135638237 0.4821670949459076
0 0.6837036609649658 0.4481329321861267 0.02414586767554283 0.5005389451980591 0.13990047574043274
0 0.6678918600082397 0.5177781581878662 0.08748382329940796 0.5682287216186523 0.20985257625579834
0 0.5865522027015686 0.728325366973877 0.20993860065937042 0.803437352180481 0.41406792402267456
0 0.5670206546783447 0.5963627099990845 0.505373477935791 0.6502201557159424 0.6261708736419678
0 0.49991342425346375 -0.44971999526023865 -0.008405044674873352 1.3055864572525024 0.29729706048965454
0 0.49991124868392944 -0.748350977897644 -0.623018741607666 2.235245704650879 1.213261365890503
