0 0.6622655391693115 0.5250310301780701 0.05736367776989937 0.5773372054100037 0.17477299273014069
0 0.6315887570381165 0.4717423915863037 0.0813855454325676 0.536128044128418 0.23007160425186157
1 0.5981122851371765 0.44311797618865967 0.19024083018302917 0.4956486225128174 0.30376359820365906
0 0.5948779582977295 0.5564272999763489 0.07710985094308853 0.6061405539512634 0.19528618454933167
0 0.5258668065071106 0.24702559411525726 0.05001554638147354 0.3106127977371216 0.19037964940071106
0 0.4999895393848419 -0.675091564655304 -0.1074298620223999 1.730675220489502 0.23274844884872437
0 0.49998950958251953 -1.2169439792633057 -1.2436668872833252 2.898672342300415 1.5448148250579834
0 0.49998921155929565 -0.029422052204608917 0.010607904754579067 0.15147089958190918 0.02564059942960739
0 0.49998703598976135 -0.07512989640235901 0.004274932201951742 0.1536743938922882 0.013755889609456062
0 0.49997860193252563 -0.04157603532075882 0.01576981507241726 0.15575098991394043 0.030769551172852516
0 0.49996358156204224 -0.6304627060890198 -0.3844261169433594 2.056021213531494 1.6096463203430176
0 0.4999625086784363 -1.1731559038162231 -0.1151149570941925 1.98271906375885 0.7117514610290527
0 0.4999622702598572 0.17498108744621277 0.3477514386177063 0.31500962376594543 0.4072895646095276
0 0.4999397397041321 0.30288761854171753 -0.13271242380142212 0.6106610298156738 0.38633155822753906
0 0.4999367892742157 0.16266536712646484 0.02104482613503933 0.33887457847595215 0.08037593215703964
0 0.49693000316619873 0.5746410489082336 0.09985041618347168 0.6372700333595276 0.2471449375152588
