0 0.9799487590789795 0.616445004940033 0.12397551536560059 0.6773694157600403 0.3019574284553528
0 0.9741133451461792 0.48629313707351685 0.189003586769104 0.5411444306373596 0.30445295572280884
0 0.9704391956329346 0.6598034501075745 0.1308809518814087 0.7159566283226013 0.24514365196228027
0 0.9653337597846985 0.6900613307952881 0.3007635474205017 0.7474902868270874 0.41706526279449463
0 0.9626573920249939 0.595534086227417 0.3880772590637207 0.6519702672958374 0.5058717727661133
0 0.9618624448776245 0.5336008071899414 -0.0025218501687049866 0.5864825248718262 0.11505106836557388
0 0.9589729905128479 0.6792101860046387 0.04796556383371353 0.7305748462677002 0.15864530205726624
0 0.9474842548370361 0.4075120687484741 0.3006872236728668 0.47186022996902466 0.44062539935112
0 0.9018877744674683 0.8023653030395508 0.6071040630340576 0.8750503063201904 0.7683751583099365
1 0.8866109251976013 0.43055859208106995 0.18946124613285065 0.4822681248188019 0.30216920375823975
1 0.881978452205658 0.3317323625087738 0.10822001099586487 0.38491252064704895 0.2246750295162201
1 0.873073935508728 0.31951263546943665 -0.0049837492406368256 0.3702760636806488 0.10170069336891174
1 0.8663809895515442 0.22482173144817352 -0.018414366990327835 0.2821851372718811 0.09710119664669037
1 0.8633463382720947 0.37561753392219543 0.1945478618144989 0.4391539990901947 0.3519497215747833
1 0.8568578958511353 0.16019469499588013 0.5026296377182007 0.23990392684936523 0.6569650173187256
1 0.8442631363868713 0.183159738779068 0.28199124336242676 0.25900158286094666 0.45352399349212646
0 0.79755038022995 0.633175253868103 0.02532203495502472 0.6872514486312866 0.16002468764781952
0 0.7695211172103882 0.6102449893951416 -0.0067664869129657745 0.6613414287567139 0.11455653607845306
1 0.737114429473877 0.4774768352508545 0.6276025176048279 0.5447831153869629 0.7685030102729797
1 0.6774852871894836 0.2730660140514374 0.5198106169700623 0.3265247642993927 0.6341345906257629
