0 0.9764785170555115 0.4942064583301544 0.2162681221961975 0.549342155456543 0.33479398488998413
1 0.9318652153015137 0.3591548502445221 0.31141382455825806 0.4329056441783905 0.5064854025840759
1 0.9208604097366333 0.45955273509025574 0.2642146348953247 0.5107225179672241 0.3795665502548218
1 0.833544909954071 0.30822041630744934 0.5644333958625793 0.3795965611934662 0.7203813195228577
0 0.8261831998825073 0.5980709791183472 0.20358490943908691 0.6597772836685181 0.37088072299957275
0 0.6815457940101624 0.4690649211406708 0.04505307599902153 0.5230449438095093 0.16159109771251678
0 0.5480073094367981 0.44165512919425964 0.07326260209083557 0.502530574798584 0.22405794262886047
0 0.5434589385986328 0.6488854289054871 0.1828773021697998 0.7003609538078308 0.300570011138916
1 0.5095845460891724 0.22564467787742615 0.049067892134189606 0.28821006417274475 0.188436359167099
0 0.4999857246875763 -0.7575289011001587 -1.2714269161224365 2.3953118324279785 1.5466113090515137
0 0.4999854564666748 -1.2311773300170898 -0.056895896792411804 2.067944288253784 0.17065618932247162
0 0.4999847412109375 -0.06547456234693527 0.005011909641325474 0.15340691804885864 0.018543489277362823
0 0.4999834895133972 -0.017715074121952057 0.03454222530126572 0.15610823035240173 0.0558338537812233
0 0.49996286630630493 -0.04034413397312164 0.00913742370903492 0.16031815111637115 0.02936979942023754
0 0.4999529719352722 0.2434307038784027 -0.13801631331443787 0.6035910844802856 0.4680342972278595
0 0.4999511241912842 0.1875532865524292 0.05423261597752571 0.35261595249176025 0.11776743829250336
0 0.4998564124107361 -0.5107638835906982 -0.30748075246810913 1.8946037292480469 1.5385584831237793
0 0.4998551607131958 -0.8845881819725037 0.02107417583465576 1.6356196403503418 0.6206727623939514
0 0.49985271692276 0.15761590003967285 0.3694903552532196 0.33720922470092773 0.45424070954322815
0 0.45439258217811584 0.6126173138618469 0.3203388750553131 0.6819947361946106 0.4867303669452667
