0 0.9805481433868408 0.5089630484580994 0.1872686743736267 0.5626062750816345 0.3017541766166687
0 0.9624661803245544 0.6386305689811707 0.2865707278251648 0.6943442225456238 0.4029783010482788
1 0.9411330819129944 0.25722602009773254 0.2891799807548523 0.3098081052303314 0.4063655734062195
1 0.940037190914154 0.2476012408733368 0.37028002738952637 0.3046349585056305 0.48665499687194824
1 0.9263020753860474 0.30753636360168457 0.2716251313686371 0.3732823133468628 0.4154496490955353
1 0.9245765209197998 0.14538276195526123 0.3144843280315399 0.2240583896636963 0.48368778824806213
0 0.9141798615455627 0.5929522514343262 0.25271981954574585 0.6548682451248169 0.4080096483230591
0 0.90916508436203 0.4519059956073761 0.3550357222557068 0.5199118852615356 0.5243777632713318
1 0.9062368273735046 0.1711582988500595 0.03387059271335602 0.22747988998889923 0.16838715970516205
0 0.8940117359161377 0.5385733246803284 0.10543076694011688 0.5900395512580872 0.2239222675561905
1 0.8756332397460938 0.29463985562324524 0.0767490416765213 0.3472731411457062 0.19148002564907074
1 0.8167892694473267 0.3789125084877014 0.02973894774913788 0.4408964514732361 0.19450755417346954
1 0.8140150308609009 0.4029162526130676 0.19795307517051697 0.4531369209289551 0.3141537010669708
1 0.7807244658470154 0.4449426233768463 0.016366038471460342 0.49668243527412415 0.12830117344856262
1 0.7750244736671448 0.266851007938385 0.7161815166473389 0.34264224767684937 0.8659796714782715
0 0.5872978568077087 0.5061848759651184 0.5487058162689209 0.5591841340065002 0.6637418270111084
0 0.4999663531780243 -0.575937032699585 -0.019114673137664795 1.281935214996338 0.2916158437728882
0 0.49996620416641235 -0.9116458892822266 -0.7904782295227051 2.355785369873047 1.354811429977417
0 0.4999657869338989 0.051444366574287415 0.06700166314840317 0.2019384354352951 0.1093740239739418
0 0.4998273253440857 0.2151930034160614 -0.1605130434036255 0.5501003265380859 0.6383370161056519
