0 0.9717901945114136 0.4502742886543274 0.12541358172893524 0.5026558637619019 0.24274267256259918
1 0.9265413880348206 0.3040793836116791 0.09825959801673889 0.35803160071372986 0.21450302004814148
0 0.9167792797088623 0.5955672860145569 0.44988924264907837 0.6491366028785706 0.5665988326072693
1 0.897155225276947 0.19092202186584473 0.02748977392911911 0.2492847442626953 0.1669231653213501
0 0.888715386390686 0.5416123867034912 0.5446486473083496 0.5957831144332886 0.6526913642883301
0 0.8800802826881409 0.33142951130867004 0.35414761304855347 0.39896729588508606 0.5107384920120239
1 0.8667186498641968 0.2470344454050064 0.27826136350631714 0.30380770564079285 0.39481019973754883
0 0.8651196956634521 0.49266085028648376 0.27310776710510254 0.5586666464805603 0.41984283924102783
0 0.8629271984100342 0.6194555163383484 0.28671857714653015 0.6728156208992004 0.40145304799079895
1 0.8504659533500671 0.2509359121322632 0.3862879276275635 0.31089234352111816 0.5058416724205017
1 0.8240845799446106 0.16363506019115448 0.23163214325904846 0.23504449427127838 0.39962682127952576
1 0.7845190763473511 0.26471075415611267 0.719581663608551 0.34198036789894104 0.8721931576728821
1 0.6967373490333557 0.42444005608558655 0.035175204277038574 0.48496952652931213 0.20091712474822998
1 0.6890584826469421 0.3847324848175049 0.4674769639968872 0.4418361186981201 0.5842097997665405
0 0.6667089462280273 0.2571207880973816 0.5346959233283997 0.3328046202659607 0.6976677775382996
0 0.4999707341194153 -0.018114224076271057 0.010352388955652714 0.166597381234169 0.03442488610744476
0 0.49997037649154663 -0.9241516590118408 -0.9550554752349854 2.4840645790100098 1.2777340412139893
0 0.499970018863678 -0.7592576742172241 -0.06641814112663269 1.6446493864059448 0.21339014172554016
0 0.4999384880065918 0.007484719157218933 0.04189301282167435 0.19067026674747467 0.07658141106367111
0 0.49993711709976196 0.01092209666967392 0.01688201352953911 0.2005220353603363 0.04994182661175728
