0 0.9828386902809143 0.4812162220478058 0.1822350025177002 0.5364282131195068 0.29875028133392334
0 0.9739565849304199 0.6507838368415833 0.13092437386512756 0.7068402171134949 0.24497100710868835
0 0.9695218205451965 0.6157246232032776 0.1198543980717659 0.679989755153656 0.3023618459701538
0 0.9681265950202942 0.6808458566665649 0.29389581084251404 0.7377818822860718 0.4101002514362335
0 0.9671941995620728 0.5873008966445923 0.39957940578460693 0.6443097591400146 0.5175430178642273
0 0.9670789837837219 0.390503853559494 0.3052294850349426 0.45559677481651306 0.440520703792572
0 0.9271307587623596 0.808184027671814 0.628258228302002 0.8809309005737305 0.7867889404296875
0 0.9259783029556274 0.5303028225898743 0.0007868260145187378 0.5827575325965881 0.10928972065448761
0 0.9254627227783203 0.6551699638366699 0.04706529155373573 0.7072733640670776 0.15990200638771057
1 0.9016406536102295 0.25155699253082275 0.2640976011753082 0.3254375457763672 0.4405820071697235
1 0.8920961022377014 0.21401403844356537 -0.024666406214237213 0.27129262685775757 0.09174654632806778
1 0.8912904262542725 0.3094770312309265 0.11462914943695068 0.3625367283821106 0.2301034927368164
1 0.8866024017333984 0.3040103316307068 -0.01684436947107315 0.3549867272377014 0.09048304706811905
1 0.8717008829116821 0.4292040765285492 0.1806311458349228 0.4814998209476471 0.294635534286499
1 0.8603490591049194 0.1476503610610962 0.5014077425003052 0.22502398490905762 0.6513845920562744
1 0.8577473759651184 0.34779539704322815 0.1827428638935089 0.4113623797893524 0.3458136022090912
1 0.7774879336357117 0.46096670627593994 0.6381357908248901 0.528302013874054 0.7781690359115601
1 0.7483783960342407 0.3865310251712799 0.47730833292007446 0.45168861746788025 0.6176368594169617
1 0.68760746717453 0.2579832375049591 0.6542372703552246 0.329519659280777 0.7996641397476196
0 0.4999716877937317 -1.0972614288330078 -0.8118835687637329 2.58868670463562 1.263783574104309
