0 0.9748414754867554 0.6178499460220337 0.35184940695762634 0.6756381988525391 0.4716985523700714
0 0.9743834137916565 0.6953091621398926 0.2992591857910156 0.7519948482513428 0.4168130159378052
0 0.9641156792640686 0.5238755345344543 0.19349655508995056 0.5775408148765564 0.3051241338253021
0 0.95389723777771 0.42065227031707764 0.29321926832199097 0.48830878734588623 0.43401509523391724
1 0.8955267667770386 0.3194424510002136 0.25643157958984375 0.39160627126693726 0.44014662504196167
1 0.8717905282974243 0.41283154487609863 0.19363144040107727 0.4775487184524536 0.35945698618888855
0 0.8403709530830383 0.8223953247070312 0.6480098962783813 0.8954734802246094 0.7971383333206177
1 0.7952845096588135 0.6429925560951233 0.6174882650375366 0.7097155451774597 0.7646925449371338
1 0.7890374064445496 0.2971245050430298 0.517913818359375 0.3551025986671448 0.6333863735198975
0 0.755581796169281 0.7023105025291443 0.3939129710197449 0.7728055119514465 0.5786123871803284
0 0.7381876707077026 0.6251378059387207 0.1607559621334076 0.6911841630935669 0.3295726478099823
1 0.736608624458313 0.3523212671279907 0.10939346253871918 0.4044238328933716 0.22443105280399323
1 0.7353547811508179 0.4890918731689453 0.18232324719429016 0.5413799285888672 0.2976476848125458
1 0.7209666967391968 0.34464889764785767 0.01201162114739418 0.3954833149909973 0.11760464310646057
0 0.6195001006126404 0.6951153874397278 0.16472595930099487 0.7452709078788757 0.27923762798309326
0 0.499930739402771 0.01657336950302124 0.043241169303655624 0.21090465784072876 0.08854129910469055
0 0.499929815530777 -0.3829987049102783 -0.04151739180088043 1.2561458349227905 0.2952660918235779
0 0.4999290108680725 -0.6383570432662964 -0.8041172027587891 2.1787633895874023 1.250676155090332
0 0.49974530935287476 -0.2986961603164673 -0.15401345491409302 1.6164697408676147 1.3817112445831299
0 0.49974143505096436 -0.6407713890075684 0.03342053294181824 1.311816930770874 0.6513503789901733
