0 0.8196192383766174 0.2829092741012573 0.04254123196005821 0.3382854461669922 0.1633213460445404
0 0.6607553362846375 0.5536890625953674 0.07978975772857666 0.6035292744636536 0.19827842712402344
0 0.6586211919784546 0.5210128426551819 0.06632785499095917 0.5730131268501282 0.1824817806482315
0 0.5706386566162109 0.4853397607803345 0.0945800319314003 0.55108642578125 0.24568912386894226
0 0.5531753897666931 0.5764694213867188 0.10334508866071701 0.638372540473938 0.24893295764923096
0 0.5107531547546387 0.7120906710624695 0.05671805888414383 0.7644417881965637 0.17613577842712402
0 0.4999813437461853 -0.7203757166862488 -1.0513312816619873 2.325011968612671 1.5069451332092285
0 0.49998077750205994 -1.5254745483398438 -0.10866568982601166 2.3366825580596924 0.26328402757644653
0 0.4999803304672241 -0.037220604717731476 0.01851683296263218 0.15905946493148804 0.03399277478456497
0 0.4999786615371704 -0.03273633122444153 0.008620597422122955 0.15616318583488464 0.02506931871175766
0 0.4999775290489197 -0.08515027910470963 0.0032775173895061016 0.163883775472641 0.01404329389333725
0 0.4999457001686096 -1.0851223468780518 -0.1024792492389679 1.9097721576690674 0.6917891502380371
0 0.4999447762966156 0.16851645708084106 0.3373047709465027 0.3209038972854614 0.3985608220100403
0 0.49991491436958313 0.3122159242630005 -0.14826470613479614 0.629896342754364 0.4224233627319336
0 0.49991297721862793 0.17101314663887024 0.023874953389167786 0.3431844413280487 0.08820049464702606
