0 0.9747478365898132 0.4843866527080536 0.2288208305835724 0.5360183119773865 0.3377966582775116
0 0.9618885517120361 0.663273811340332 0.1586073935031891 0.7156471014022827 0.26814547181129456
0 0.9525174498558044 0.6800714731216431 0.06056628003716469 0.730998158454895 0.16822084784507751
1 0.935854971408844 0.2676435708999634 0.37933996319770813 0.3223044276237488 0.48778650164604187
0 0.9331823587417603 0.6255430579185486 0.6557537913322449 0.6807352900505066 0.7643809914588928
1 0.9293423891067505 0.2582119405269623 0.48133420944213867 0.3105612099170685 0.5878890752792358
0 0.9270546436309814 0.605680525302887 0.03456190228462219 0.6597475409507751 0.16189166903495789
0 0.8799958229064941 0.5348607897758484 0.005419306457042694 0.5837201476097107 0.11645741015672684
0 0.8778306841850281 0.4158838987350464 0.32037046551704407 0.48241400718688965 0.47150084376335144
1 0.871397852897644 0.17864751815795898 0.29143577814102173 0.25083214044570923 0.4531756639480591
0 0.8651642799377441 0.7085400223731995 0.34188592433929443 0.7607355713844299 0.44736796617507935
1 0.8557837605476379 0.1451871246099472 0.43380701541900635 0.21596141159534454 0.5718303918838501
1 0.8510579466819763 0.3111240267753601 -0.008121728897094727 0.3597744107246399 0.09834897518157959
1 0.8432036638259888 0.4510919451713562 0.21807463467121124 0.5022109150886536 0.32931846380233765
1 0.8334944248199463 0.16329550743103027 0.5065867900848389 0.2409127950668335 0.6558177471160889
1 0.8143129348754883 0.32500356435775757 0.1300574541091919 0.37565159797668457 0.24152040481567383
1 0.8060216903686523 0.18518796563148499 0.19056695699691772 0.2536308467388153 0.34257322549819946
1 0.7940273880958557 0.22930759191513062 -0.016244228929281235 0.2833251357078552 0.0954931378364563
0 0.7617665529251099 0.6080256700515747 0.0005683451890945435 0.65688157081604 0.1156638115644455
0 0.7213753461837769 0.7114435434341431 0.4208980202674866 0.7628036737442017 0.5268802046775818
