0 0.6639479398727417 0.5244086980819702 0.06554239988327026 0.5767685174942017 0.18189841508865356
0 0.644323468208313 0.5581822395324707 0.07814924418926239 0.6078968048095703 0.19599230587482452
0 0.6087391972541809 0.4740232825279236 0.09061683714389801 0.5385870337486267 0.23999492824077606
0 0.5455231070518494 0.2504449188709259 0.052371419966220856 0.3145800530910492 0.19380643963813782
0 0.5369234681129456 0.5778457522392273 0.10125834494829178 0.6400933861732483 0.24734234809875488
0 0.49999386072158813 -0.9401580095291138 -1.4099206924438477 2.618868350982666 1.6338248252868652
0 0.4999936819076538 -2.1246252059936523 -0.10473881661891937 2.9889230728149414 0.18415479362010956
0 0.4999934732913971 -0.07689831405878067 0.0031834645196795464 0.14035722613334656 0.010573525913059711
0 0.4999932050704956 -0.04638441652059555 0.005922739859670401 0.13247540593147278 0.016684288159012794
0 0.49998414516448975 -0.04447220265865326 0.013535145670175552 0.14744339883327484 0.027391847223043442
0 0.4999813735485077 0.24863077700138092 -0.17965394258499146 0.6223411560058594 0.406904399394989
0 0.499980628490448 0.14381831884384155 0.016384756192564964 0.2834964394569397 0.059618495404720306
0 0.4999690651893616 -1.2184560298919678 -0.1315951943397522 2.007781744003296 0.7126241326332092
0 0.49996891617774963 0.1719762682914734 0.33457428216934204 0.30589431524276733 0.39720267057418823
