0 0.6698099970817566 0.5230790376663208 0.06594103574752808 0.5755318403244019 0.18241900205612183
0 0.6257520914077759 0.5543014407157898 0.08023996651172638 0.6041719317436218 0.19747577607631683
0 0.6045563220977783 0.473422110080719 0.09072675555944443 0.5376096367835999 0.24038824439048767
0 0.544916033744812 0.24818268418312073 0.05228216201066971 0.31250157952308655 0.19435101747512817
0 0.49999308586120605 -0.9325283765792847 -1.3698968887329102 2.6108059883117676 1.5968050956726074
0 0.49999287724494934 -1.9419375658035278 -0.10221222043037415 2.807771682739258 0.18419769406318665
0 0.49999263882637024 -0.0759657621383667 0.003275349736213684 0.14179909229278564 0.010967954993247986
0 0.4999915361404419 -0.04632250964641571 0.006662621628493071 0.1368781179189682 0.018261000514030457
0 0.4999845623970032 -0.044675037264823914 0.014186399057507515 0.1488744467496872 0.027500314638018608
0 0.49997639656066895 0.2475055754184723 -0.17582130432128906 0.6190842390060425 0.4127840995788574
0 0.49997565150260925 0.1459471881389618 0.01875445991754532 0.2927173674106598 0.065241239964962
0 0.4999712407588959 -1.2087180614471436 -0.1125127375125885 2.006185531616211 0.6980769634246826
0 0.4999709725379944 0.17520037293434143 0.33529534935951233 0.30822327733039856 0.3925611674785614
0 0.4474959075450897 0.5725282430648804 0.10121084749698639 0.6352488994598389 0.2474772185087204
