0 0.6676254868507385 0.5163813829421997 0.06664610654115677 0.5687808990478516 0.18302232027053833
0 0.63414067029953 0.5449845790863037 0.0831478089094162 0.5948154926300049 0.20106585323810577
0 0.6117337942123413 0.468426376581192 0.09130550920963287 0.532997727394104 0.24076871573925018
0 0.5399952530860901 0.24963627755641937 0.054142922163009644 0.3140336275100708 0.19565019011497498
0 0.5204457640647888 0.5631095767021179 0.10569595545530319 0.6259213089942932 0.2522241473197937
0 0.4999915361404419 -0.8573392033576965 -1.3223142623901367 2.530716896057129 1.5606505870819092
0 0.499991238117218 -1.9365949630737305 -0.10403847694396973 2.7996721267700195 0.19003337621688843
0 0.49999111890792847 -0.04482664912939072 0.007030378095805645 0.13738372921943665 0.0190458782017231
0 0.4999910593032837 -0.07656195014715195 0.003637941088527441 0.14506402611732483 0.011922506615519524
0 0.49997904896736145 -0.044012196362018585 0.01549808494746685 0.1549331545829773 0.030298547819256783
0 0.4999768137931824 0.24865329265594482 -0.17725014686584473 0.6195418238639832 0.41538459062576294
0 0.4999760389328003 0.1480940878391266 0.018833788111805916 0.2920977771282196 0.06495168805122375
0 0.49995940923690796 -1.0961041450500488 -0.10612916946411133 1.9083328247070312 0.7050331830978394
0 0.49995899200439453 0.1797618567943573 0.33988961577415466 0.3201855719089508 0.4009802043437958
