0 0.9461220502853394 0.4363430142402649 0.11239252984523773 0.4880930781364441 0.23045922815799713
0 0.9378231167793274 0.640374481678009 0.2824416160583496 0.6950003504753113 0.39873331785202026
1 0.9324074983596802 0.29202020168304443 0.08553405106067657 0.3464350700378418 0.20281784236431122
1 0.9117848873138428 0.26339274644851685 0.29827880859375 0.32112181186676025 0.419688880443573
0 0.9066081643104553 0.5411354899406433 0.11882342398166656 0.5930938124656677 0.23587356507778168
0 0.8987975716590881 0.6006301045417786 0.23726072907447815 0.6611995100975037 0.3913581669330597
0 0.8968396186828613 0.4786485433578491 0.3535539507865906 0.5451719760894775 0.5141464471817017
0 0.8658339381217957 0.5042162537574768 0.5591322183609009 0.5575193762779236 0.6721488237380981
1 0.8572494387626648 0.28784728050231934 0.3883095979690552 0.34655338525772095 0.5135576128959656
1 0.8543282747268677 0.18963167071342468 0.039032936096191406 0.24749937653541565 0.17546439170837402
1 0.8484076261520386 0.16950222849845886 0.3486979901790619 0.25077953934669495 0.5131202936172485
1 0.8023802638053894 0.3372994661331177 0.353497177362442 0.4047178030014038 0.501642107963562
1 0.757095992565155 0.2661670446395874 0.72357177734375 0.3436466455459595 0.8731169700622559
1 0.7509450316429138 0.4183279275894165 0.04635578393936157 0.482928991317749 0.21271389722824097
0 0.7463619112968445 0.5953206419944763 0.49669352173805237 0.6479484438896179 0.6158610582351685
0 0.581305205821991 0.3534156382083893 0.47049033641815186 0.4223482310771942 0.6217222213745117
1 0.5108823180198669 0.46036940813064575 0.0384814515709877 0.5124642848968506 0.15258362889289856
0 0.4998944401741028 -0.3986476957798004 0.010642394423484802 1.2635091543197632 0.3060038685798645
0 0.499891996383667 -0.6792148351669312 -0.5676034688949585 2.1312432289123535 1.1999313831329346
0 0.4998912215232849 0.05721847712993622 0.05887875705957413 0.2354576140642166 0.10835715383291245
