0 0.9792671203613281 0.5077581405639648 0.22416776418685913 0.5627154111862183 0.3426903486251831
1 0.9298707842826843 0.3665909171104431 0.32260745763778687 0.4398934245109558 0.5153501629829407
1 0.9098448753356934 0.46749401092529297 0.2712057828903198 0.5183042287826538 0.3861536979675293
0 0.9077799320220947 0.6242222189903259 0.211073100566864 0.6869786381721497 0.3824533224105835
0 0.855772078037262 0.6645189523696899 0.19196702539920807 0.7168384790420532 0.3075861930847168
0 0.7276504635810852 0.4715768098831177 0.05034741386771202 0.5251694321632385 0.16653260588645935
1 0.7237095832824707 0.32245299220085144 0.5569242835044861 0.39357343316078186 0.7045475840568542
1 0.72222900390625 0.34153276681900024 0.026387125253677368 0.3954012989997864 0.14238771796226501
0 0.6309043169021606 0.6376839280128479 0.41963082551956177 0.6905931830406189 0.5341425538063049
0 0.6222240328788757 0.7790123224258423 0.6606234312057495 0.8493943214416504 0.8102124929428101
0 0.5918909907341003 0.6398311853408813 0.5847442746162415 0.7170361280441284 0.7793398499488831
0 0.5103557705879211 0.4502384662628174 0.07085385173559189 0.5100291967391968 0.22348657250404358
0 0.49998939037323 -0.8680187463760376 -1.2529199123382568 2.505309581756592 1.5431015491485596
0 0.49998921155929565 -1.3740651607513428 -0.06412264704704285 2.202667713165283 0.1781792938709259
0 0.4999885559082031 -0.06621252745389938 0.007363907061517239 0.15058618783950806 0.019351668655872345
0 0.4999786615371704 -0.030664406716823578 0.03406507521867752 0.16062602400779724 0.05502104014158249
0 0.4999701976776123 -0.04138520359992981 0.011745886877179146 0.16423824429512024 0.03242973983287811
0 0.4999392628669739 0.2574983537197113 -0.14077851176261902 0.627128005027771 0.44658657908439636
0 0.4999372363090515 0.17414508759975433 0.052224982529878616 0.3596087098121643 0.11784262955188751
0 0.499868780374527 -0.48498475551605225 -0.3011465072631836 1.8647137880325317 1.5296335220336914
