0 0.7908750176429749 0.6010026335716248 0.35151153802871704 0.6711592078208923 0.533174991607666
0 0.6659271121025085 0.5217472910881042 0.06761631369590759 0.573822557926178 0.1833343207836151
0 0.6583666801452637 0.5547330975532532 0.07743410766124725 0.6047355532646179 0.19637222588062286
0 0.6050117015838623 0.47338902950286865 0.09195661544799805 0.5385698080062866 0.24161571264266968
0 0.5569883584976196 0.5765752196311951 0.10062706470489502 0.6384013295173645 0.2466270923614502
0 0.5499563217163086 0.2620379328727722 0.05606166273355484 0.3267053961753845 0.1978096067905426
0 0.4999837279319763 -1.1660394668579102 -1.2417166233062744 2.8583059310913086 1.5466349124908447
0 0.49998369812965393 -0.03790880739688873 0.008815069682896137 0.15025998651981354 0.02388189360499382
0 0.49998337030410767 -0.916721522808075 -0.10391706228256226 1.9809396266937256 0.2324180006980896
0 0.49997833371162415 -0.08525006473064423 0.003342039417475462 0.16291444003582 0.013678185641765594
0 0.4999774098396301 -0.0345003604888916 0.019816193729639053 0.16156727075576782 0.03632810339331627
0 0.4999622702598572 0.26627984642982483 -0.15635964274406433 0.6259019374847412 0.4252721965312958
0 0.4999607801437378 0.16248661279678345 0.024371245875954628 0.31775766611099243 0.07745810598134995
0 0.49993646144866943 -0.5179265141487122 -0.3006290793418884 1.9333722591400146 1.529733419418335
0 0.49993449449539185 -1.027820348739624 -0.09594199061393738 1.853773832321167 0.7016757726669312
0 0.4999336004257202 0.1769542098045349 0.3496415913105011 0.331867516040802 0.41525086760520935
0 0.445345014333725 0.7084066867828369 0.05864435434341431 0.7605158090591431 0.17726296186447144
