0 0.9655857086181641 0.5184975266456604 0.5561909675598145 0.572936475276947 0.6629161834716797
0 0.9609540700912476 0.5591174960136414 0.47557854652404785 0.6142668128013611 0.59483802318573
0 0.9571995139122009 0.6476453542709351 0.24889591336250305 0.7016979455947876 0.3650209605693817
1 0.9318464398384094 0.4126647412776947 0.3311418890953064 0.47773584723472595 0.4792497754096985
1 0.9042088985443115 0.26151904463768005 0.27768588066101074 0.3169828951358795 0.39504098892211914
1 0.8904631733894348 0.38766252994537354 0.034888193011283875 0.44409114122390747 0.19714541733264923
0 0.8899667263031006 0.5222830772399902 0.08751216530799866 0.5759005546569824 0.2434062659740448
1 0.8520862460136414 0.3066430389881134 0.07292614877223969 0.36091384291648865 0.1926051527261734
1 0.8433069586753845 0.1576227843761444 0.210990309715271 0.22979500889778137 0.38368749618530273
1 0.817036509513855 0.4709850251674652 0.5405668020248413 0.5454217195510864 0.694475531578064
1 0.774498462677002 0.35633978247642517 0.2690536379814148 0.4082770049571991 0.39391857385635376
1 0.5818409323692322 0.27920612692832947 0.7133307456970215 0.3550027906894684 0.863640308380127
0 0.528292715549469 0.25914767384529114 0.5288504958152771 0.3344016969203949 0.6881940960884094
0 0.4999511241912842 -0.6923993825912476 -0.8287527561187744 2.1973862648010254 1.4020004272460938
0 0.49994975328445435 -0.9045765399932861 -0.06747584044933319 1.6212329864501953 0.2969256043434143
0 0.49994900822639465 -0.004405856132507324 0.056908540427684784 0.18134081363677979 0.0860186293721199
0 0.49993592500686646 -0.2774543762207031 -0.025398164987564087 1.2906267642974854 0.24374035000801086
0 0.49993568658828735 0.01321161538362503 0.019650524482131004 0.21368151903152466 0.059940747916698456
0 0.4999333620071411 -0.05676142871379852 0.011774430982768536 0.187519833445549 0.033996451646089554
0 0.499924898147583 0.3140701651573181 -0.06310352683067322 0.5511830449104309 0.48981204628944397
