0 0.6594143509864807 0.5248291492462158 0.06927193701267242 0.5768064260482788 0.18468795716762543
0 0.6493816375732422 0.5589249730110168 0.07879792153835297 0.6085106730461121 0.19742240011692047
0 0.6047929525375366 0.4716914892196655 0.09229817241430283 0.5364401340484619 0.24165299534797668
0 0.6008754968643188 0.5824509263038635 0.10541268438100815 0.6443027853965759 0.2502511441707611
0 0.5570409297943115 0.2536359429359436 0.05443364381790161 0.31816548109054565 0.1962209939956665
0 0.49997931718826294 -0.03890799731016159 0.008975564502179623 0.15323805809020996 0.025964856147766113
0 0.4999791979789734 -1.0169992446899414 -1.2508349418640137 2.6987416744232178 1.5652828216552734
0 0.49997901916503906 -0.9729632139205933 -0.0877394825220108 2.0465526580810547 0.22093112766742706
0 0.4999767541885376 -0.01950029283761978 0.027360033243894577 0.16765853762626648 0.04635988548398018
0 0.49997639656066895 0.25637897849082947 -0.16512644290924072 0.6185874938964844 0.44504880905151367
0 0.4999752640724182 0.1751980185508728 0.03228063881397247 0.3164958357810974 0.08389727771282196
0 0.4999728798866272 -0.08215860277414322 0.0034797838889062405 0.1658487617969513 0.015577668324112892
0 0.49988800287246704 -0.45692628622055054 -0.25439369678497314 1.845973253250122 1.483561396598816
0 0.49988630414009094 -0.8566252589225769 -0.02392566204071045 1.6440908908843994 0.6643106937408447
0 0.49988269805908203 0.1892419457435608 0.3642809987068176 0.35787028074264526 0.44199883937835693
