0 0.6666146516799927 0.5233533978462219 0.0644230991601944 0.5755766034126282 0.18064986169338226
0 0.6391097903251648 0.556991696357727 0.07651904225349426 0.6066157817840576 0.1944093406200409
0 0.6083933711051941 0.4732212722301483 0.0915452316403389 0.5377674102783203 0.24099493026733398
0 0.5534870624542236 0.5780897736549377 0.09947282075881958 0.64032381772995 0.2457042932510376
0 0.545630156993866 0.2486003041267395 0.05319482088088989 0.31258976459503174 0.19467228651046753
0 0.4999925494194031 -0.8925486207008362 -1.3642545938491821 2.5674822330474854 1.594443678855896
0 0.499992311000824 -1.9750266075134277 -0.10242538154125214 2.844269275665283 0.1855746954679489
0 0.4999920725822449 -0.07627005875110626 0.0033360887318849564 0.1436772495508194 0.011308355256915092
0 0.49999159574508667 -0.04502173513174057 0.006434516981244087 0.13647004961967468 0.018111808225512505
0 0.49998295307159424 -0.040386416018009186 0.014862306416034698 0.14902284741401672 0.02953498810529709
0 0.49997806549072266 0.2529696822166443 -0.1766299307346344 0.615714967250824 0.416011780500412
0 0.499977171421051 0.150142639875412 0.018702341243624687 0.2943529784679413 0.06434045732021332
0 0.4999637305736542 -0.5803046226501465 -0.3931388854980469 1.9817695617675781 1.6203656196594238
0 0.49996280670166016 -1.181667447090149 -0.12716716527938843 1.9645439386367798 0.731823742389679
0 0.49996262788772583 0.1782427728176117 0.3540530502796173 0.31487008929252625 0.42085108160972595
