0 0.6613717675209045 0.521040678024292 0.0648181140422821 0.5732665061950684 0.18076911568641663
0 0.6365005970001221 0.5575459003448486 0.07856366038322449 0.6073358058929443 0.19637247920036316
0 0.5898504257202148 0.4672732949256897 0.0849180817604065 0.5317366123199463 0.2339547872543335
0 0.5311757922172546 0.24397100508213043 0.0478915274143219 0.3078446090221405 0.18946614861488342
0 0.49999451637268066 -1.2753275632858276 -1.505081295967102 2.968806266784668 1.7538100481033325
0 0.4999943971633911 -1.2461779117584229 -0.11512508988380432 2.263261079788208 0.2124108374118805
0 0.49999433755874634 -0.0473051592707634 0.0073952944949269295 0.13369983434677124 0.018451843410730362
0 0.4999939799308777 -0.0826851949095726 0.003566474188119173 0.14244773983955383 0.010747343301773071
0 0.499986469745636 -0.055339664220809937 0.014608830213546753 0.1434619128704071 0.02674826979637146
0 0.4999810457229614 -0.7791467905044556 -0.4817660450935364 2.2126994132995605 1.6964428424835205
0 0.4999803900718689 -1.4161171913146973 -0.13967427611351013 2.1875319480895996 0.7050625085830688
0 0.49998021125793457 0.16115638613700867 0.34955793619155884 0.28604546189308167 0.4003292918205261
0 0.4999779462814331 0.23880429565906525 -0.17564377188682556 0.6126313805580139 0.39003196358680725
0 0.4999772310256958 0.1370159238576889 0.014744091778993607 0.2830674648284912 0.060819219797849655
0 0.492618590593338 0.5759785175323486 0.10096409171819687 0.638237714767456 0.24772098660469055
1 0.46503472328186035 0.49222585558891296 0.19872915744781494 0.5435210466384888 0.3104706406593323
