0 0.9397363066673279 0.5187270045280457 0.5598427057266235 0.573767364025116 0.670688271522522
0 0.9358210563659668 0.563134491443634 0.4855901598930359 0.6172682642936707 0.6047585606575012
1 0.9003937840461731 0.2987118065357208 0.07962978631258011 0.352984756231308 0.2006460428237915
0 0.8945269584655762 0.6254773736000061 0.2989710867404938 0.678864061832428 0.4168480336666107
1 0.8915605545043945 0.4149926006793976 0.33656519651412964 0.478650838136673 0.48512035608291626
1 0.8845324516296387 0.25836849212646484 0.2877066135406494 0.3147554397583008 0.4064541459083557
1 0.8752177953720093 0.3491866886615753 0.26864007115364075 0.4017767012119293 0.3917616307735443
1 0.8524050712585449 0.4019506573677063 0.025689274072647095 0.456886351108551 0.18948248028755188
1 0.8502023816108704 0.16632361710071564 0.21475669741630554 0.23813198506832123 0.38589921593666077
1 0.8458189368247986 0.19728507101535797 0.011858701705932617 0.2543265223503113 0.14333724975585938
0 0.7224098443984985 0.25278910994529724 0.5377300381660461 0.32700207829475403 0.6952534317970276
1 0.7211769819259644 0.27031564712524414 0.7175502181053162 0.34704411029815674 0.8698180317878723
0 0.6719809174537659 0.736356258392334 0.1755782961845398 0.8059947490692139 0.37636661529541016
0 0.49997228384017944 -0.8190013766288757 -0.9484873414039612 2.379940986633301 1.2453815937042236
0 0.4999714493751526 -0.8511660695075989 -0.066069096326828 1.6862306594848633 0.20310381054878235
0 0.49997103214263916 -0.044542402029037476 0.009998807683587074 0.16710582375526428 0.029730012640357018
0 0.4999660849571228 -0.004849836230278015 0.03537621349096298 0.16994117200374603 0.0625549927353859
0 0.49995821714401245 0.27129143476486206 -0.11198818683624268 0.5788704752922058 0.5254673957824707
0 0.4999547600746155 0.27056121826171875 0.16273880004882812 0.42425060272216797 0.24151253700256348
0 0.4999243915081024 -0.004604153335094452 0.014981795102357864 0.19710421562194824 0.04945630952715874
