0 0.9833793044090271 0.4820520877838135 0.1872648298740387 0.5377136468887329 0.304805725812912
0 0.9787145853042603 0.6495211124420166 0.1419815719127655 0.7058171033859253 0.2541504204273224
0 0.9747433662414551 0.609239399433136 0.12771649658679962 0.6714285016059875 0.308491587638855
0 0.9641062021255493 0.5979717969894409 0.38771504163742065 0.6550028324127197 0.5042422413825989
0 0.9537703990936279 0.40277615189552307 0.30028754472732544 0.467311829328537 0.43801021575927734
0 0.948563814163208 0.6855109333992004 0.2933409810066223 0.7415602803230286 0.4101839065551758
0 0.9366793036460876 0.5386998057365417 -0.002544686198234558 0.5908975005149841 0.10798494517803192
0 0.9074872732162476 0.65531986951828 0.05374395474791527 0.7069340348243713 0.1645646095275879
0 0.8912369608879089 0.7999847531318665 0.6220495700836182 0.8725473284721375 0.7845996618270874
1 0.8832746148109436 0.21898186206817627 -0.023937735706567764 0.2758544087409973 0.09282085299491882
1 0.8734254837036133 0.3155542016029358 0.12465284764766693 0.3680952787399292 0.23911090195178986
1 0.8653870820999146 0.3115599751472473 -0.014910295605659485 0.362169086933136 0.09248735010623932
0 0.8635268807411194 0.7835990190505981 0.3197319507598877 0.8596595525741577 0.5195571780204773
1 0.8602299690246582 0.2604910135269165 0.2644113302230835 0.3340158462524414 0.43786847591400146
1 0.8449404239654541 0.4359908998012543 0.18378350138664246 0.48801103234291077 0.2983197867870331
1 0.822297215461731 0.418840616941452 0.4907664358615875 0.4855819046497345 0.6343685388565063
1 0.8078861236572266 0.35780829191207886 0.19042274355888367 0.42193543910980225 0.35212913155555725
0 0.49995988607406616 -1.0174479484558105 -0.7123081088066101 2.477612018585205 1.2495555877685547
0 0.499958872795105 0.22146537899971008 -0.123098224401474 0.5703704357147217 0.4995671212673187
0 0.4999561309814453 0.23617273569107056 0.13343022763729095 0.38217276334762573 0.2166835218667984
