0 0.7125079035758972 0.5247004628181458 0.06546135246753693 0.5772432684898376 0.18270336091518402
0 0.6584579944610596 0.5583630800247192 0.07902597635984421 0.6081283092498779 0.19794601202011108
0 0.605826735496521 0.4729228913784027 0.09388291090726852 0.5375974774360657 0.24325025081634521
0 0.5943025350570679 0.5815311074256897 0.10467728227376938 0.6432787775993347 0.24986496567726135
0 0.535519003868103 0.25955256819725037 0.06068708002567291 0.3243096172809601 0.20206426084041595
0 0.49997323751449585 -0.9818224310874939 -0.9999090433120728 2.6285154819488525 1.4060479402542114
0 0.49997246265411377 -0.5747728943824768 -0.07411842048168182 1.6741292476654053 0.25634580850601196
0 0.499972403049469 -0.01110367476940155 0.019803352653980255 0.1772976964712143 0.04255758970975876
0 0.499933660030365 -0.06464071571826935 0.006497189402580261 0.19287480413913727 0.024204865097999573
0 0.49993056058883667 -0.0048394575715065 0.030228707939386368 0.19486936926841736 0.05914023146033287
0 0.499908983707428 0.2912384867668152 -0.090431347489357 0.621303915977478 0.40798521041870117
0 0.4999057650566101 0.18184778094291687 0.0410425066947937 0.3654022514820099 0.11361801624298096
0 0.4998862147331238 -0.4485631585121155 -0.1895948052406311 1.841231107711792 1.4241807460784912
0 0.4998820126056671 -0.6263319253921509 -0.06895309686660767 1.4208801984786987 0.7298277616500854
0 0.49987736344337463 0.20262309908866882 0.3722597360610962 0.36910536885261536 0.4522104859352112
0 0.4026535451412201 0.7101559042930603 0.06016675382852554 0.7620506882667542 0.17843535542488098
