0 0.9668373465538025 0.49679458141326904 0.2559795677661896 0.5522236824035645 0.37315043807029724
0 0.8075761198997498 0.5543479323387146 0.418815016746521 0.6218592524528503 0.5916740894317627
0 0.7767412662506104 0.408369243144989 0.06261983513832092 0.46777504682540894 0.2147594392299652
0 0.7762901782989502 0.6632131934165955 0.40954095125198364 0.7171738743782043 0.5260090827941895
0 0.7559488415718079 0.5014816522598267 0.05657840520143509 0.5567333698272705 0.17586243152618408
1 0.7179625630378723 0.21096926927566528 0.06906739622354507 0.27405667304992676 0.20817825198173523
1 0.6911782026290894 0.2106114774942398 0.3000631034374237 0.2910725474357605 0.46760961413383484
0 0.5836588144302368 0.7290471792221069 0.19317016005516052 0.7986088991165161 0.3816581070423126
1 0.5825207829475403 0.5211530923843384 0.07391924411058426 0.5840351581573486 0.21350932121276855
0 0.5312675833702087 0.6671090722084045 0.0980108454823494 0.7275505661964417 0.2551608681678772
0 0.5241454839706421 0.3873771131038666 0.45799949765205383 0.4442279636859894 0.5816914439201355
0 0.49995094537734985 -0.615324079990387 -0.8185119032859802 2.2009406089782715 1.1540522575378418
0 0.4999493956565857 -0.07123462855815887 0.008807593956589699 0.18853656947612762 0.02949351631104946
0 0.4999493360519409 -0.8456991910934448 -0.05769351124763489 1.6574984788894653 0.21649613976478577
0 0.49994540214538574 -0.02704416960477829 0.020052645355463028 0.18017607927322388 0.050166454166173935
0 0.49992120265960693 -0.030746594071388245 0.039732471108436584 0.20146597921848297 0.06708668172359467
0 0.49989771842956543 0.2362179160118103 -0.11230570077896118 0.578915536403656 0.4649049639701843
0 0.49989593029022217 0.19253285229206085 0.08485780656337738 0.3797791600227356 0.16802628338336945
0 0.49978119134902954 -0.3697403073310852 -0.10071945190429688 1.6843419075012207 1.3441652059555054
0 0.4997691810131073 -0.6957124471664429 -0.043466389179229736 1.4100157022476196 0.6788211464881897
