0 0.963337242603302 0.5110137462615967 0.25549575686454773 0.5663654804229736 0.37161073088645935
0 0.8019604086875916 0.5834683775901794 0.4244047999382019 0.6526661515235901 0.6003358960151672
0 0.7691787481307983 0.4043503403663635 0.055974461138248444 0.4634550213813782 0.20857861638069153
0 0.7618579268455505 0.5014880299568176 0.05115090683102608 0.5564594864845276 0.16956587135791779
0 0.7540282607078552 0.677070677280426 0.3953562080860138 0.7296021580696106 0.5097640156745911
1 0.6860008835792542 0.22165513038635254 0.2942994236946106 0.301342248916626 0.46317970752716064
1 0.5688722133636475 0.3932543396949768 0.44401586055755615 0.46010202169418335 0.5888693332672119
0 0.5255440473556519 0.21571804583072662 0.061973653733730316 0.28046077489852905 0.201323002576828
1 0.518237829208374 0.5156332850456238 0.06360876560211182 0.57978755235672 0.20292305946350098
0 0.4999666213989258 -0.5887874364852905 -0.8148232698440552 2.1314797401428223 1.3727976083755493
0 0.49996501207351685 -1.2402135133743286 -0.10329075157642365 1.9611526727676392 0.30564481019973755
0 0.49996429681777954 -0.03031272441148758 0.03601035475730896 0.17806142568588257 0.057200461626052856
0 0.4999394714832306 -0.07684171199798584 0.004957566969096661 0.19104242324829102 0.026932884007692337
0 0.49992677569389343 -0.02031458169221878 0.017346790060400963 0.1890602707862854 0.05300099402666092
0 0.49992308020591736 -0.3026919960975647 -0.0376555472612381 1.2937028408050537 0.25012707710266113
0 0.49989479780197144 -0.9874328374862671 -0.09067559242248535 1.7044545412063599 0.7227450013160706
0 0.49988996982574463 0.1736142933368683 0.4037837088108063 0.35364314913749695 0.4708884656429291
0 0.499850869178772 0.2726876139640808 -0.05993160605430603 0.5645604133605957 0.45045384764671326
0 0.4998488426208496 0.20918121933937073 0.09917914867401123 0.4153023064136505 0.19717156887054443
