0 0.7213084101676941 0.2860129475593567 0.04253391548991203 0.34091126918792725 0.16386176645755768
0 0.6612638235092163 0.5530205368995667 0.07921180129051208 0.6028808951377869 0.19783195853233337
0 0.6508482098579407 0.520988404750824 0.0664534717798233 0.5729549527168274 0.18257151544094086
0 0.5764132738113403 0.48556551337242126 0.09504680335521698 0.551153838634491 0.24608780443668365
0 0.5571052432060242 0.5758402943611145 0.10254652053117752 0.637684166431427 0.24843847751617432
0 0.49997979402542114 -1.123837947845459 -1.1745598316192627 2.8104019165039062 1.4737143516540527
0 0.49997949600219727 -0.040760338306427 0.00826659332960844 0.1540210247039795 0.02340761199593544
0 0.49997925758361816 -0.8361829519271851 -0.0992593914270401 1.8855890035629272 0.22918708622455597
0 0.4999776780605316 -0.035131849348545074 0.020112525671720505 0.1620047390460968 0.036380160599946976
0 0.4999766945838928 -0.08613038063049316 0.0035278466530144215 0.16536277532577515 0.014281604439020157
0 0.49995946884155273 0.286175012588501 -0.15837296843528748 0.6396858096122742 0.4227837026119232
0 0.49995818734169006 0.1668761968612671 0.024471700191497803 0.3163648247718811 0.07983231544494629
0 0.4999349117279053 -0.5166889429092407 -0.297249972820282 1.9350024461746216 1.5224320888519287
0 0.49993276596069336 -1.0216482877731323 -0.09716078639030457 1.851951241493225 0.6966460943222046
0 0.4999316930770874 0.17369164526462555 0.3457612991333008 0.330295205116272 0.41047799587249756
0 0.496755987405777 0.7110130786895752 0.05758468806743622 0.7632423639297485 0.17658759653568268
