0 0.6551264524459839 0.5408267974853516 0.08363162726163864 0.5903540849685669 0.2018623948097229
0 0.6530869007110596 0.5135565996170044 0.0653655081987381 0.5656005144119263 0.1816752403974533
0 0.5983408093452454 0.4684152901172638 0.08950922638177872 0.5337510108947754 0.2396514117717743
0 0.5612871050834656 0.25982195138931274 0.052338600158691406 0.32402485609054565 0.19424539804458618
0 0.5509268641471863 0.5658228397369385 0.10805368423461914 0.6276631355285645 0.25242048501968384
0 0.4999808669090271 -0.7356542348861694 -1.024525761604309 2.3387537002563477 1.4934629201889038
0 0.49998027086257935 -1.4816898107528687 -0.11146043241024017 2.2932541370391846 0.2705762982368469
0 0.49997979402542114 -0.03422138839960098 0.02026645839214325 0.16060969233512878 0.036058083176612854
0 0.49997836351394653 -0.03729671239852905 0.009044871665537357 0.15776407718658447 0.02583499252796173
0 0.4999757409095764 -0.08691208064556122 0.003282820340245962 0.166593536734581 0.014088714495301247
0 0.49994784593582153 0.2763192057609558 -0.15314894914627075 0.6213489174842834 0.4360535144805908
0 0.49994543194770813 0.16978541016578674 0.028050657361745834 0.3359088599681854 0.08457756042480469
0 0.49992862343788147 -1.0262285470962524 -0.09169837832450867 1.860679030418396 0.6857415437698364
0 0.4999273419380188 0.1662270426750183 0.332072913646698 0.32623064517974854 0.3949451446533203
0 0.4030107259750366 0.6859529614448547 0.07009963691234589 0.7391505837440491 0.1914767175912857
