0 0.7390277981758118 0.5067723393440247 0.06676244735717773 0.5587747693061829 0.18289124965667725
0 0.6782426834106445 0.5402680039405823 0.08606146275997162 0.589411199092865 0.20220597088336945
0 0.5896231532096863 0.5573877096176147 0.0945662260055542 0.6078989505767822 0.2090299129486084
0 0.5768945217132568 0.463912695646286 0.09473881125450134 0.5291627049446106 0.24370267987251282
0 0.5243728756904602 0.27726224064826965 0.07700589299201965 0.3428846299648285 0.2198985517024994
0 0.4992690682411194 0.08087216317653656 0.06726233661174774 0.3557667136192322 0.1469181925058365
0 0.4992609918117523 -0.6167722940444946 -0.3399454653263092 2.13389253616333 1.0203399658203125
0 0.4992353022098541 0.1109713613986969 -0.015400141477584839 0.9950985908508301 0.3929888904094696
0 0.4986698031425476 0.08907853066921234 0.10253924131393433 0.3805575966835022 0.187644362449646
0 0.49830907583236694 0.0032760798931121826 0.025727316737174988 0.3447115123271942 0.08911444246768951
0 0.4958730936050415 0.3732143044471741 -0.0030201077461242676 0.6210728287696838 0.4771766662597656
0 0.4958631992340088 0.23669347167015076 0.15772008895874023 0.6144475936889648 0.3225632309913635
0 0.492712140083313 -0.11983984708786011 0.19610267877578735 1.4011497497558594 1.0845386981964111
0 0.4922622740268707 -0.06923708319664001 0.035811424255371094 0.8728021383285522 0.6807698011398315
0 0.49183225631713867 0.20321032404899597 0.39139848947525024 0.5635840892791748 0.5477233529090881
