0 0.9678934812545776 0.6714031100273132 0.07026465237140656 0.7216688990592957 0.1753241866827011
0 0.952957272529602 0.6564469933509827 0.17167165875434875 0.707960307598114 0.2796023190021515
0 0.9015337824821472 0.6279595494270325 0.6369163990020752 0.6828530430793762 0.7463085651397705
0 0.8995161652565002 0.5073110461235046 0.2390664517879486 0.5575485825538635 0.3502275049686432
1 0.8586382269859314 0.18010291457176208 0.291552871465683 0.25154778361320496 0.4576704800128937
1 0.8197572231292725 0.29589033126831055 0.15840938687324524 0.3459826707839966 0.2632195055484772
1 0.8003451228141785 0.19994091987609863 0.2156359702348709 0.26539146900177 0.367201030254364
0 0.7923263311386108 0.7065150141716003 0.3426927328109741 0.758674681186676 0.4479871392250061
0 0.7815155982971191 0.8006651997566223 0.31449949741363525 0.8767184615135193 0.5040444135665894
1 0.7771747708320618 0.2459491640329361 -0.00042141973972320557 0.2962651550769806 0.10727258026599884
0 0.7718042731285095 0.5943843722343445 0.055723290890455246 0.6462152600288391 0.17476071417331696
1 0.7715571522712708 0.2894279956817627 0.29134199023246765 0.3414226174354553 0.402295857667923
1 0.763948380947113 0.3265143632888794 0.05335433781147003 0.3738636374473572 0.15199624001979828
1 0.7245968580245972 0.22853386402130127 0.10974076390266418 0.28019291162490845 0.2365495264530182
1 0.7036246061325073 0.1884252429008484 0.49585574865341187 0.2648608684539795 0.6445857882499695
1 0.6987351179122925 0.17945130169391632 0.42140668630599976 0.2515704035758972 0.5632371306419373
0 0.6296538710594177 0.6488563418388367 0.3929721713066101 0.7145338654518127 0.5451039671897888
0 0.6280935406684875 0.8069975972175598 0.5890592336654663 0.880670964717865 0.7462610006332397
1 0.5977128744125366 0.28688010573387146 0.3828836679458618 0.3419629633426666 0.494565486907959
1 0.5843927264213562 0.28552958369255066 0.5861835479736328 0.34025076031684875 0.6940631866455078
