0 0.9526934027671814 0.6127373576164246 0.39527612924575806 0.6677506566047668 0.5138320326805115
0 0.947272777557373 0.5227256417274475 0.2090226113796234 0.5761573910713196 0.32002511620521545
0 0.9400166869163513 0.45704415440559387 0.31024467945098877 0.5245365500450134 0.4559399485588074
0 0.874636173248291 0.8142457604408264 0.6576361656188965 0.8863157629966736 0.8048784732818604
1 0.8497393131256104 0.33667606115341187 0.29178449511528015 0.40607935190200806 0.4644859731197357
1 0.8333585262298584 0.639399528503418 0.6222479343414307 0.7064480781555176 0.7702195644378662
0 0.8235938549041748 0.6858103275299072 0.40159937739372253 0.7579810619354248 0.5904309153556824
1 0.8155590891838074 0.4360392987728119 0.1997557431459427 0.4995298683643341 0.36116379499435425
0 0.7509985566139221 0.6874206066131592 0.16147667169570923 0.738429069519043 0.27813631296157837
1 0.697045624256134 0.49002960324287415 0.18183067440986633 0.5420927405357361 0.2960328161716461
0 0.6857180595397949 0.6171441674232483 0.17958670854568481 0.6844344735145569 0.35546159744262695
1 0.6457391381263733 0.3100029230117798 0.5173535943031311 0.3682892322540283 0.6330177187919617
1 0.6081307530403137 0.3329259157180786 0.0022260472178459167 0.38197773694992065 0.11054009944200516
1 0.5411969423294067 0.3556693494319916 0.10837087035179138 0.4050796926021576 0.2205468714237213
1 0.5204614996910095 0.24435952305793762 0.09653967618942261 0.3084292709827423 0.22769302129745483
0 0.4998372793197632 0.025464318692684174 0.04396115615963936 0.2390390932559967 0.10259051620960236
0 0.4998343884944916 -0.22104933857917786 -0.004781574010848999 1.1265250444412231 0.30052557587623596
0 0.4998301863670349 -0.4493561387062073 -0.7111576199531555 1.998748540878296 1.2078006267547607
0 0.4997769594192505 0.006899207830429077 0.05939428135752678 0.23140856623649597 0.12269426882266998
0 0.49948620796203613 -0.24832803010940552 -0.11768251657485962 1.572192668914795 1.341843843460083
