0 0.6571016907691956 0.5498385429382324 0.07350888103246689 0.5993866920471191 0.1924884021282196
0 0.6454271674156189 0.811042070388794 0.6787423491477966 0.8843907117843628 0.8149273991584778
0 0.6389839053153992 0.5109637379646301 0.06194857507944107 0.5630328059196472 0.1778768002986908
0 0.6355370879173279 0.5804812908172607 0.09941668808460236 0.6415101289749146 0.2440318912267685
0 0.6075722575187683 0.4582968056201935 0.09229792654514313 0.5230109691619873 0.2420976608991623
0 0.5760672688484192 0.2398306131362915 0.05146261304616928 0.3039088249206543 0.1929425299167633
0 0.4999920725822449 -1.360694408416748 -1.459372639656067 3.0662498474121094 1.7155746221542358
0 0.4999919831752777 -0.048840828239917755 0.006028817500919104 0.1365317702293396 0.01742882840335369
0 0.49999183416366577 -1.2393274307250977 -0.11111928522586823 2.289414644241333 0.21440590918064117
0 0.4999910295009613 -0.09330600500106812 0.0021370803005993366 0.15011096000671387 0.009247764945030212
0 0.4999905824661255 -0.04668617248535156 0.015163404867053032 0.1427440047264099 0.026541011407971382
0 0.49998003244400024 0.24966111779212952 -0.17596271634101868 0.6046539545059204 0.4199095070362091
0 0.4999791085720062 0.1517009735107422 0.019912034273147583 0.29571592807769775 0.06425467133522034
0 0.49996596574783325 -0.6117925047874451 -0.39991146326065063 2.0320827960968018 1.6227357387542725
0 0.4999648928642273 -1.3517159223556519 -0.12007781863212585 2.143357753753662 0.6913087368011475
0 0.49996423721313477 0.15455392003059387 0.33167585730552673 0.29831573367118835 0.3846372067928314
0 0.48744115233421326 0.7113790512084961 0.05482921749353409 0.7641847133636475 0.1750415861606598
