0 0.6666631698608398 0.5260859727859497 0.0679713562130928 0.5781961679458618 0.18399053812026978
0 0.6476579904556274 0.5592719316482544 0.07899893820285797 0.6089433431625366 0.19768528640270233
0 0.6038419604301453 0.4735844135284424 0.09190139919519424 0.5382857322692871 0.24162247776985168
0 0.581525981426239 0.5817554593086243 0.10375374555587769 0.6435918211936951 0.2495458722114563
0 0.5539638996124268 0.25806790590286255 0.05488424748182297 0.32243210077285767 0.1965426206588745
0 0.4999874234199524 -1.203747034072876 -1.3215426206588745 2.8994252681732178 1.6094151735305786
0 0.49998739361763 -0.04032265394926071 0.007766912691295147 0.1443723440170288 0.021613527089357376
0 0.49998709559440613 -1.0386179685592651 -0.10605520009994507 2.0968589782714844 0.22584378719329834
0 0.4999852776527405 -0.07965360581874847 0.0035171168856322765 0.15442149341106415 0.013007495552301407
0 0.49997809529304504 -0.03348255902528763 0.02016402967274189 0.15991294384002686 0.03671590983867645
0 0.49997156858444214 0.2602804899215698 -0.16290777921676636 0.6209987998008728 0.4220988154411316
0 0.4999704957008362 0.15892747044563293 0.022300751879811287 0.30731305480003357 0.07265815138816833
0 0.499925822019577 -0.49399054050445557 -0.2927236557006836 1.9064913988113403 1.5239778757095337
0 0.49992358684539795 -1.0071942806243896 -0.08365291357040405 1.8333065509796143 0.70315021276474
0 0.4999227523803711 0.18119554221630096 0.3543638586997986 0.3381149172782898 0.4233066439628601
