0 0.6255400776863098 0.22721844911575317 0.04049565643072128 0.2906920313835144 0.18284669518470764
0 0.6200625896453857 0.5303724408149719 0.06681834161281586 0.5830244421958923 0.1831260472536087
0 0.6172090768814087 0.7047199606895447 0.057499829679727554 0.7583293318748474 0.1778905987739563
0 0.4999960958957672 -1.6463924646377563 -1.6948298215866089 3.359050750732422 1.9216502904891968
0 0.49999600648880005 -0.05144321173429489 0.005135110579431057 0.12384950369596481 0.014073439873754978
0 0.4999959468841553 -1.6070616245269775 -0.11839894950389862 2.6427924633026123 0.20749400556087494
0 0.4999948740005493 -0.09252947568893433 0.0021879500709474087 0.14144742488861084 0.008001880720257759
0 0.4999906122684479 -0.049634262919425964 0.013798422180116177 0.14253483712673187 0.02456098049879074
0 0.4999904930591583 0.2263186275959015 -0.19165751338005066 0.5760535001754761 0.41680893301963806
0 0.49998992681503296 0.14454588294029236 0.016922838985919952 0.2753796875476837 0.05431061238050461
0 0.49996131658554077 -0.5919109582901001 -0.3969752788543701 1.9700125455856323 1.588428020477295
0 0.4999602437019348 -1.3599482774734497 -0.10316410660743713 2.1250011920928955 0.6596846580505371
0 0.49995964765548706 0.1645127832889557 0.32736173272132874 0.31109628081321716 0.3846783936023712
