8 0.8177600502967834 0.16728562116622925 0.12914666533470154 0.2368653416633606 0.2910245358943939
9 0.7657603025436401 0.3368689715862274 0.30873903632164 0.38564422726631165 0.4107380211353302
9 0.6126282811164856 0.4088447391986847 0.27994048595428467 0.44789919257164 0.3723433017730713
9 0.48522040247917175 0.427333801984787 0.29546353220939636 0.4712009131908417 0.39163848757743835
9 0.4767993092536926 0.3287196457386017 0.18903964757919312 0.37127432227134705 0.29745155572891235
3 0.4261133670806885 0.16331297159194946 0.31551265716552734 0.23767077922821045 0.4517943859100342
5 0.39401334524154663 0.33219486474990845 0.30215099453926086 0.42467761039733887 0.48138824105262756
5 0.33758997917175293 0.2498159557580948 0.21596340835094452 0.3341314196586609 0.39338546991348267
3 0.30946940183639526 0.23417305946350098 0.264466255903244 0.2847573757171631 0.36915650963783264
5 0.23783516883850098 0.3777889311313629 0.31467682123184204 0.4677256643772125 0.48640722036361694
6 0.2318577617406845 0.2987711727619171 0.32294467091560364 0.3841455280780792 0.4800862967967987
