8 0.8106491565704346 0.17450284957885742 0.14769235253334045 0.24529153108596802 0.30898067355155945
9 0.7566813826560974 0.34637826681137085 0.34089407324790955 0.39387327432632446 0.44091156125068665
9 0.5864014625549316 0.4109199047088623 0.31028228998184204 0.4486738443374634 0.40127384662628174
9 0.5376110076904297 0.42112699151039124 0.34209132194519043 0.4643060863018036 0.4356301426887512
9 0.437381386756897 0.33654123544692993 0.20888349413871765 0.37801283597946167 0.3162313997745514
3 0.43643033504486084 0.1753629446029663 0.3374994099140167 0.25220823287963867 0.4741237461566925
5 0.41246727108955383 0.3325364887714386 0.3387283980846405 0.428130179643631 0.5214029550552368
3 0.3479140102863312 0.24999970197677612 0.2868322730064392 0.30005210638046265 0.3880128264427185
5 0.34782302379608154 0.2554413080215454 0.24105872213840485 0.3423570394515991 0.42176783084869385
5 0.3369053602218628 0.36345794796943665 0.36245474219322205 0.4589643180370331 0.5330628156661987
5 0.21128317713737488 0.30478420853614807 0.3607270419597626 0.3947431743144989 0.5178393721580505
