8 0.828868567943573 0.17464692890644073 0.13099195063114166 0.2440246194601059 0.29239052534103394
9 0.7670754790306091 0.344955712556839 0.31453216075897217 0.39297935366630554 0.4161874055862427
9 0.5643649101257324 0.41327163577079773 0.28962385654449463 0.4515785276889801 0.3810267448425293
9 0.4663305878639221 0.333906888961792 0.19149813055992126 0.3759008049964905 0.3000456392765045
9 0.45529937744140625 0.4252591133117676 0.31420302391052246 0.46764492988586426 0.4079521894454956
3 0.4476567506790161 0.17506906390190125 0.3201368749141693 0.2498534619808197 0.4553658664226532
5 0.4107910394668579 0.33288535475730896 0.31320130825042725 0.42694029211997986 0.4945600628852844
5 0.35459157824516296 0.2544015049934387 0.22169610857963562 0.3393840193748474 0.3998003304004669
3 0.3467329144477844 0.2423117756843567 0.2655927538871765 0.2929280400276184 0.3699039816856384
5 0.27652707695961 0.3688628077507019 0.32678768038749695 0.4601086974143982 0.5018688440322876
3 0.2718197703361511 0.5183614492416382 0.4666881263256073 0.565820574760437 0.5650293231010437
6 0.2185312807559967 0.30748453736305237 0.3328418731689453 0.39459481835365295 0.4896988868713379
