11 0.8954843878746033 0.08093194663524628 0.7297964692115784 0.151988223195076 0.8668857216835022
6 0.8925547003746033 0.17782580852508545 0.46288377046585083 0.24101322889328003 0.6010598540306091
3 0.8845364451408386 0.6045419573783875 0.07980693876743317 0.644420325756073 0.18099258840084076
9 0.8412472009658813 0.30515411496162415 0.5119741559028625 0.3538070619106293 0.610542356967926
8 0.818669319152832 0.13185058534145355 0.6244966983795166 0.19440926611423492 0.7543610334396362
1 0.7983385920524597 0.7232000231742859 0.38654500246047974 0.8170459866523743 0.5558127164840698
9 0.7919577956199646 0.2429690659046173 0.7298716306686401 0.2964824140071869 0.8340405225753784
5 0.7763391137123108 0.6907719969749451 0.07206527888774872 0.7348962426185608 0.17819298803806305
3 0.7701328992843628 0.6287548542022705 0.354881227016449 0.6747536659240723 0.4507446885108948
5 0.7042417526245117 0.743846595287323 0.6897867321968079 0.8189004063606262 0.8078168034553528
3 0.6976211071014404 0.6443527936935425 0.6931151747703552 0.6940641403198242 0.7867467999458313
3 0.6930487751960754 0.6359238624572754 0.5841010212898254 0.6832680702209473 0.6822479367256165
3 0.6807117462158203 0.6104987263679504 0.2284722924232483 0.6520242094993591 0.3305519223213196
3 0.674094557762146 0.6610180735588074 0.4087928831577301 0.7065761685371399 0.5050333142280579
4 0.668761670589447 0.7097209095954895 0.3049924373626709 0.7972115874290466 0.45548295974731445
0 0.6426131129264832 0.718134880065918 0.19160683453083038 0.7632434368133545 0.3172765374183655
3 0.6358983516693115 0.6438660621643066 0.4822731018066406 0.6902250051498413 0.580504298210144
3 0.6163612008094788 0.6077081561088562 0.14692607522010803 0.6482661366462708 0.24897274374961853
0 0.5806556344032288 0.7446539998054504 0.4776468873023987 0.8153836131095886 0.6020087599754333
11 0.5030751824378967 0.23350292444229126 0.10721313953399658 0.27513277530670166 0.20433813333511353
