9 0.9898520112037659 0.3196195662021637 0.5720257759094238 0.37656328082084656 0.6859802007675171
3 0.9734966158866882 0.6051309108734131 0.34249937534332275 0.6541423797607422 0.4515131711959839
6 0.9702972173690796 0.38306736946105957 0.46624553203582764 0.4496864080429077 0.6121104955673218
9 0.9454375505447388 0.3035695254802704 0.23801268637180328 0.35441431403160095 0.3491097688674927
3 0.9269132018089294 0.4940553605556488 0.6188679337501526 0.5471745729446411 0.7196090817451477
3 0.9010663628578186 0.5463292598724365 0.5171622633934021 0.5971858501434326 0.6249141097068787
9 0.8495857119560242 0.27959296107292175 0.3758356273174286 0.33275189995765686 0.4880758225917816
7 0.7465258836746216 0.14080442488193512 0.33915194869041443 0.209686741232872 0.50018310546875
8 0.7332342863082886 0.3453900218009949 0.6701781749725342 0.42641186714172363 0.8152248859405518
9 0.7236844301223755 0.26907676458358765 0.6267439126968384 0.33846086263656616 0.753639817237854
1 0.6056247353553772 0.6604999899864197 0.3207905888557434 0.7495741248130798 0.5040146112442017
11 0.4779070317745209 0.4441141188144684 0.4346291422843933 0.5091013312339783 0.571148693561554
5 0.3877360224723816 0.2633034586906433 0.10943283140659332 0.33258551359176636 0.24202512204647064
0 0.3699878454208374 0.44373005628585815 0.33756881952285767 0.5062469244003296 0.4714788794517517
1 0.34780818223953247 0.33714932203292847 0.19657209515571594 0.4090304374694824 0.35396161675453186
0 0.2897939085960388 0.4193779528141022 0.27166369557380676 0.48345431685447693 0.40177175402641296
3 0.21225154399871826 0.5470408201217651 0.36395537853240967 0.595556378364563 0.4712168574333191
6 0.2058751881122589 0.06977443397045135 0.6053060293197632 0.14056070148944855 0.7665368318557739
