9 0.7650598287582397 0.3537614047527313 0.3204469382762909 0.4014175236225128 0.4208301603794098
8 0.7591150999069214 0.17456790804862976 0.14076070487499237 0.2464844286441803 0.30320656299591064
9 0.5624317526817322 0.417534738779068 0.2842193841934204 0.4557201564311981 0.37476497888565063
9 0.4729323089122772 0.4401375353336334 0.3176812529563904 0.48227939009666443 0.4102553725242615
9 0.4181089699268341 0.3397587537765503 0.19632548093795776 0.3813728094100952 0.30241501331329346
3 0.38334354758262634 0.1709514856338501 0.32472798228263855 0.24792444705963135 0.4622286260128021
5 0.3612380623817444 0.3400254249572754 0.3028147220611572 0.43363380432128906 0.4858381748199463
3 0.2756786644458771 0.2468077540397644 0.27509766817092896 0.2972208261489868 0.3779304623603821
5 0.2570098638534546 0.2615804076194763 0.21698451042175293 0.3468787670135498 0.3973499536514282
5 0.24631330370903015 0.38559648394584656 0.3287177085876465 0.4768895208835602 0.5041711330413818
6 0.24615079164505005 0.3126906156539917 0.33495086431503296 0.4015703797340393 0.4936158061027527
