8 0.8282427191734314 0.17594850063323975 0.12399972975254059 0.24466443061828613 0.2848183512687683
9 0.7722094655036926 0.341048926115036 0.30520081520080566 0.3896236717700958 0.40787768363952637
9 0.5885676145553589 0.41105666756629944 0.27619263529777527 0.45027396082878113 0.36890801787376404
9 0.4693128764629364 0.33146926760673523 0.18291807174682617 0.3741350471973419 0.2922337055206299
9 0.46731284260749817 0.4231715500354767 0.2974257469177246 0.4665578305721283 0.39319276809692383
3 0.4295288026332855 0.1732427030801773 0.3103175461292267 0.2471388429403305 0.4449540078639984
5 0.39609554409980774 0.3344176411628723 0.29629766941070557 0.42631715536117554 0.47502565383911133
5 0.345127135515213 0.25489187240600586 0.21021398901939392 0.3381061553955078 0.3863852322101593
3 0.3283163905143738 0.2382623255252838 0.2572355270385742 0.28903642296791077 0.3626466989517212
5 0.27483367919921875 0.373248815536499 0.3118268549442291 0.462516188621521 0.4831322133541107
6 0.22384418547153473 0.3081148862838745 0.3204745054244995 0.39351463317871094 0.47570621967315674
