8 0.8087232708930969 0.1790785789489746 0.14572009444236755 0.24991172552108765 0.3068014681339264
9 0.745894193649292 0.3494735360145569 0.33777135610580444 0.3969624638557434 0.43759918212890625
9 0.5725497007369995 0.41268542408943176 0.3087882101535797 0.45053359866142273 0.39955994486808777
9 0.5212904810905457 0.42315542697906494 0.3373730182647705 0.466494083404541 0.43090635538101196
3 0.4374181032180786 0.1756233274936676 0.3303276002407074 0.2523399889469147 0.46690985560417175
9 0.42795035243034363 0.33975648880004883 0.2076820433139801 0.38128411769866943 0.31471869349479675
5 0.411785751581192 0.33433717489242554 0.3359166085720062 0.43011438846588135 0.5184915065765381
3 0.3537093997001648 0.24852506816387177 0.2793114483356476 0.29846471548080444 0.3809750974178314
5 0.3476502299308777 0.25887858867645264 0.23874324560165405 0.34599554538726807 0.4192383885383606
5 0.3225952386856079 0.3658753037452698 0.356684148311615 0.46107298135757446 0.5271866917610168
5 0.20773713290691376 0.3089418411254883 0.3555670380592346 0.39879941940307617 0.5120052099227905
