8 0.8104244470596313 0.17151208221912384 0.13763561844825745 0.24112825095653534 0.2990780770778656
9 0.747711718082428 0.33766573667526245 0.3265323042869568 0.3862467408180237 0.4292817711830139
9 0.5589256882667542 0.4171300530433655 0.2832520604133606 0.45614761114120483 0.3753998875617981
9 0.4532589316368103 0.439332515001297 0.32931697368621826 0.48297742009162903 0.4238881468772888
9 0.45198529958724976 0.33368611335754395 0.1951974481344223 0.3758453130722046 0.30216115713119507
3 0.3863166868686676 0.16359756886959076 0.32800814509391785 0.23626621067523956 0.4627397358417511
5 0.376338928937912 0.34148016571998596 0.30295613408088684 0.4324335753917694 0.4825133979320526
5 0.3057405650615692 0.25427311658859253 0.21880154311656952 0.3376663327217102 0.3968011736869812
3 0.26671358942985535 0.23226605355739594 0.27308422327041626 0.2832471430301666 0.37853723764419556
6 0.2260267436504364 0.29980647563934326 0.3426348567008972 0.3822551965713501 0.5002650618553162
