1 0.9785445332527161 0.6761592030525208 0.3684732913970947 0.7779592871665955 0.5637497305870056
3 0.9548222422599792 0.48840489983558655 0.6170896887779236 0.5428937673568726 0.7216450572013855
3 0.9541422128677368 0.4695626497268677 0.6669291257858276 0.5473015308380127 0.789844274520874
3 0.9438605308532715 0.40178269147872925 0.4776866137981415 0.45367521047592163 0.585185706615448
9 0.914852499961853 0.28724732995033264 0.22171232104301453 0.3396129310131073 0.3361857235431671
9 0.8993969559669495 0.27797067165374756 0.3774035573005676 0.3344430923461914 0.48970240354537964
3 0.8851507902145386 0.4863123595714569 0.3719766139984131 0.5366642475128174 0.4834517240524292
9 0.8711778521537781 0.36959147453308105 0.5843817591667175 0.4221569895744324 0.6869106888771057
9 0.808816134929657 0.3546803593635559 0.6221000552177429 0.4242347478866577 0.7525791525840759
11 0.619159996509552 0.511241614818573 0.48989641666412354 0.5770881772041321 0.6136037111282349
7 0.6149738430976868 0.14705242216587067 0.35664016008377075 0.2161072939634323 0.5195942521095276
6 0.5122451186180115 0.4745667278766632 0.4936383366584778 0.5412291884422302 0.6330177187919617
5 0.39356809854507446 0.2751663625240326 0.12454114109277725 0.3451688587665558 0.257611483335495
11 0.34538015723228455 0.6042178869247437 0.27394482493400574 0.6764966249465942 0.39187708497047424
6 0.26939883828163147 0.34984880685806274 0.2146291732788086 0.4218350648880005 0.36484819650650024
