6 0.9995925426483154 0.0689942017197609 0.6804084777832031 0.12926074862480164 0.8256906270980835
3 0.9954172372817993 0.5144740343093872 0.6102829575538635 0.569198727607727 0.727026641368866
0 0.9758796095848083 0.596755862236023 0.07972553372383118 0.6546028852462769 0.21320387721061707
8 0.973109781742096 0.09657081961631775 0.5927218198776245 0.16103145480155945 0.7260502576828003
3 0.9723404049873352 0.4491792917251587 0.31362679600715637 0.495235800743103 0.42280229926109314
3 0.9635438919067383 0.6224859952926636 0.7008815407752991 0.6781010627746582 0.8010753989219666
8 0.9629257321357727 0.2669180929660797 0.35829731822013855 0.3282555639743805 0.4968232810497284
3 0.9567217230796814 0.4337577223777771 0.6941350102424622 0.48947882652282715 0.7964341044425964
4 0.9542875289916992 0.41497334837913513 0.40172621607780457 0.4813482463359833 0.5720188617706299
6 0.9370107650756836 0.12503819167613983 0.09078743308782578 0.190481498837471 0.22761383652687073
2 0.8941205739974976 0.5069418549537659 0.3475496470928192 0.5670921206474304 0.4852270781993866
9 0.8647118806838989 0.21656639873981476 0.6358742713928223 0.2690710723400116 0.7570888996124268
2 0.8113275766372681 0.5769917964935303 0.6948789358139038 0.6463881731033325 0.8329509496688843
9 0.7282956838607788 0.4068754017353058 0.3052249252796173 0.45884379744529724 0.41172662377357483
11 0.6986944675445557 0.17644453048706055 0.036434583365917206 0.22037720680236816 0.15343081951141357
9 0.6946386694908142 0.2602578103542328 0.17649462819099426 0.30504992604255676 0.28693887591362
3 0.6830918788909912 0.5367835164070129 0.5532921552658081 0.5889055132865906 0.6630014181137085
5 0.6511128544807434 0.6665052175521851 0.09837071597576141 0.7129644155502319 0.21005727350711823
3 0.603649914264679 0.6023193001747131 0.34996873140335083 0.6509701609611511 0.4533076286315918
0 0.5056967735290527 0.2680639326572418 0.4860226809978485 0.32795819640159607 0.62980055809021
