9 0.9945323467254639 0.40868985652923584 0.35516157746315 0.45614123344421387 0.47447529435157776
3 0.9890739917755127 0.5514504909515381 0.5244343876838684 0.6050896644592285 0.6355132460594177
3 0.9889668226242065 0.5054219365119934 0.6312562227249146 0.5622392296791077 0.7374657392501831
9 0.9779474139213562 0.3191082775592804 0.5262393355369568 0.37567123770713806 0.638987123966217
3 0.9746288657188416 0.5733278393745422 0.33168354630470276 0.6236950755119324 0.44230392575263977
6 0.9490202069282532 0.4163834750652313 0.44689416885375977 0.48620811104774475 0.6017876863479614
3 0.9353688955307007 0.395910382270813 0.28854385018348694 0.4458954334259033 0.39918968081474304
9 0.8939877152442932 0.2907574474811554 0.209295392036438 0.34161993861198425 0.32001686096191406
7 0.8823184370994568 0.1451478749513626 0.2985473871231079 0.21693037450313568 0.4854351878166199
9 0.8689104318618774 0.2796606123447418 0.34837406873703003 0.33230850100517273 0.4625197649002075
1 0.6970309615135193 0.6800594329833984 0.30952808260917664 0.7713866233825684 0.4996356666088104
0 0.6206316947937012 0.4587394595146179 0.30601751804351807 0.5135883092880249 0.44749176502227783
2 0.5872629880905151 0.16693256795406342 0.6404854655265808 0.23644722998142242 0.7965801358222961
3 0.43782156705856323 0.4699462652206421 0.6870886087417603 0.5423232316970825 0.804989218711853
9 0.41634082794189453 0.283329039812088 0.5793706774711609 0.34706494212150574 0.7016053795814514
8 0.31435641646385193 0.1347721964120865 0.11443404108285904 0.19966427981853485 0.25654515624046326
1 0.2689703702926636 0.3180781602859497 0.230831116437912 0.39253807067871094 0.39162567257881165
0 0.22807064652442932 0.4830339848995209 0.284976065158844 0.5543289184570312 0.4265657663345337
11 0.20782577991485596 0.22861818969249725 0.08621417731046677 0.2776239514350891 0.20304834842681885
6 0.20681893825531006 0.07061824202537537 0.6448137760162354 0.14057353138923645 0.8061859607696533
