3 0.9947015047073364 0.6186733245849609 0.7322195768356323 0.6782652139663696 0.8377918004989624
6 0.9744869470596313 0.14742374420166016 0.4833655059337616 0.21109002828598022 0.6139373779296875
11 0.9646753072738647 0.16827036440372467 0.7438631653785706 0.238556906580925 0.876261293888092
1 0.9644986391067505 0.7409951686859131 0.35826554894447327 0.8322550058364868 0.5279195308685303
8 0.9572861790657043 0.11930768936872482 0.6059967279434204 0.18344181776046753 0.7305214405059814
8 0.9495254755020142 0.306377112865448 0.24522805213928223 0.3664625883102417 0.37557506561279297
0 0.9421471953392029 0.7051905989646912 0.6067108511924744 0.7735938429832458 0.7461171746253967
9 0.9269753098487854 0.3927627205848694 0.7391496300697327 0.4413767457008362 0.8427570462226868
11 0.9207144975662231 0.19241446256637573 0.06848639249801636 0.23771488666534424 0.17665082216262817
9 0.8719636797904968 0.29861244559288025 0.4094127416610718 0.34498146176338196 0.5119235515594482
5 0.8665564656257629 0.7855032086372375 0.6952280402183533 0.862866222858429 0.8210063576698303
3 0.8203811049461365 0.5838178992271423 0.6522666215896606 0.634606659412384 0.7548513412475586
2 0.7511410117149353 0.34662187099456787 0.42321115732192993 0.41038990020751953 0.5596644878387451
3 0.6428922414779663 0.5958994626998901 0.26105162501335144 0.6408535242080688 0.36017152667045593
3 0.6191617250442505 0.6837589144706726 0.4878429174423218 0.7293650507926941 0.5863815546035767
9 0.5729081034660339 0.2830289900302887 0.25278782844543457 0.3320663273334503 0.3547091484069824
7 0.5719709396362305 0.18009889125823975 0.362434983253479 0.25068503618240356 0.5280752778053284
9 0.538374662399292 0.4215768575668335 0.35987475514411926 0.4676780700683594 0.46184876561164856
9 0.5051283240318298 0.28547048568725586 0.5203163623809814 0.333221435546875 0.6240458488464355
9 0.4807465970516205 0.2824040651321411 0.08470845967531204 0.3241485357284546 0.18902373313903809
