8 0.8107959032058716 0.17561671137809753 0.13954570889472961 0.24599745869636536 0.30120351910591125
9 0.7656536102294922 0.3496069014072418 0.32735389471054077 0.39708295464515686 0.4280567765235901
9 0.5381127595901489 0.41701093316078186 0.30166226625442505 0.45457860827445984 0.3919615149497986
9 0.49136030673980713 0.42947596311569214 0.32876574993133545 0.4722294807434082 0.4222506284713745
3 0.43755751848220825 0.174465611577034 0.32419005036354065 0.25001806020736694 0.4605209529399872
9 0.4290187358856201 0.3387672007083893 0.1989678144454956 0.3802081048488617 0.3065924644470215
5 0.40371450781822205 0.33607521653175354 0.3260241150856018 0.43183186650276184 0.5097565054893494
8 0.36636245250701904 0.6904594898223877 0.666724443435669 0.7766070365905762 0.8122727870941162
3 0.3451617956161499 0.24560554325580597 0.2725393772125244 0.29558390378952026 0.3754163980484009
5 0.3446110188961029 0.25777438282966614 0.22896918654441833 0.3441825807094574 0.40925291180610657
5 0.3130953907966614 0.3711749315261841 0.347611665725708 0.46533679962158203 0.5202552080154419
5 0.20179986953735352 0.30988872051239014 0.3471164107322693 0.39877331256866455 0.5036004185676575
