6 0.9967186450958252 0.2596304416656494 0.4167514443397522 0.3241689205169678 0.5547499656677246
3 0.9962218403816223 0.5445470213890076 0.5437532067298889 0.5988288521766663 0.6548816561698914
3 0.9819625616073608 0.4733736515045166 0.6426740288734436 0.5305927991867065 0.7482271790504456
3 0.9782270193099976 0.40856730937957764 0.27437296509742737 0.45786070823669434 0.3836955726146698
3 0.942595362663269 0.6424007415771484 0.6889070272445679 0.6977965831756592 0.7873221635818481
6 0.8634130954742432 0.12232478708028793 0.08873290568590164 0.18683388829231262 0.23133176565170288
3 0.8600460886955261 0.5590278506278992 0.3649941682815552 0.608286440372467 0.4700402617454529
9 0.7944359183311462 0.2962920665740967 0.3280930817127228 0.3442568778991699 0.4337453544139862
2 0.7553128600120544 0.38048794865608215 0.36001890897750854 0.4403439462184906 0.505785346031189
9 0.7190974950790405 0.28883349895477295 0.42176011204719543 0.34101539850234985 0.5273407101631165
9 0.7044401168823242 0.30782756209373474 0.5392664670944214 0.3650071918964386 0.652718186378479
0 0.7022202014923096 0.49950817227363586 0.20953355729579926 0.5579389333724976 0.3430618643760681
1 0.6657019257545471 0.6447221636772156 0.39297589659690857 0.735723078250885 0.5634371042251587
9 0.6437206268310547 0.46071532368659973 0.13290880620479584 0.5083151459693909 0.2408900409936905
3 0.49583330750465393 0.4525085389614105 0.6894459128379822 0.5228192806243896 0.8083134293556213
9 0.48834794759750366 0.27731478214263916 0.18282431364059448 0.32511717081069946 0.29879283905029297
5 0.4724429249763489 0.5342791676521301 0.09294194728136063 0.583076536655426 0.2062838077545166
3 0.46089231967926025 0.6237373948097229 0.7109764814376831 0.7013571858406067 0.8390775918960571
9 0.4376794695854187 0.2690923810005188 0.5791411399841309 0.3299698233604431 0.6969479322433472
5 0.3899005353450775 0.46849745512008667 0.23074856400489807 0.5382890105247498 0.3555595576763153
