3 0.9933863878250122 0.6183921098709106 0.7365580797195435 0.6774073839187622 0.8415170907974243
1 0.964713990688324 0.7246946096420288 0.3827926516532898 0.8173484802246094 0.5545462369918823
11 0.9584378600120544 0.15328434109687805 0.7683408260345459 0.2234591543674469 0.9038550853729248
8 0.9579607844352722 0.09997926652431488 0.6367531418800354 0.1626259833574295 0.7598503232002258
0 0.9412168860435486 0.6966332197189331 0.6294918060302734 0.7656604051589966 0.7688294649124146
6 0.90543133020401 0.13626118004322052 0.5011286735534668 0.1981782764196396 0.6364978551864624
9 0.8919827342033386 0.39384257793426514 0.7378891110420227 0.44192856550216675 0.840650737285614
9 0.8718812465667725 0.29760104417800903 0.4347522556781769 0.3421012759208679 0.5408923029899597
5 0.8301995396614075 0.7820248603820801 0.7095399498939514 0.8613287210464478 0.8366724848747253
3 0.8194771409034729 0.5830888748168945 0.6593478322029114 0.6335797309875488 0.7615488171577454
11 0.7987201809883118 0.19894249737262726 0.08479391038417816 0.24216316640377045 0.18850679695606232
3 0.6704070568084717 0.6006096005439758 0.2676544785499573 0.6454909443855286 0.36537379026412964
3 0.6338961124420166 0.6763139367103577 0.5116559863090515 0.7214104533195496 0.6095755696296692
9 0.6166154146194458 0.31823810935020447 0.3712502717971802 0.36872538924217224 0.4761967062950134
9 0.6094329953193665 0.2842293977737427 0.5271635055541992 0.3311319351196289 0.6310241222381592
4 0.6033948063850403 0.7189474701881409 0.2820670008659363 0.8055004477500916 0.43169277906417847
5 0.5729930400848389 0.672420859336853 0.09517808258533478 0.716305136680603 0.1928822249174118
3 0.5442058444023132 0.6098245978355408 0.18444715440273285 0.650932252407074 0.2785826325416565
9 0.5332849621772766 0.23542925715446472 0.6452685594558716 0.29260197281837463 0.7545820474624634
7 0.5323176383972168 0.16560189425945282 0.3647667169570923 0.23452128469944 0.5267345905303955
