8 0.7942424416542053 0.17759644985198975 0.15819363296031952 0.2498030662536621 0.3198084235191345
9 0.7924017310142517 0.3399893343448639 0.33946493268013 0.38766542077064514 0.4384472668170929
9 0.5527167320251465 0.4120207726955414 0.33772122859954834 0.45657798647880554 0.4328766465187073
9 0.5297591686248779 0.41443952918052673 0.30949336290359497 0.452338844537735 0.39968162775039673
9 0.4029902219772339 0.3424091041088104 0.21398723125457764 0.3837428390979767 0.3189094066619873
5 0.3926709294319153 0.33509960770606995 0.3369915187358856 0.43049582839012146 0.5193256139755249
3 0.3734677731990814 0.17050419747829437 0.33258265256881714 0.24790550768375397 0.47116541862487793
5 0.2935999929904938 0.2597939670085907 0.24204930663108826 0.3476041853427887 0.4233359396457672
3 0.2878044843673706 0.24823465943336487 0.28228574991226196 0.29796168208122253 0.3827575445175171
9 0.24443963170051575 0.47662413120269775 0.4829399883747101 0.5243992805480957 0.5805678367614746
