8 0.8297458291053772 0.17407020926475525 0.1291203498840332 0.2433362901210785 0.29067903757095337
9 0.7627763748168945 0.34773877263069153 0.3198232054710388 0.395769327878952 0.42130476236343384
9 0.5724385380744934 0.41220688819885254 0.29366105794906616 0.4501608610153198 0.385110080242157
9 0.4809553623199463 0.42662885785102844 0.3138895630836487 0.4697311222553253 0.40832948684692383
3 0.46921029686927795 0.17488718032836914 0.32212504744529724 0.24943161010742188 0.4573703110218048
9 0.4631635546684265 0.3330753445625305 0.19180960953235626 0.3750031590461731 0.30097487568855286
5 0.4220443069934845 0.3315977454185486 0.3182305097579956 0.4265367388725281 0.5008791089057922
5 0.36590704321861267 0.2536649703979492 0.22300837934017181 0.3390176296234131 0.40188634395599365
3 0.3632650673389435 0.24222685396671295 0.26839858293533325 0.29272446036338806 0.37282443046569824
5 0.30048608779907227 0.37163516879081726 0.3319012522697449 0.4640844762325287 0.5047421455383301
