8 0.8144181966781616 0.16497516632080078 0.13068895041942596 0.23464888334274292 0.2925979495048523
9 0.7681885957717896 0.3426273465156555 0.3097366988658905 0.3908424973487854 0.4120301902294159
9 0.606302797794342 0.4080895781517029 0.28123870491981506 0.4469776749610901 0.3732956349849701
9 0.4770537316799164 0.3279995918273926 0.1894831657409668 0.3703696131706238 0.29772645235061646
9 0.4613841474056244 0.42637649178504944 0.30316245555877686 0.46943745017051697 0.39868050813674927
3 0.4185488820075989 0.1681489795446396 0.31542134284973145 0.24264682829380035 0.45144665241241455
5 0.3994891941547394 0.32974764704704285 0.30502864718437195 0.42246708273887634 0.48445573449134827
5 0.34112536907196045 0.2480297088623047 0.21769794821739197 0.33246171474456787 0.3950637876987457
3 0.3042648434638977 0.23887015879154205 0.26114922761917114 0.28975439071655273 0.3660638928413391
5 0.26407361030578613 0.3732426166534424 0.3182903528213501 0.4634678363800049 0.4918091297149658
6 0.25587010383605957 0.3043975830078125 0.3269527852535248 0.39129918813705444 0.4844483435153961
