8 0.8201214671134949 0.15130740404129028 0.14259900152683258 0.22195178270339966 0.3049895763397217
9 0.8083206415176392 0.3286448121070862 0.3202970027923584 0.37607699632644653 0.42079222202301025
9 0.6745542883872986 0.3971894085407257 0.2961418926715851 0.4357236325740814 0.3881789743900299
9 0.5052628517150879 0.4177371859550476 0.3173290193080902 0.45997029542922974 0.4111943542957306
9 0.50278639793396 0.3167024850845337 0.20091328024864197 0.3586956262588501 0.3087490499019623
3 0.4393829107284546 0.15121692419052124 0.32998546957969666 0.22867238521575928 0.4659450352191925
5 0.4139750897884369 0.31565314531326294 0.32690873742103577 0.40936279296875 0.5072882175445557
5 0.36055415868759155 0.23439782857894897 0.23322856426239014 0.320309579372406 0.4121718406677246
6 0.3136052191257477 0.2848875820636749 0.3357130289077759 0.3746773898601532 0.49596840143203735
3 0.3049285411834717 0.2262377291917801 0.2697904109954834 0.27677857875823975 0.3728930354118347
6 0.29042741656303406 0.10053057968616486 0.6093998551368713 0.16140513122081757 0.7626367211341858
5 0.290423721075058 0.36064162850379944 0.33066326379776 0.4527341425418854 0.5080632567405701
