8 0.8019906878471375 0.17403395473957062 0.1506766527891159 0.2455293983221054 0.31241321563720703
9 0.7486441731452942 0.34517356753349304 0.33994752168655396 0.3925727903842926 0.4396616220474243
9 0.5763869285583496 0.4112531542778015 0.3108937740325928 0.4487428069114685 0.4010844826698303
9 0.5361348390579224 0.41974878311157227 0.3445633053779602 0.4627959132194519 0.437481164932251
3 0.4339793920516968 0.17011994123458862 0.3341999650001526 0.24728935956954956 0.47102051973342896
9 0.4196365177631378 0.33855050802230835 0.20876789093017578 0.3797745108604431 0.3155229091644287
5 0.4079178273677826 0.33136245608329773 0.3395787477493286 0.4278048574924469 0.5229434370994568
5 0.3414360582828522 0.2555108368396759 0.24081310629844666 0.3432173430919647 0.42234304547309875
3 0.3382384181022644 0.24639707803726196 0.2818264067173004 0.2962302565574646 0.3827550709247589
5 0.3263780474662781 0.36043059825897217 0.36484193801879883 0.4555727243423462 0.5365278124809265
5 0.20169107615947723 0.3012814521789551 0.35942503809928894 0.3910731077194214 0.5165697932243347
