9 0.8165351152420044 0.3406568467617035 0.3207257390022278 0.3877928555011749 0.4207705855369568
8 0.7804144024848938 0.15083707869052887 0.15973855555057526 0.22397302091121674 0.32368582487106323
9 0.6103371977806091 0.4094190001487732 0.282848984003067 0.44798916578292847 0.37384340167045593
9 0.5298272371292114 0.43281060457229614 0.31198152899742126 0.4751434326171875 0.40543636679649353
9 0.47987574338912964 0.3266448378562927 0.2007303088903427 0.36785054206848145 0.3064122200012207
3 0.4107102155685425 0.14706239104270935 0.3428410589694977 0.22719451785087585 0.4817645847797394
5 0.3749070465564728 0.3305950462818146 0.3032870888710022 0.42352983355522156 0.48570001125335693
6 0.3369868993759155 0.10871424525976181 0.6154979467391968 0.16981467604637146 0.7682387828826904
5 0.29744988679885864 0.24369105696678162 0.2278992235660553 0.3306257426738739 0.40950676798820496
6 0.288176566362381 0.2941659688949585 0.33893030881881714 0.3853487968444824 0.5007472038269043
3 0.26800355315208435 0.23015570640563965 0.28369227051734924 0.2797102928161621 0.3839028775691986
5 0.2676236629486084 0.37847089767456055 0.3239385485649109 0.4699007272720337 0.500697135925293
