8 0.8040116429328918 0.18040770292282104 0.13676965236663818 0.2505069971084595 0.29790598154067993
9 0.7515809535980225 0.35326817631721497 0.32706791162490845 0.4010225832462311 0.4279170632362366
9 0.5307512879371643 0.42049139738082886 0.29847991466522217 0.4582695960998535 0.38901418447494507
9 0.48293593525886536 0.4326092004776001 0.3261823356151581 0.4755859375 0.41987863183021545
3 0.4298628568649292 0.1776791512966156 0.321338951587677 0.2528137266635895 0.4574071168899536
9 0.4225199520587921 0.3423129618167877 0.1981021761894226 0.38387414813041687 0.305780827999115
5 0.3986378312110901 0.34094804525375366 0.3214914798736572 0.4362158179283142 0.5046048164367676
3 0.34554290771484375 0.24767667055130005 0.27149099111557007 0.2977677583694458 0.374602735042572
5 0.3338414132595062 0.262553870677948 0.22692203521728516 0.3485791087150574 0.4066988229751587
8 0.30880430340766907 0.6961376667022705 0.6659682393074036 0.7833058834075928 0.8115553259849548
5 0.30666372179985046 0.3762874901294708 0.3444884419441223 0.46993890404701233 0.5161914229393005
