8 0.823287844657898 0.16612470149993896 0.129395991563797 0.2354835867881775 0.2910221517086029
9 0.6740331053733826 0.3446870446205139 0.2974354326725006 0.3944414258003235 0.4038112461566925
9 0.5749375820159912 0.4146694540977478 0.27089405059814453 0.4541172981262207 0.36445510387420654
9 0.4555886387825012 0.33211591839790344 0.17723123729228973 0.3749411404132843 0.2864510416984558
9 0.4219011962413788 0.44125381112098694 0.2961178123950958 0.4854756295681 0.393958181142807
5 0.3945567309856415 0.33689436316490173 0.29492026567459106 0.4288088381290436 0.47484105825424194
5 0.337757408618927 0.2534372806549072 0.20592963695526123 0.33587777614593506 0.38266557455062866
3 0.33404842019081116 0.1633017659187317 0.3137040138244629 0.2336573600769043 0.44895821809768677
3 0.2640051543712616 0.22975653409957886 0.2648048996925354 0.2811424136161804 0.37029629945755005
5 0.2135458141565323 0.39695990085601807 0.32079654932022095 0.4835048317909241 0.48751652240753174
