8 0.7983784675598145 0.17788143455982208 0.14894571900367737 0.24907128512859344 0.3098125159740448
9 0.7522002458572388 0.34756723046302795 0.3396121859550476 0.39496633410453796 0.43957412242889404
9 0.5747102499008179 0.4134751260280609 0.3081234097480774 0.451336532831192 0.39887183904647827
9 0.5311418771743774 0.4224293828010559 0.3402484953403473 0.4659707546234131 0.43410244584083557
9 0.42982909083366394 0.34050461649894714 0.20869621634483337 0.3818824589252472 0.3155854046344757
3 0.4110870659351349 0.173648402094841 0.3321085274219513 0.2504391372203827 0.4693550169467926
5 0.40395140647888184 0.3354860246181488 0.33576905727386475 0.4307526648044586 0.517900824546814
5 0.3232651650905609 0.2593545615673065 0.23931771516799927 0.346156507730484 0.42008811235427856
3 0.32209616899490356 0.24871206283569336 0.28125089406967163 0.2984902858734131 0.38235414028167725
5 0.31791195273399353 0.3653534948825836 0.3599761128425598 0.4598527252674103 0.5294924378395081
