6 0.9996031522750854 0.06681284308433533 0.6823144555091858 0.12698277831077576 0.8270322680473328
3 0.9952150583267212 0.5116763710975647 0.6087942719459534 0.5665138363838196 0.7254466414451599
8 0.9757822155952454 0.09443292766809464 0.5917529463768005 0.1586798131465912 0.7250097393989563
3 0.9693758487701416 0.45127731561660767 0.3141763210296631 0.496703565120697 0.425357460975647
8 0.9634998440742493 0.2671068012714386 0.3583475947380066 0.32826074957847595 0.4958903193473816
3 0.9604361653327942 0.6236106157302856 0.6968319416046143 0.6793450117111206 0.7974612712860107
3 0.9532254338264465 0.43032434582710266 0.6950565576553345 0.48589274287223816 0.7970898151397705
4 0.947902500629425 0.41511619091033936 0.40150219202041626 0.4814700484275818 0.5713108777999878
6 0.9396733045578003 0.11950073391199112 0.08897771686315536 0.1845349371433258 0.22557291388511658
0 0.90372633934021 0.5632555484771729 0.08094625920057297 0.6239161491394043 0.2177160382270813
9 0.8722495436668396 0.21182334423065186 0.6387964487075806 0.2645268440246582 0.7602850198745728
2 0.8714813590049744 0.49336040019989014 0.33816224336624146 0.554175615310669 0.4766966700553894
2 0.8104294538497925 0.5730282664299011 0.6900827288627625 0.6423071026802063 0.8279562592506409
9 0.7368611693382263 0.4095926284790039 0.1242905706167221 0.45486342906951904 0.22929902374744415
9 0.6905632019042969 0.40757033228874207 0.30417394638061523 0.45988574624061584 0.4106346368789673
11 0.6872289776802063 0.17163154482841492 0.03504900261759758 0.2155035436153412 0.1524973064661026
9 0.6803421974182129 0.260504812002182 0.17478224635124207 0.305326372385025 0.285256952047348
3 0.6723477244377136 0.5320197343826294 0.5481950640678406 0.5842912197113037 0.6577784419059753
3 0.6648690700531006 0.59866863489151 0.3388206660747528 0.6486952900886536 0.4428953230381012
1 0.6122066378593445 0.6781005859375 0.2921324372291565 0.7697774171829224 0.48462480306625366
