6 0.9989196062088013 0.26531046628952026 0.42737480998039246 0.32958871126174927 0.5639476180076599
3 0.9953884482383728 0.5397903919219971 0.5483689904212952 0.5940090417861938 0.65919429063797
3 0.9812757968902588 0.47178733348846436 0.6447730660438538 0.5288640260696411 0.7502824664115906
3 0.9777867197990417 0.40388059616088867 0.2801131308078766 0.45305460691452026 0.3898330628871918
3 0.9394321441650391 0.6437591910362244 0.6911602020263672 0.6991330981254578 0.7892093658447266
9 0.8797069787979126 0.28647521138191223 0.3357316255569458 0.33608004450798035 0.44160962104797363
6 0.8629903793334961 0.12198611348867416 0.09150649607181549 0.18694034218788147 0.2336910218000412
3 0.854316771030426 0.5446537733078003 0.37543976306915283 0.5934693813323975 0.4807659983634949
9 0.776509702205658 0.30720824003219604 0.5487409830093384 0.3633808493614197 0.6601712703704834
2 0.7742453813552856 0.3778974711894989 0.36701732873916626 0.43831565976142883 0.5139580368995667
0 0.747044563293457 0.4835083782672882 0.207541823387146 0.541532576084137 0.34108424186706543
9 0.7120956778526306 0.2889098823070526 0.43061286211013794 0.34146156907081604 0.5381148457527161
9 0.6592540144920349 0.45225784182548523 0.13402462005615234 0.49975618720054626 0.24236291646957397
1 0.622014045715332 0.6298347115516663 0.4127020537853241 0.7204083800315857 0.582797646522522
3 0.5178634524345398 0.4495580196380615 0.6923906803131104 0.5200355052947998 0.8116610050201416
5 0.5016623139381409 0.5240170955657959 0.08886264264583588 0.5731505155563354 0.20281632244586945
9 0.470831960439682 0.27249953150749207 0.18760448694229126 0.3202878534793854 0.3023042678833008
3 0.46637988090515137 0.6258302330970764 0.7121256589889526 0.7035326361656189 0.8401423692703247
5 0.42964568734169006 0.46023035049438477 0.23344473540782928 0.5294904708862305 0.3583776354789734
9 0.39139804244041443 0.46494239568710327 0.21746064722537994 0.5134062767028809 0.3293682932853699
