8 0.8038808703422546 0.1760978400707245 0.14726334810256958 0.2471015751361847 0.3087708353996277
9 0.7524914741516113 0.35156533122062683 0.33494922518730164 0.39903977513313293 0.4348051846027374
9 0.5427851676940918 0.41485732793807983 0.3094770014286041 0.45235079526901245 0.39948686957359314
9 0.5240863561630249 0.4257524013519287 0.33530205488204956 0.4687666893005371 0.4287174940109253
3 0.41685011982917786 0.17313960194587708 0.3317866325378418 0.24961307644844055 0.46922725439071655
9 0.41533640027046204 0.33952733874320984 0.20644217729568481 0.3807810842990875 0.31297528743743896
5 0.3977994918823242 0.3351450264453888 0.3357788920402527 0.4313960373401642 0.5194684863090515
5 0.3344654440879822 0.2577306628227234 0.23756565153598785 0.34525686502456665 0.41880345344543457
3 0.3280847668647766 0.2484409511089325 0.28112179040908813 0.2985006868839264 0.38274675607681274
5 0.294364333152771 0.3670869469642639 0.3551090955734253 0.4619538187980652 0.5274263620376587
