9 0.9766987562179565 0.31929758191108704 0.5271507501602173 0.3754907548427582 0.637484073638916
8 0.9637229442596436 0.16298604011535645 0.1626577079296112 0.23215556144714355 0.32192274928092957
0 0.9562405347824097 0.37653258442878723 0.18118545413017273 0.4428081214427948 0.3252507746219635
3 0.947380542755127 0.6079874038696289 0.46295151114463806 0.6532120704650879 0.5647634267807007
0 0.9389398694038391 0.3880876898765564 0.21763822436332703 0.44981807470321655 0.3551221787929535
3 0.8197805285453796 0.4747987687587738 0.37741875648498535 0.5267894864082336 0.4804845452308655
6 0.7314392328262329 0.4760409891605377 0.11879479885101318 0.5436928868293762 0.2674593925476074
1 0.6596925258636475 0.6595604419708252 0.29923340678215027 0.7365894317626953 0.4732615053653717
5 0.536272406578064 0.5623685121536255 0.24278169870376587 0.6293512582778931 0.3640121817588806
0 0.4414789080619812 0.43103381991386414 0.5419270396232605 0.5018740296363831 0.6614533066749573
3 0.44095689058303833 0.3496308922767639 0.25741344690322876 0.39714521169662476 0.35949206352233887
0 0.2867644131183624 0.4126594662666321 0.45297104120254517 0.4880062937736511 0.5904166102409363
1 0.27022984623908997 0.6713451743125916 0.3832453191280365 0.7656989693641663 0.560240626335144
6 0.2541032135486603 0.18810859322547913 0.4037913382053375 0.25976094603538513 0.5665069818496704
6 0.20806702971458435 0.09116530418395996 0.6144250631332397 0.16288799047470093 0.7738996744155884
9 0.200180783867836 0.26874518394470215 0.5536383986473083 0.3433103561401367 0.6709950566291809
