8 0.9904329180717468 0.1143915206193924 0.5942981839179993 0.18106387555599213 0.7277917265892029
11 0.9860568046569824 0.1729314923286438 0.7488058805465698 0.24492663145065308 0.8822143077850342
9 0.9505868554115295 0.39913511276245117 0.7189249992370605 0.4523628354072571 0.832115888595581
2 0.9321235418319702 0.3520601689815521 0.40589478611946106 0.4141141474246979 0.5456832051277161
5 0.9319730401039124 0.7413389086723328 0.7048346996307373 0.8279512524604797 0.8283284902572632
3 0.9019598364830017 0.5883627533912659 0.2540280818939209 0.6340059638023376 0.35499393939971924
11 0.8795725703239441 0.2067859172821045 0.07959757000207901 0.25221365690231323 0.18742415308952332
3 0.8543482422828674 0.4725774824619293 0.32150590419769287 0.517332911491394 0.42346084117889404
3 0.8508659601211548 0.5489078760147095 0.4849216938018799 0.5968608856201172 0.5878027677536011
9 0.8484506011009216 0.4326832890510559 0.30469992756843567 0.48073357343673706 0.41036948561668396
6 0.8435824513435364 0.3292054235935211 0.6161302924156189 0.3948131501674652 0.753339946269989
8 0.8062781691551208 0.3259570598602295 0.22491399943828583 0.3874635696411133 0.3567734956741333
3 0.759723424911499 0.6651795506477356 0.386592835187912 0.7122895121574402 0.49026504158973694
9 0.7293288111686707 0.24678902328014374 0.6024003028869629 0.3048621416091919 0.7151389122009277
9 0.6828915476799011 0.3006359040737152 0.09750550985336304 0.34284523129463196 0.20227080583572388
3 0.6814032196998596 0.46948832273483276 0.10761398077011108 0.509856641292572 0.2071736454963684
9 0.6179795265197754 0.30014654994010925 0.24029451608657837 0.34850409626960754 0.3431529402732849
4 0.5944740772247314 0.4807303249835968 0.30810579657554626 0.5476387739181519 0.45981475710868835
10 0.5149527192115784 0.35867640376091003 0.28511664271354675 0.42739036679267883 0.44217684864997864
3 0.5139635801315308 0.6043750047683716 0.1602819561958313 0.6439813375473022 0.2560930848121643
