8 0.8200343251228333 0.17945563793182373 0.13269224762916565 0.24919378757476807 0.2939559519290924
9 0.7654110789299011 0.35146716237068176 0.3225311040878296 0.39937523007392883 0.4239760637283325
9 0.5296252369880676 0.4192716181278229 0.2954947054386139 0.45701393485069275 0.38619038462638855
9 0.4745526611804962 0.4318963289260864 0.32085737586021423 0.4748183488845825 0.41480007767677307
3 0.4469206929206848 0.17755332589149475 0.31971070170402527 0.25250473618507385 0.45508864521980286
9 0.4382004737854004 0.3400702476501465 0.19387778639793396 0.3817431926727295 0.3024440109729767
5 0.40654370188713074 0.33930283784866333 0.31764286756515503 0.4346081614494324 0.5012805461883545
3 0.35350412130355835 0.2454797476530075 0.26819443702697754 0.29570040106773376 0.37184715270996094
5 0.3470131456851959 0.2606427073478699 0.222872793674469 0.3462374210357666 0.4023750424385071
5 0.30956000089645386 0.37617960572242737 0.33861589431762695 0.4694842994213104 0.5107816457748413
8 0.3065693974494934 0.695469319820404 0.66058748960495 0.7820600867271423 0.8059820532798767
5 0.20578040182590485 0.3154287338256836 0.3417736291885376 0.4034056067466736 0.4974132180213928
