6 0.9088318347930908 0.17705999314785004 0.4590865671634674 0.24012960493564606 0.5974336862564087
11 0.9021536111831665 0.08622060716152191 0.727959930896759 0.15677602589130402 0.8637561202049255
9 0.8596463203430176 0.3027288317680359 0.5105159282684326 0.3513495922088623 0.6093196868896484
3 0.8498188853263855 0.6062822341918945 0.0844392329454422 0.6466693878173828 0.18633155524730682
9 0.8138349056243896 0.25283870100975037 0.7225044369697571 0.30581679940223694 0.8263327479362488
8 0.7783835530281067 0.1338021606206894 0.6187248229980469 0.1961538940668106 0.7478022575378418
1 0.776116669178009 0.7262139320373535 0.371324747800827 0.8194010257720947 0.541117250919342
5 0.7629322409629822 0.6902623176574707 0.07549220323562622 0.733948826789856 0.18104493618011475
3 0.7127475142478943 0.6308091878890991 0.34993070363998413 0.6761294603347778 0.44540297985076904
5 0.6958932876586914 0.7435277104377747 0.6881036162376404 0.8181728720664978 0.8059197068214417
3 0.6843104362487793 0.6377697587013245 0.580238938331604 0.684986412525177 0.6786655187606812
3 0.6831686496734619 0.6471605896949768 0.691475510597229 0.6968010067939758 0.7851567268371582
3 0.6713063716888428 0.6628281474113464 0.4023230969905853 0.7083085179328918 0.49863526225090027
4 0.6572549343109131 0.7142409682273865 0.2936989367008209 0.8019936680793762 0.44385775923728943
3 0.6277731657028198 0.6101903915405273 0.2183229923248291 0.6516356468200684 0.32115405797958374
3 0.6238886117935181 0.6474323272705078 0.47734805941581726 0.6939400434494019 0.5757191181182861
0 0.6181850433349609 0.7191002368927002 0.18981285393238068 0.764306902885437 0.31474608182907104
0 0.5877156257629395 0.7472072243690491 0.46951988339424133 0.8176171183586121 0.5939530730247498
8 0.5299674272537231 0.11192215979099274 0.6507607102394104 0.17647956311702728 0.7790105938911438
9 0.4635944962501526 0.2622022330760956 0.6122455596923828 0.3158280551433563 0.7192429304122925
