6 0.9997280240058899 0.07102552056312561 0.6819267272949219 0.1307235062122345 0.8276888132095337
8 0.9779088497161865 0.2741524577140808 0.34539976716041565 0.33556658029556274 0.4835983216762543
6 0.954473078250885 0.11917925626039505 0.10949918627738953 0.1850491762161255 0.24625369906425476
3 0.9522042870521545 0.5129296183586121 0.5569783449172974 0.5668768286705017 0.6703243255615234
3 0.9492367506027222 0.6650400161743164 0.7485756278038025 0.7225570678710938 0.8540289998054504
5 0.9474331140518188 0.7580701112747192 0.726636528968811 0.8375608921051025 0.8505218029022217
8 0.9453445672988892 0.08915479481220245 0.599443256855011 0.15271304547786713 0.7287244200706482
3 0.9366407990455627 0.5766722559928894 0.33041882514953613 0.6232231259346008 0.4317800998687744
9 0.9003797769546509 0.36598241329193115 0.5992295742034912 0.42147231101989746 0.7013521194458008
3 0.883974015712738 0.4511813819408417 0.6758296489715576 0.5062371492385864 0.7786591053009033
11 0.7983130812644958 0.168619304895401 0.04494241997599602 0.21156808733940125 0.1618504673242569
2 0.7876197099685669 0.46688634157180786 0.3295668065547943 0.5274839401245117 0.4601689279079437
1 0.745722234249115 0.6758517622947693 0.26069751381874084 0.7601893544197083 0.448177307844162
9 0.7393491864204407 0.41235995292663574 0.30364593863487244 0.4611802101135254 0.41173145174980164
11 0.7095189690589905 0.26731011271476746 0.7387140989303589 0.3583836853504181 0.870200514793396
3 0.6798747181892395 0.6147405505180359 0.09259189665317535 0.6581009030342102 0.20626787841320038
9 0.6582353711128235 0.25439369678497314 0.1833193302154541 0.29793059825897217 0.2916070222854614
3 0.6555513739585876 0.4557538330554962 0.27542147040367126 0.4985668957233429 0.3859897553920746
3 0.5640073418617249 0.5175384879112244 0.24638086557388306 0.5585470795631409 0.34592610597610474
5 0.5504068732261658 0.6709973812103271 0.07853083312511444 0.7185224294662476 0.19526542723178864
