1 0.992807924747467 0.6697874069213867 0.40860170125961304 0.7740573883056641 0.6084380745887756
9 0.9778697490692139 0.34597697854042053 0.560012698173523 0.4030472934246063 0.6714673042297363
9 0.9644991755485535 0.31545290350914 0.6270709037780762 0.38178566098213196 0.7500946521759033
3 0.9644923210144043 0.36823534965515137 0.4674159288406372 0.4217984080314636 0.5758664608001709
3 0.9567912817001343 0.5011577010154724 0.5920918583869934 0.5569239258766174 0.6973573565483093
3 0.9501829147338867 0.4889671206474304 0.644231915473938 0.56468266248703 0.7649037837982178
9 0.9153546690940857 0.3090974688529968 0.38825106620788574 0.3693313002586365 0.49358707666397095
9 0.7684562802314758 0.2962624430656433 0.2561846673488617 0.344643771648407 0.36379167437553406
3 0.7221886515617371 0.490653395652771 0.36032819747924805 0.5416948795318604 0.470575213432312
11 0.48383834958076477 0.5682384371757507 0.3248714208602905 0.6419972777366638 0.445332407951355
6 0.4336254894733429 0.18372350931167603 0.39195263385772705 0.2542341351509094 0.5591303706169128
6 0.410701721906662 0.15202531218528748 0.16468501091003418 0.21990105509757996 0.3154352307319641
3 0.38485580682754517 0.4726112484931946 0.4001295566558838 0.5496729016304016 0.5278735756874084
0 0.2846267819404602 0.45603346824645996 0.45936131477355957 0.5131539702415466 0.588118314743042
9 0.25187960267066956 0.2790706157684326 0.4426729679107666 0.352863073348999 0.568159818649292
