8 0.8269245624542236 0.17530173063278198 0.13097049295902252 0.2444043755531311 0.29196423292160034
9 0.7960359454154968 0.34373852610588074 0.31544405221939087 0.3917231261730194 0.418582022190094
9 0.5549455285072327 0.4186892807483673 0.29174262285232544 0.4569307863712311 0.38287222385406494
9 0.47397857904434204 0.3362680971622467 0.19226056337356567 0.37828049063682556 0.3004773259162903
9 0.4301901161670685 0.43632739782333374 0.31986895203590393 0.4787847399711609 0.41356536746025085
3 0.42482873797416687 0.1737789511680603 0.3193396329879761 0.24691742658615112 0.4541890621185303
5 0.4107721745967865 0.3385801911354065 0.3134956955909729 0.4327508807182312 0.49523860216140747
5 0.3469805121421814 0.25750112533569336 0.2210693657398224 0.34215766191482544 0.3992346227169037
3 0.3398461937904358 0.23928336799144745 0.2644810974597931 0.2899724543094635 0.369743674993515
5 0.26405489444732666 0.3836987018585205 0.33218681812286377 0.47363829612731934 0.5063501596450806
6 0.23808613419532776 0.30786529183387756 0.33550190925598145 0.39350488781929016 0.49103081226348877
