6 0.9996184706687927 0.07997450977563858 0.678126335144043 0.1409892737865448 0.8271845579147339
8 0.9741363525390625 0.2856377959251404 0.34046000242233276 0.347974956035614 0.48062145709991455
6 0.9630524516105652 0.11994795501232147 0.10518615692853928 0.18364937603473663 0.24142247438430786
5 0.9509798288345337 0.7604178190231323 0.7267194390296936 0.8398264646530151 0.8501667380332947
3 0.9482994079589844 0.5153037905693054 0.5593342781066895 0.5692655444145203 0.6724629402160645
3 0.9467111229896545 0.6636605858802795 0.7469527721405029 0.7213727831840515 0.8523094654083252
9 0.9397419691085815 0.363181471824646 0.5905105471611023 0.41894280910491943 0.6937234997749329
8 0.9353991150856018 0.10574859380722046 0.615770697593689 0.1706412434577942 0.7420920133590698
3 0.9339504837989807 0.572552502155304 0.3342730700969696 0.6190292239189148 0.4359033405780792
3 0.8738305568695068 0.45366549491882324 0.675213634967804 0.5087131857872009 0.7777965664863586
11 0.798520028591156 0.16703766584396362 0.04175252839922905 0.20981502532958984 0.16113929450511932
6 0.7746293544769287 0.1491834819316864 0.4191165864467621 0.21390917897224426 0.5833759307861328
2 0.7628968358039856 0.4643456041812897 0.33026713132858276 0.5249694585800171 0.4613566994667053
1 0.7574963569641113 0.6665924787521362 0.2713310718536377 0.7514404058456421 0.4591502547264099
11 0.7536539435386658 0.2691552937030792 0.7383484840393066 0.35907837748527527 0.8674392700195312
9 0.7378888130187988 0.41460153460502625 0.3045751750469208 0.46341821551322937 0.41290047764778137
3 0.6823763847351074 0.6107659935951233 0.09114997833967209 0.6544222235679626 0.2047971487045288
3 0.637530505657196 0.45772460103034973 0.27518340945243835 0.5005419850349426 0.3858936131000519
9 0.6027851104736328 0.259235680103302 0.18686732649803162 0.3031296730041504 0.29640600085258484
5 0.5641462802886963 0.666629433631897 0.07906195521354675 0.7140594720840454 0.19597265124320984
