3 0.9950685501098633 0.5174577236175537 0.5738512873649597 0.5724825859069824 0.6853799223899841
2 0.9794641137123108 0.49268707633018494 0.3583865761756897 0.5512415766716003 0.4924701452255249
3 0.9749511480331421 0.46972787380218506 0.6611648797988892 0.526598334312439 0.7672349214553833
3 0.9744257926940918 0.4471016228199005 0.302450954914093 0.49145808815956116 0.41590553522109985
0 0.9491794109344482 0.5144643783569336 0.19054503738880157 0.5741245746612549 0.3352746367454529
3 0.9381412267684937 0.6459783315658569 0.6898870468139648 0.7013825178146362 0.7876789569854736
6 0.931788444519043 0.11814971268177032 0.08946235477924347 0.182742640376091 0.22733454406261444
9 0.9131750464439392 0.2365407943725586 0.665273129940033 0.2941417694091797 0.7811704277992249
3 0.8706651329994202 0.5667728781700134 0.36571717262268066 0.6190956234931946 0.473682165145874
8 0.8115145564079285 0.290408194065094 0.3801593780517578 0.35732728242874146 0.526951014995575
9 0.7789417505264282 0.43275028467178345 0.12512803077697754 0.47893691062927246 0.23067116737365723
9 0.7345278859138489 0.261040598154068 0.18550950288772583 0.30538132786750793 0.297127902507782
3 0.7324312925338745 0.5040742754936218 0.5579065084457397 0.5556637644767761 0.6681723594665527
5 0.6372713446617126 0.5292112231254578 0.07142070680856705 0.5788996815681458 0.2022790014743805
11 0.6246473789215088 0.17227518558502197 0.03704935684800148 0.21600061655044556 0.1546921730041504
9 0.5987446904182434 0.2621382176876068 0.43620479106903076 0.3157186806201935 0.5540675520896912
4 0.5824875831604004 0.3871360719203949 0.42249858379364014 0.45363643765449524 0.5751799941062927
6 0.5662074089050293 0.1300412118434906 0.4025669991970062 0.2004399597644806 0.557120680809021
3 0.5295078754425049 0.4536741077899933 0.7054600715637207 0.5229023098945618 0.8240944147109985
1 0.5189674496650696 0.6527991890907288 0.36110448837280273 0.7438601851463318 0.539037823677063
