3 0.997106671333313 0.5396119952201843 0.5405802726745605 0.5935875773429871 0.6538760662078857
3 0.9897357821464539 0.4697807729244232 0.6567405462265015 0.5282387733459473 0.7645481824874878
3 0.9396528601646423 0.6411373019218445 0.6937490105628967 0.6965187191963196 0.7918985486030579
9 0.9322741627693176 0.2679787576198578 0.3578420579433441 0.3222379982471466 0.4688073694705963
3 0.9305967688560486 0.3924054205417633 0.28761962056159973 0.44158658385276794 0.39504095911979675
3 0.9187878966331482 0.5492333769798279 0.3411726653575897 0.5996995568275452 0.4521273672580719
9 0.9026099443435669 0.2793048918247223 0.5247771739959717 0.33538851141929626 0.6359248161315918
9 0.8441604971885681 0.2598639726638794 0.44311508536338806 0.31003278493881226 0.5535251498222351
5 0.8082610368728638 0.4235526919364929 0.27628064155578613 0.48802125453948975 0.3903476595878601
9 0.7859576344490051 0.29157066345214844 0.2478713095188141 0.3399336338043213 0.35815224051475525
1 0.6562881469726562 0.668728768825531 0.3206917643547058 0.759653627872467 0.5124738812446594
7 0.6353660821914673 0.14484520256519318 0.3366338014602661 0.21520523726940155 0.49923956394195557
3 0.629003643989563 0.45083293318748474 0.7067232728004456 0.5181933045387268 0.8226365447044373
6 0.5858126282691956 0.12238205969333649 0.12145058065652847 0.1894763559103012 0.27050331234931946
2 0.5229484438896179 0.3203548192977905 0.4800625443458557 0.38387131690979004 0.6250258088111877
2 0.5083345770835876 0.16095145046710968 0.6498841643333435 0.23137156665325165 0.798793613910675
0 0.5025553703308105 0.4791140556335449 0.2724893391132355 0.5430461168289185 0.4152394235134125
3 0.48382121324539185 0.528684139251709 0.537711501121521 0.5752036571502686 0.6379365921020508
11 0.47251540422439575 0.20616674423217773 0.07770281285047531 0.2508343458175659 0.1964491605758667
3 0.448262482881546 0.6212196350097656 0.7146369218826294 0.6992464065551758 0.8428306579589844
