6 0.9996623396873474 0.06710591912269592 0.6842728853225708 0.12714990973472595 0.8285880088806152
3 0.9990708827972412 0.5270707607269287 0.5981495976448059 0.5832862854003906 0.7150439620018005
3 0.9792401194572449 0.4440155625343323 0.6957913041114807 0.4999001622200012 0.7889332175254822
8 0.9784706234931946 0.27401259541511536 0.35084930062294006 0.3355827033519745 0.48789748549461365
8 0.9740281701087952 0.09623420238494873 0.597619354724884 0.16022735834121704 0.7304584383964539
0 0.9708453416824341 0.5967854261398315 0.08656439930200577 0.654640793800354 0.21907839179039001
6 0.9677110314369202 0.12137216329574585 0.09721162170171738 0.18370944261550903 0.2305590808391571
3 0.9628525376319885 0.45089292526245117 0.32115715742111206 0.4971453547477722 0.4291403889656067
3 0.9553216099739075 0.6691057085990906 0.7406691312789917 0.7278438210487366 0.8459352254867554
5 0.9550342559814453 0.7587199807167053 0.728229284286499 0.8378408551216125 0.8510189056396484
4 0.92931067943573 0.4163018465042114 0.4017762839794159 0.48230278491973877 0.5708216428756714
2 0.8911209106445312 0.5096688270568848 0.3429906368255615 0.5696401596069336 0.47995704412460327
9 0.8380481600761414 0.21571770310401917 0.6593243479728699 0.2678503692150116 0.7780240178108215
11 0.7662047147750854 0.16478238999843597 0.03769545629620552 0.20900382101535797 0.15849055349826813
9 0.7470934987068176 0.40820714831352234 0.31999996304512024 0.4613490402698517 0.4265596568584442
2 0.6784049868583679 0.5821490287780762 0.6850457191467285 0.654546856880188 0.8249092102050781
3 0.6696950197219849 0.5367060303688049 0.5481236577033997 0.58973628282547 0.6574785113334656
5 0.613576352596283 0.6679909229278564 0.10181140899658203 0.7151057720184326 0.21296101808547974
9 0.5726302862167358 0.25776782631874084 0.18692368268966675 0.30161187052726746 0.29732632637023926
0 0.5102839469909668 0.26876768469810486 0.48870524764060974 0.3286813795566559 0.6320214867591858
