8 0.8203238844871521 0.16115190088748932 0.13326802849769592 0.230821892619133 0.29503872990608215
9 0.7748446464538574 0.32213878631591797 0.3117547035217285 0.3707883954048157 0.4134954810142517
9 0.65826416015625 0.40202176570892334 0.28715384006500244 0.4410872459411621 0.3797263503074646
9 0.5194746255874634 0.4136539697647095 0.2918855845928192 0.4572402834892273 0.38868042826652527
9 0.4957464933395386 0.3218430280685425 0.1941799819469452 0.3643125295639038 0.30253538489341736
3 0.42400461435317993 0.15419237315654755 0.32253867387771606 0.22937066853046417 0.4580150842666626
5 0.40418022871017456 0.323441743850708 0.3138614892959595 0.4162827134132385 0.4926988482475281
5 0.352826863527298 0.24223372340202332 0.22381578385829926 0.3269154131412506 0.4013233184814453
3 0.30746737122535706 0.2267317920923233 0.2681416869163513 0.2775481939315796 0.3725023865699768
6 0.29215216636657715 0.27962908148765564 0.32454514503479004 0.36535850167274475 0.4814503788948059
5 0.27981457114219666 0.3609764873981476 0.3111053705215454 0.4494195878505707 0.4827215075492859
