8 0.8028538823127747 0.1758650690317154 0.15768127143383026 0.24784450232982635 0.31956708431243896
9 0.7583237886428833 0.345304012298584 0.3377491235733032 0.3926893472671509 0.4367009401321411
9 0.5683841705322266 0.412647545337677 0.3153078258037567 0.45015913248062134 0.40545693039894104
9 0.5412980914115906 0.4228387773036957 0.33646804094314575 0.46586641669273376 0.42969363927841187
9 0.4165359139442444 0.339857816696167 0.2137012779712677 0.3809795379638672 0.3195633590221405
3 0.41265302896499634 0.16995063424110413 0.3366497755050659 0.24798116087913513 0.4750880002975464
5 0.4064335823059082 0.3342013955116272 0.3428211212158203 0.4306955337524414 0.5262326598167419
5 0.33262401819229126 0.2576388418674469 0.24469047784805298 0.34578731656074524 0.42624056339263916
3 0.32679104804992676 0.24843434989452362 0.28595393896102905 0.2980831265449524 0.3861085772514343
5 0.3126670718193054 0.3639792501926422 0.3588259518146515 0.4596889317035675 0.5309219360351562
