8 0.829687237739563 0.17565110325813293 0.1269124448299408 0.2445114552974701 0.28788307309150696
9 0.7715526819229126 0.343519389629364 0.31135013699531555 0.39165931940078735 0.4133184850215912
9 0.5962527990341187 0.4122532606124878 0.28341731429100037 0.45117706060409546 0.37564411759376526
9 0.47681909799575806 0.33219707012176514 0.18777602910995483 0.3746722936630249 0.2968024015426636
9 0.46577560901641846 0.4270438849925995 0.30570951104164124 0.4697400629520416 0.40025708079338074
3 0.43340519070625305 0.17399632930755615 0.31406155228614807 0.24837076663970947 0.44924792647361755
5 0.4083135426044464 0.3340018689632416 0.3059832751750946 0.4266529381275177 0.4853624999523163
5 0.35418620705604553 0.25391021370887756 0.21643462777137756 0.33790823817253113 0.39338091015815735
3 0.33439984917640686 0.240101620554924 0.2603495717048645 0.29063552618026733 0.36515313386917114
5 0.285701721906662 0.3739559054374695 0.32003793120384216 0.46476882696151733 0.49365416169166565
6 0.2271604984998703 0.3082170784473419 0.327157199382782 0.39493998885154724 0.4836912751197815
