9 0.8215785026550293 0.3301047682762146 0.302734911441803 0.3785291314125061 0.4055179953575134
8 0.8127385377883911 0.17333677411079407 0.1288786232471466 0.2426871955394745 0.2900979816913605
9 0.579159677028656 0.4107452929019928 0.27526533603668213 0.44981279969215393 0.3673659563064575
9 0.4807867705821991 0.3308597803115845 0.18667051196098328 0.37352389097213745 0.2943914234638214
9 0.47373291850090027 0.4116867482662201 0.3014654517173767 0.4550590217113495 0.39686334133148193
5 0.4049730598926544 0.3318948745727539 0.29560282826423645 0.4234495162963867 0.47391030192375183
3 0.3882203996181488 0.17001765966415405 0.3117328882217407 0.2439633011817932 0.4471006989479065
5 0.32625484466552734 0.25147226452827454 0.21215347945690155 0.33540019392967224 0.38857370615005493
3 0.29498425126075745 0.23736189305782318 0.2591652572154999 0.2882089614868164 0.364195853471756
5 0.23025842010974884 0.36130350828170776 0.3123694360256195 0.4473397731781006 0.48246756196022034
6 0.2152303010225296 0.289711594581604 0.3194807469844818 0.37522584199905396 0.4750432074069977
