8 0.8237857818603516 0.17880001664161682 0.1257924735546112 0.2481549084186554 0.28680041432380676
9 0.7675071358680725 0.3472679853439331 0.3072303831577301 0.3958231210708618 0.40970680117607117
9 0.5430585145950317 0.4153083860874176 0.28111031651496887 0.45390114188194275 0.3729463517665863
9 0.4633388817310333 0.4237160086631775 0.29942840337753296 0.4671211838722229 0.3950788378715515
9 0.44714945554733276 0.33545902371406555 0.18514499068260193 0.3776960074901581 0.29382088780403137
3 0.4388082027435303 0.17847579717636108 0.30820125341415405 0.25265634059906006 0.4428982138633728
5 0.39660075306892395 0.337018221616745 0.3011385202407837 0.4300638735294342 0.48225992918014526
5 0.3382543623447418 0.25860029458999634 0.21258994936943054 0.3428152799606323 0.3902384340763092
3 0.33806952834129333 0.24387378990650177 0.2579045593738556 0.2944944500923157 0.3626801073551178
5 0.2919246256351471 0.3718700706958771 0.31564515829086304 0.46139422059059143 0.486436665058136
