8 0.814446210861206 0.17263051867485046 0.14592266082763672 0.24340716004371643 0.30731016397476196
9 0.7595637440681458 0.34316930174827576 0.3355812728404999 0.390858918428421 0.4360331594944
9 0.6050525903701782 0.4080467224121094 0.306967556476593 0.44590359926223755 0.3983153700828552
9 0.5413587689399719 0.4169446527957916 0.3330194056034088 0.4604808986186981 0.42710956931114197
3 0.4604060649871826 0.17068696022033691 0.33160313963890076 0.24744558334350586 0.46736523509025574
9 0.4500207304954529 0.333898663520813 0.2061099410057068 0.37551212310791016 0.31387627124786377
5 0.4265858232975006 0.32948002219200134 0.3360988199710846 0.424966961145401 0.5182608366012573
5 0.36680883169174194 0.25247982144355774 0.2399577498435974 0.3392750918865204 0.4199748635292053
3 0.35784992575645447 0.2439420372247696 0.2789398431777954 0.2940307557582855 0.3806772232055664
5 0.33404770493507385 0.3606094717979431 0.3525705635547638 0.4553567171096802 0.5225714445114136
5 0.21502357721328735 0.3028997480869293 0.35422128438949585 0.3920160233974457 0.5103622674942017
