9 0.9658852219581604 0.26857703924179077 0.6129277348518372 0.3199048638343811 0.7164052128791809
9 0.833869993686676 0.4618947207927704 0.4163205623626709 0.5123240351676941 0.5234767198562622
3 0.8028528690338135 0.4952547550201416 0.3940448462963104 0.5424460172653198 0.4935207664966583
5 0.7542607188224792 0.6882160305976868 0.7031663656234741 0.7732810378074646 0.8321918249130249
8 0.6966373324394226 0.15249644219875336 0.16642576456069946 0.22124381363391876 0.3170119524002075
9 0.6499495506286621 0.30504584312438965 0.25491711497306824 0.3530266284942627 0.36352595686912537
1 0.6395171880722046 0.5648042559623718 0.5362139940261841 0.6429274678230286 0.7071386575698853
9 0.5990841388702393 0.20437954366207123 0.6522310972213745 0.27916476130485535 0.7827771902084351
4 0.5193612575531006 0.5292111039161682 0.3865472674369812 0.5956965088844299 0.5445611476898193
7 0.31116312742233276 0.3973701298236847 0.4708019495010376 0.47477057576179504 0.6303838491439819
3 0.29782983660697937 0.5890882611274719 0.38787758350372314 0.6303343176841736 0.475016713142395
9 0.2309901863336563 0.3440631031990051 0.1485532969236374 0.3898079991340637 0.252876341342926
6 0.21678942441940308 0.08627031743526459 0.5948951840400696 0.1572944074869156 0.7516998648643494
0 0.202713280916214 0.3756401538848877 0.2317679524421692 0.4475330710411072 0.3940930962562561
