6 0.9997637867927551 0.06527993083000183 0.6820836663246155 0.12556985020637512 0.8292328715324402
3 0.9988758563995361 0.5145913362503052 0.6019843220710754 0.5711901187896729 0.7168207764625549
8 0.9919021725654602 0.27127671241760254 0.3608599305152893 0.3316305875778198 0.4969337582588196
3 0.9776352047920227 0.4381978213787079 0.7008742094039917 0.49421897530555725 0.7928431034088135
0 0.9717046022415161 0.6013509631156921 0.08165650814771652 0.6588345170021057 0.21439862251281738
6 0.9681864380836487 0.11694984883069992 0.10145726054906845 0.17932569980621338 0.2364995777606964
3 0.9668889045715332 0.454215407371521 0.29582247138023376 0.5003215074539185 0.40410473942756653
8 0.9663296341896057 0.09053456783294678 0.5976535677909851 0.15396660566329956 0.7292994856834412
3 0.9528748393058777 0.6686104536056519 0.7390079498291016 0.727702260017395 0.8443231582641602
5 0.9517937898635864 0.7619884014129639 0.7231799364089966 0.8404583930969238 0.8451265096664429
3 0.9256748557090759 0.2946452498435974 0.4032962918281555 0.3415223956108093 0.5181663036346436
2 0.8806146383285522 0.5254509449005127 0.3323397636413574 0.5853557586669922 0.4635513424873352
4 0.7862126231193542 0.4020606279373169 0.41038593649864197 0.4675649404525757 0.5740489363670349
11 0.7720579504966736 0.16459116339683533 0.04036407917737961 0.2075740396976471 0.16115891933441162
9 0.7296043038368225 0.41338911652565 0.3007776141166687 0.4656160771846771 0.4111343026161194
2 0.7108507752418518 0.5796648263931274 0.6858487725257874 0.6521283388137817 0.8255466818809509
9 0.6073744893074036 0.25401946902275085 0.186146542429924 0.29762396216392517 0.29858025908470154
3 0.5909079909324646 0.5241426229476929 0.5520320534706116 0.576259970664978 0.6587751507759094
3 0.5840195417404175 0.6259275078773499 0.3444422781467438 0.6739810109138489 0.44831976294517517
7 0.5792587399482727 0.12703734636306763 0.4035903215408325 0.1958162784576416 0.579870343208313
