8 0.7886052131652832 0.1918570101261139 0.15325380861759186 0.26356062293052673 0.3087562918663025
9 0.6371359825134277 0.3634096682071686 0.3303839862346649 0.4100002944469452 0.42902401089668274
9 0.5742200613021851 0.426101416349411 0.30851900577545166 0.46380171179771423 0.39848458766937256
9 0.5121185779571533 0.43205228447914124 0.3374049663543701 0.4756544530391693 0.43076300621032715
5 0.3621751368045807 0.35131359100341797 0.3354825973510742 0.4478282332420349 0.5169843435287476
9 0.3530125021934509 0.3619000017642975 0.2132059633731842 0.40279528498649597 0.3177349269390106
3 0.3203119933605194 0.19108344614505768 0.3212566375732422 0.2653791904449463 0.45674997568130493
3 0.31753066182136536 0.26092344522476196 0.2760741412639618 0.31136554479599 0.3781943619251251
5 0.2922695577144623 0.38036680221557617 0.35551637411117554 0.4755067229270935 0.5234927535057068
5 0.2584707736968994 0.2887150049209595 0.2426050454378128 0.3761371970176697 0.4211351275444031
