9 0.8236713409423828 0.36336952447891235 0.31447142362594604 0.41093045473098755 0.41742247343063354
8 0.7490289807319641 0.18545395135879517 0.1330154836177826 0.2560577392578125 0.2953495681285858
9 0.45019328594207764 0.44728565216064453 0.28805479407310486 0.4856013059616089 0.3771456778049469
9 0.4488815367221832 0.45784488320350647 0.32146504521369934 0.49944403767585754 0.4133320748806
9 0.43054524064064026 0.35730382800102234 0.18912914395332336 0.3987286388874054 0.29580071568489075
3 0.3573245704174042 0.18022525310516357 0.3139271140098572 0.25367438793182373 0.45270317792892456
5 0.3248843848705292 0.37512198090553284 0.29606616497039795 0.4688067138195038 0.4810417890548706
6 0.2743885815143585 0.543981671333313 0.5082055330276489 0.6157544851303101 0.6470252275466919
3 0.27057573199272156 0.24873141944408417 0.26902490854263306 0.2991574704647064 0.3751625418663025
5 0.24797604978084564 0.28446879982948303 0.20739120244979858 0.36922600865364075 0.3887574076652527
6 0.2039104700088501 0.32627955079078674 0.33282729983329773 0.41244515776634216 0.4892103970050812
