1 0.9831125140190125 0.6853723526000977 0.3478493094444275 0.7869758605957031 0.5402632355690002
9 0.9763147830963135 0.34918269515037537 0.5602102875709534 0.40617749094963074 0.6710782647132874
9 0.9571447372436523 0.3188587725162506 0.6266094446182251 0.38618871569633484 0.7498533725738525
3 0.950434684753418 0.49828314781188965 0.5894293785095215 0.5538734197616577 0.6944866180419922
3 0.9383002519607544 0.48587119579315186 0.6393215656280518 0.5612061023712158 0.7607364654541016
9 0.9376032948493958 0.3060031533241272 0.3916816711425781 0.3623148798942566 0.49689871072769165
3 0.9076571464538574 0.3634635806083679 0.4645070731639862 0.4152516722679138 0.569588840007782
3 0.8554502725601196 0.49932801723480225 0.3685406744480133 0.5508222579956055 0.4780523478984833
11 0.518234133720398 0.4451267719268799 0.48675498366355896 0.505308210849762 0.6148216724395752
6 0.4122077226638794 0.19279104471206665 0.3934185206890106 0.2643887400627136 0.5585635900497437
11 0.4098096191883087 0.6231256723403931 0.246064230799675 0.6926393508911133 0.3631400465965271
5 0.40064844489097595 0.18094167113304138 0.17972755432128906 0.24540355801582336 0.3180447816848755
3 0.36549249291419983 0.48456594347953796 0.41182199120521545 0.563948929309845 0.5373352766036987
9 0.2781701982021332 0.2901626527309418 0.2426268458366394 0.33630308508872986 0.3505234122276306
6 0.20888017117977142 0.06622545421123505 0.6017714142799377 0.13667012751102448 0.7619934678077698
