9 0.9943799376487732 0.39720433950424194 0.3381473422050476 0.4431902766227722 0.455966591835022
3 0.9821427464485168 0.5954688191413879 0.3500158190727234 0.6448972821235657 0.4603114724159241
9 0.9784691333770752 0.3188636004924774 0.5168287754058838 0.3728717863559723 0.6287033557891846
3 0.974643349647522 0.4914025068283081 0.6155076622962952 0.5439515113830566 0.7151351571083069
3 0.9721050262451172 0.5514096021652222 0.5152848362922668 0.6022943258285522 0.6226552128791809
6 0.9509261846542358 0.3817930221557617 0.44002968072891235 0.45033586025238037 0.5986484885215759
9 0.949500322341919 0.2857549786567688 0.21732915937900543 0.33808279037475586 0.32833409309387207
7 0.8878039121627808 0.13475735485553741 0.3075297176837921 0.20531372725963593 0.48779281973838806
3 0.8454713821411133 0.39927583932876587 0.26720699667930603 0.4495668411254883 0.3805710971355438
9 0.754010796546936 0.28157174587249756 0.3510128855705261 0.3327198028564453 0.4653439521789551
2 0.5940958261489868 0.1657049059867859 0.6389116644859314 0.2351306676864624 0.7950637936592102
1 0.5215322375297546 0.6445229649543762 0.3335912823677063 0.7312033772468567 0.5167906284332275
8 0.49003347754478455 0.34704703092575073 0.6166203618049622 0.4229136109352112 0.756600558757782
0 0.47819429636001587 0.46383821964263916 0.2860860228538513 0.5202181935310364 0.42551904916763306
3 0.3038879930973053 0.5550923347473145 0.5678216218948364 0.600578784942627 0.6718200445175171
1 0.26064062118530273 0.3146823048591614 0.20682218670845032 0.3869175314903259 0.36868366599082947
9 0.2580895721912384 0.28145456314086914 0.5685373544692993 0.34660911560058594 0.6960629224777222
9 0.22013701498508453 0.3485020697116852 0.4078688621520996 0.4142315089702606 0.5290667414665222
6 0.21155567467212677 0.07290495187044144 0.6458001136779785 0.1434323787689209 0.8066747188568115
3 0.20937950909137726 0.4331846535205841 0.6544647216796875 0.5153607130050659 0.777604341506958
