8 0.8302376866340637 0.17080345749855042 0.12141678482294083 0.23924139142036438 0.28189370036125183
9 0.7936305999755859 0.3347878158092499 0.29452386498451233 0.3840637505054474 0.3995668590068817
9 0.5778156518936157 0.4131586253643036 0.2752336859703064 0.45186808705329895 0.36767035722732544
9 0.4729475677013397 0.33153820037841797 0.17630337178707123 0.37416911125183105 0.28588777780532837
9 0.4331057071685791 0.42266857624053955 0.28483814001083374 0.46681421995162964 0.3826141953468323
3 0.42496663331985474 0.1668652892112732 0.3039619028568268 0.2381502389907837 0.4372003972530365
5 0.3935173451900482 0.3334529995918274 0.2964265048503876 0.4268154501914978 0.4784860908985138
5 0.3405434787273407 0.25338250398635864 0.2062806785106659 0.336919367313385 0.3835534155368805
3 0.3067762851715088 0.23208627104759216 0.25229865312576294 0.28361108899116516 0.3584930896759033
5 0.2780054807662964 0.3712949752807617 0.30978915095329285 0.4585222601890564 0.4792003929615021
