3 0.9903860688209534 0.5580198168754578 0.513116717338562 0.6116027235984802 0.6235357522964478
3 0.9895980954170227 0.515137791633606 0.6204409003257751 0.5723022222518921 0.7271055579185486
3 0.9755595326423645 0.5850590467453003 0.3338749408721924 0.6348696947097778 0.44441771507263184
9 0.972787082195282 0.3179030120372772 0.526959240436554 0.3744019567966461 0.6394713521003723
3 0.9087276458740234 0.40740248560905457 0.3041188418865204 0.45352229475975037 0.40701475739479065
6 0.8724404573440552 0.4014666676521301 0.41959109902381897 0.4703165292739868 0.5705780386924744
9 0.8467239141464233 0.4064205288887024 0.3582950234413147 0.4516032338142395 0.4724658131599426
9 0.7386124134063721 0.3121001124382019 0.23147539794445038 0.36156755685806274 0.3389091193675995
1 0.6685640811920166 0.6858553290367126 0.3145037889480591 0.7768656611442566 0.5043053030967712
7 0.65526282787323 0.15339720249176025 0.3143942952156067 0.22440415620803833 0.4885435700416565
9 0.6260766386985779 0.30330079793930054 0.3505913019180298 0.3530780076980591 0.4642793536186218
2 0.5893446207046509 0.16872639954090118 0.6402851939201355 0.2384304255247116 0.7966251969337463
0 0.5715138912200928 0.46642187237739563 0.248308926820755 0.5252320170402527 0.378513902425766
0 0.5323129892349243 0.45141535997390747 0.2952488660812378 0.5086777806282043 0.4432108402252197
9 0.4884675145149231 0.2841529846191406 0.5795038342475891 0.3478046655654907 0.7025788426399231
5 0.4818504750728607 0.3662073612213135 0.40283915400505066 0.4332149028778076 0.5329407453536987
3 0.4180923402309418 0.4804915189743042 0.675927996635437 0.5523563623428345 0.7935718297958374
6 0.37417513132095337 0.322501540184021 0.4525566101074219 0.38540518283843994 0.5946071147918701
5 0.3374870717525482 0.4578111171722412 0.10797180235385895 0.5259914994239807 0.2390463799238205
8 0.30590012669563293 0.14211778342723846 0.1363409161567688 0.20737548172473907 0.28016024827957153
