6 0.9099045991897583 0.17770984768867493 0.4564278721809387 0.24070611596107483 0.5944831967353821
11 0.8989008665084839 0.08836629986763 0.7257130146026611 0.1588554084300995 0.8614590167999268
9 0.8558181524276733 0.30292606353759766 0.507247805595398 0.35173529386520386 0.6059683561325073
3 0.8488167524337769 0.6056944727897644 0.08394047617912292 0.6462228894233704 0.18602368235588074
9 0.8081819415092468 0.25543418526649475 0.720271646976471 0.3084329068660736 0.8236928582191467
5 0.7821796536445618 0.6901798844337463 0.0744151771068573 0.7341037392616272 0.1805482804775238
8 0.7769225239753723 0.1345849335193634 0.6142151355743408 0.19679471850395203 0.743133544921875
1 0.7608193755149841 0.7335099577903748 0.37034204602241516 0.8269985318183899 0.5377877354621887
3 0.7424892783164978 0.6354362368583679 0.3508908748626709 0.6813104748725891 0.44673120975494385
4 0.6358411908149719 0.7191749215126038 0.29537415504455566 0.806743323802948 0.445143461227417
3 0.6301825642585754 0.6379938125610352 0.5668373107910156 0.6856822967529297 0.6644425392150879
3 0.6083130836486816 0.6497743725776672 0.6652812957763672 0.7002448439598083 0.7591137886047363
5 0.6070318818092346 0.7512944936752319 0.6579422950744629 0.8256694078445435 0.775779128074646
3 0.599929928779602 0.6665751338005066 0.3996192216873169 0.7120707631111145 0.49541133642196655
0 0.5988632440567017 0.71908038854599 0.1934150755405426 0.7641176581382751 0.3178893029689789
3 0.5816189646720886 0.6107450723648071 0.21978320181369781 0.6522077322006226 0.32281193137168884
3 0.5760138034820557 0.649462878704071 0.46944350004196167 0.6961670517921448 0.5673773884773254
0 0.5354169011116028 0.7528128623962402 0.452950119972229 0.8235204219818115 0.5762860774993896
8 0.5239765644073486 0.11377723515033722 0.6480891704559326 0.17833267152309418 0.77634596824646
11 0.4817660450935364 0.24001991748809814 0.09736120700836182 0.28176307678222656 0.19636982679367065
