8 0.8291611075401306 0.17375701665878296 0.12867002189159393 0.243036687374115 0.290077269077301
9 0.7659880518913269 0.3508606553077698 0.31459754705429077 0.3987235426902771 0.4164502024650574
9 0.5533673167228699 0.4139314293861389 0.28972572088241577 0.45205801725387573 0.3808494806289673
9 0.4616805613040924 0.33412966132164 0.189044788479805 0.3760944902896881 0.29773712158203125
9 0.458071768283844 0.4315860867500305 0.31514132022857666 0.4739801287651062 0.4089469909667969
3 0.42568498849868774 0.17538635432720184 0.31329503655433655 0.25011157989501953 0.4503084123134613
5 0.40745246410369873 0.33302780985832214 0.3118758797645569 0.4274785816669464 0.49424946308135986
5 0.3508322834968567 0.2543623447418213 0.2185838371515274 0.3394671678543091 0.3973924517631531
3 0.3249453902244568 0.24360162019729614 0.2618848979473114 0.29378217458724976 0.366412490606308
5 0.28926119208335876 0.37558671832084656 0.3325826823711395 0.4685288965702057 0.507501482963562
