8 0.8165069818496704 0.17801761627197266 0.1374313235282898 0.24818938970565796 0.29907065629959106
9 0.7645503878593445 0.35141175985336304 0.32621273398399353 0.3990475535392761 0.42696622014045715
9 0.538288950920105 0.4186367988586426 0.3006809651851654 0.4562513828277588 0.39116397500038147
9 0.48167580366134644 0.4313375949859619 0.326819509267807 0.4740726947784424 0.4203679859638214
3 0.44858595728874207 0.1760871261358261 0.32348647713661194 0.2516523003578186 0.45942696928977966
9 0.4307407736778259 0.3397118151187897 0.1977664679288864 0.38125231862068176 0.30586132407188416
5 0.40803489089012146 0.33840373158454895 0.32467812299728394 0.4344088137149811 0.5086159110069275
3 0.35492852330207825 0.2460346817970276 0.27172476053237915 0.296156644821167 0.3748350739479065
5 0.35387080907821655 0.25912541151046753 0.22783410549163818 0.3454887866973877 0.4077737331390381
5 0.3132833242416382 0.37428146600723267 0.34505024552345276 0.46849536895751953 0.5180273056030273
5 0.20727983117103577 0.3130895793437958 0.34540748596191406 0.40200433135032654 0.501707136631012
