1 0.988113522529602 0.675644040107727 0.38589081168174744 0.7790260314941406 0.5827648043632507
9 0.9783301949501038 0.3451889455318451 0.5647762417793274 0.4017105996608734 0.6756778359413147
9 0.9583980441093445 0.31876489520072937 0.6325558423995972 0.3874901831150055 0.7551431655883789
3 0.953041672706604 0.48176640272140503 0.6563693284988403 0.5579593777656555 0.7775698900222778
3 0.952518105506897 0.49497807025909424 0.6046301126480103 0.5508553981781006 0.7106865644454956
3 0.9516811370849609 0.39022111892700195 0.4825247824192047 0.44165849685668945 0.5904237031936646
9 0.9077455401420593 0.29181623458862305 0.22588253021240234 0.3443494439125061 0.33975887298583984
9 0.9039374589920044 0.28147247433662415 0.3789620101451874 0.3383690416812897 0.4912266433238983
3 0.9031072854995728 0.48080575466156006 0.38312554359436035 0.5313929319381714 0.49422162771224976
11 0.6240977048873901 0.5119724869728088 0.4985513389110565 0.5766456723213196 0.6217045783996582
7 0.5874209403991699 0.14971283078193665 0.35602110624313354 0.21835169196128845 0.5187630653381348
5 0.3935709595680237 0.2776281237602234 0.13112038373947144 0.3480333089828491 0.264428973197937
11 0.3824387192726135 0.5877894759178162 0.2892753481864929 0.6607676148414612 0.40693312883377075
6 0.3100563883781433 0.4647623598575592 0.505049467086792 0.5300123691558838 0.6438874006271362
6 0.2780197560787201 0.3495270609855652 0.2274416983127594 0.42260438203811646 0.3792003095149994
6 0.20889753103256226 0.0650084912776947 0.6021952033042908 0.13599374890327454 0.7628902792930603
