11 0.903134822845459 0.08726145327091217 0.7275480628013611 0.1583615392446518 0.8638615012168884
6 0.9010627865791321 0.1788836270570755 0.45852750539779663 0.24210725724697113 0.5968101620674133
9 0.8596659898757935 0.3044739067554474 0.509690523147583 0.35291799902915955 0.6084012985229492
9 0.8029518127441406 0.25497952103614807 0.7215294241905212 0.30794987082481384 0.8248561024665833
3 0.8005833625793457 0.6084600687026978 0.08196678757667542 0.6488577127456665 0.18370196223258972
8 0.7810525298118591 0.13461387157440186 0.6178804636001587 0.1971394419670105 0.7470499277114868
1 0.759950578212738 0.730544924736023 0.3578573763370514 0.8230793476104736 0.5260311365127563
5 0.7295718789100647 0.6880220770835876 0.07286272197961807 0.7314024567604065 0.1773311197757721
5 0.6875203847885132 0.7458821535110474 0.6878935694694519 0.8202396631240845 0.8056226372718811
3 0.683060348033905 0.6389733552932739 0.5786314606666565 0.6863186359405518 0.6772084832191467
3 0.659903883934021 0.6484784483909607 0.6931633949279785 0.6980798840522766 0.7866967916488647
3 0.656196117401123 0.6666210293769836 0.3969787061214447 0.712237536907196 0.4931237995624542
3 0.62947678565979 0.6317591667175293 0.34676259756088257 0.6769082546234131 0.44169187545776367
4 0.6120283007621765 0.7190086841583252 0.28089094161987305 0.8066253662109375 0.4300205111503601
3 0.5912209153175354 0.6511937975883484 0.4730313718318939 0.697734534740448 0.5710755586624146
0 0.5828661322593689 0.7203285098075867 0.18733873963356018 0.7655217051506042 0.3117218315601349
3 0.5777779221534729 0.610895574092865 0.21410617232322693 0.652316153049469 0.31696590781211853
0 0.5638929605484009 0.7506576776504517 0.4603184759616852 0.8213647603988647 0.5846378207206726
8 0.5277351140975952 0.11270369589328766 0.6502298712730408 0.17748968303203583 0.7786043286323547
9 0.4596101939678192 0.26426059007644653 0.6115588545799255 0.31790512800216675 0.7181993126869202
