1 0.9796834588050842 0.6897062063217163 0.5887199640274048 0.7808631658554077 0.7747732400894165
3 0.9631029367446899 0.6332325339317322 0.4511522948741913 0.6815846562385559 0.5493992567062378
11 0.9095557332038879 0.6342158913612366 0.6595072746276855 0.7030362486839294 0.7850173711776733
3 0.8565698862075806 0.470964640378952 0.38223516941070557 0.5170373320579529 0.48359668254852295
9 0.829875648021698 0.3063333034515381 0.567240834236145 0.36321043968200684 0.6740463972091675
9 0.7958860993385315 0.357765257358551 0.2965088188648224 0.40773969888687134 0.40047022700309753
5 0.7871016263961792 0.6731446981430054 0.7150341272354126 0.752143144607544 0.8519213199615479
8 0.7478550672531128 0.3618677854537964 0.20330964028835297 0.4290710687637329 0.35609835386276245
3 0.6244804859161377 0.5406063199043274 0.5193058252334595 0.5869999527931213 0.6131733655929565
9 0.535831868648529 0.4539007842540741 0.35280436277389526 0.5040382146835327 0.4587569832801819
2 0.47315695881843567 0.41348201036453247 0.4251304566860199 0.48003751039505005 0.563724160194397
9 0.3242724537849426 0.3237457573413849 0.16537469625473022 0.36519572138786316 0.26323050260543823
3 0.307292640209198 0.6061047911643982 0.3320288062095642 0.6499082446098328 0.4280540347099304
7 0.30156493186950684 0.3617742657661438 0.37990280985832214 0.43496423959732056 0.5463533997535706
4 0.26483213901519775 0.5308822989463806 0.4563114643096924 0.6088240742683411 0.613990068435669
1 0.26163533329963684 0.43556034564971924 0.3609292209148407 0.5119807720184326 0.5133792161941528
8 0.22636492550373077 0.36179298162460327 0.6288964152336121 0.44442516565322876 0.7678657174110413
