9 0.9642139077186584 0.26847100257873535 0.607611894607544 0.320170521736145 0.7128102779388428
1 0.8996742963790894 0.6418910622596741 0.5830880999565125 0.7255954146385193 0.75066739320755
5 0.8494747281074524 0.7321991920471191 0.7222894430160522 0.8159971237182617 0.8433465957641602
9 0.822862446308136 0.2088240087032318 0.6510571241378784 0.2826900780200958 0.7819292545318604
9 0.8008317947387695 0.3546454608440399 0.3037987947463989 0.4047051966190338 0.41231048107147217
9 0.775777280330658 0.4573485553264618 0.40397515892982483 0.5086678862571716 0.5103936791419983
3 0.7522264122962952 0.5001807808876038 0.4008297324180603 0.5487515330314636 0.4984590411186218
3 0.6321573257446289 0.5480804443359375 0.5133500695228577 0.5957217216491699 0.615494430065155
11 0.4154089689254761 0.5334386825561523 0.6702480912208557 0.6159070730209351 0.8105793595314026
9 0.3984675407409668 0.29919326305389404 0.3156818747520447 0.3498042821884155 0.4256899952888489
4 0.3979904353618622 0.508310854434967 0.4028693735599518 0.5793575644493103 0.5573099851608276
11 0.39219242334365845 0.14000645279884338 0.34409090876579285 0.20213523507118225 0.4686017334461212
3 0.2868897020816803 0.5646422505378723 0.3687193691730499 0.6084973216056824 0.4598509967327118
11 0.21274100244045258 0.3020806908607483 0.11889338493347168 0.3467329740524292 0.22991830110549927
6 0.200825497508049 0.0877135694026947 0.5926083922386169 0.15886911749839783 0.7497041821479797
