5 0.9559261202812195 0.7496131062507629 0.6872915029525757 0.8315388560295105 0.8111236095428467
6 0.9499669075012207 0.32340049743652344 0.5887512564659119 0.3863430619239807 0.7273414731025696
2 0.9375237226486206 0.3662799596786499 0.41408997774124146 0.42869770526885986 0.5568093061447144
9 0.9306969046592712 0.39378711581230164 0.6853785514831543 0.4468260705471039 0.805678129196167
11 0.9239860773086548 0.17152544856071472 0.7150540947914124 0.2473762333393097 0.8547858595848083
9 0.8868227005004883 0.25951600074768066 0.5968151092529297 0.32009661197662354 0.7149999141693115
11 0.8798787593841553 0.5752221941947937 0.6926057934761047 0.648593008518219 0.8303866982460022
8 0.8732425570487976 0.4408251941204071 0.1574077159166336 0.5005714893341064 0.30237072706222534
9 0.8647818565368652 0.3117419183254242 0.25062474608421326 0.36065468192100525 0.35668984055519104
9 0.862480878829956 0.436922550201416 0.3197736442089081 0.4871618151664734 0.43065401911735535
1 0.8448323607444763 0.7394704222679138 0.4755009412765503 0.834058940410614 0.6437498331069946
11 0.8281189203262329 0.21040679514408112 0.09027352929115295 0.2569105327129364 0.1977597177028656
3 0.8023950457572937 0.6592068076133728 0.403028279542923 0.7063962817192078 0.5059725642204285
3 0.7957333326339722 0.48243334889411926 0.3245285153388977 0.5298467874526978 0.4299771189689636
8 0.7795103192329407 0.12033496797084808 0.596399188041687 0.1882680207490921 0.7314573526382446
3 0.7527375817298889 0.5333991050720215 0.46982336044311523 0.5811128616333008 0.5736976861953735
3 0.73979651927948 0.5812225937843323 0.2540521025657654 0.6289047598838806 0.359394907951355
4 0.6924619078636169 0.514312207698822 0.29793691635131836 0.580436646938324 0.4518280029296875
9 0.6743465065956116 0.3018016517162323 0.10355079174041748 0.34694138169288635 0.20857620239257812
10 0.5781441926956177 0.3738642930984497 0.3134363889694214 0.4443802237510681 0.4716334342956543
