6 0.9963646531105042 0.25905442237854004 0.41853809356689453 0.3235998749732971 0.5563570857048035
3 0.9942349791526794 0.5416839718818665 0.537811815738678 0.5952234864234924 0.6487876772880554
3 0.9834648370742798 0.4713421165943146 0.6450400948524475 0.5293124318122864 0.7513062357902527
3 0.9798107743263245 0.4034319221973419 0.29038098454475403 0.45267900824546814 0.4013321101665497
3 0.9395257234573364 0.6431793570518494 0.6952709555625916 0.6988542675971985 0.7933329939842224
3 0.910941481590271 0.5668196678161621 0.3320477604866028 0.6164443492889404 0.4412875175476074
6 0.8587397336959839 0.1207122653722763 0.09143076837062836 0.18545569479465485 0.23455508053302765
9 0.7937761545181274 0.2948342263698578 0.328321248292923 0.3428785502910614 0.4339235723018646
2 0.7816304564476013 0.3766765594482422 0.3732670247554779 0.43713265657424927 0.5188167095184326
9 0.7326346039772034 0.3071805536746979 0.5405673980712891 0.36459407210350037 0.6539905071258545
9 0.7172414064407349 0.28847646713256836 0.42169755697250366 0.3407920002937317 0.5272326469421387
1 0.6737228631973267 0.683275043964386 0.3002319931983948 0.7747110724449158 0.4890586733818054
0 0.649972140789032 0.49261993169784546 0.22656455636024475 0.551257312297821 0.36373576521873474
9 0.6273024082183838 0.44569748640060425 0.131783127784729 0.4937899708747864 0.24123144149780273
3 0.6252350211143494 0.4507875144481659 0.6952839493751526 0.5204917192459106 0.8131462931632996
5 0.6058260798454285 0.5104512572288513 0.08623699843883514 0.5621251463890076 0.20346494019031525
5 0.5021217465400696 0.47692275047302246 0.10459323227405548 0.5450336933135986 0.22839979827404022
9 0.4929133951663971 0.2757141590118408 0.18441829085350037 0.32336246967315674 0.299764484167099
3 0.47793805599212646 0.6255059242248535 0.7156548500061035 0.70302414894104 0.8434724807739258
9 0.45570775866508484 0.26879850029945374 0.5812745690345764 0.32984885573387146 0.698815643787384
