9 0.9764574766159058 0.3143380582332611 0.5099972486495972 0.3685605823993683 0.6227397918701172
3 0.9750295281410217 0.6003361344337463 0.34068745374679565 0.6495887637138367 0.4497847557067871
6 0.9743483662605286 0.3791002035140991 0.4562297761440277 0.4478690028190613 0.607286810874939
3 0.9727559685707092 0.49623903632164 0.6083592176437378 0.5491790771484375 0.7087591886520386
3 0.9669167399406433 0.5558630228042603 0.5089846253395081 0.6070983409881592 0.6166906952857971
9 0.9352312088012695 0.30959203839302063 0.2528402805328369 0.3597223460674286 0.36179208755493164
9 0.8565182089805603 0.39626896381378174 0.3791092038154602 0.4434623718261719 0.4941553473472595
9 0.8084918856620789 0.4371561110019684 0.4142281115055084 0.4864659011363983 0.5214698314666748
7 0.7911391854286194 0.14816634356975555 0.3282143175601959 0.21719254553318024 0.4933720529079437
1 0.581656813621521 0.6721032857894897 0.3030920624732971 0.7592786550521851 0.4849134683609009
9 0.537743866443634 0.29194727540016174 0.36263594031333923 0.34414443373680115 0.47480276226997375
8 0.4785800874233246 0.3469218313694 0.6169882416725159 0.42253854870796204 0.7562596201896667
2 0.44743359088897705 0.16144520044326782 0.6273818016052246 0.230157732963562 0.78319251537323
0 0.44594889879226685 0.45099562406539917 0.3269105553627014 0.5113051533699036 0.4611600637435913
5 0.40904751420021057 0.25468909740448 0.1151483878493309 0.32370150089263916 0.2472797930240631
1 0.37611716985702515 0.3261205554008484 0.20407801866531372 0.3983573317527771 0.362110435962677
0 0.3326849639415741 0.43205684423446655 0.27401435375213623 0.4940711259841919 0.40222615003585815
3 0.2687200903892517 0.554287850856781 0.5609117746353149 0.6000189185142517 0.6653163433074951
9 0.23225459456443787 0.2799561023712158 0.5586509704589844 0.3440225124359131 0.6850186586380005
6 0.22490032017230988 0.06963720917701721 0.6191728711128235 0.14045533537864685 0.7806124091148376
