8 0.8245999813079834 0.17467069625854492 0.13634519279003143 0.24439263343811035 0.29784446954727173
9 0.7744805216789246 0.3468291461467743 0.3289075493812561 0.3945367634296417 0.42975014448165894
9 0.5781643986701965 0.41214603185653687 0.30302587151527405 0.4499673843383789 0.3942506015300751
9 0.5003610253334045 0.4255249500274658 0.328174352645874 0.4684392809867859 0.4220447540283203
3 0.472017377614975 0.1742841899394989 0.3258112967014313 0.2501938045024872 0.4610649645328522
9 0.4560213088989258 0.33452293276786804 0.1996234655380249 0.3763299286365509 0.3084002733230591
5 0.4265415668487549 0.33285945653915405 0.32899564504623413 0.4284515976905823 0.5119625926017761
5 0.38190528750419617 0.25474393367767334 0.23222622275352478 0.3408411741256714 0.41149869561195374
3 0.37015023827552795 0.24302445352077484 0.27205029129981995 0.2932264506816864 0.3752165734767914
5 0.333916574716568 0.36908411979675293 0.34612005949020386 0.46367359161376953 0.5183595418930054
5 0.22486883401870728 0.3096884787082672 0.34695881605148315 0.39879873394966125 0.5032604932785034
