9 0.9829078912734985 0.3385646641254425 0.5692468881607056 0.39407727122306824 0.6805555820465088
3 0.9258076548576355 0.5328684449195862 0.3740314245223999 0.5838330388069153 0.48848462104797363
9 0.9256453514099121 0.3046821057796478 0.24540682137012482 0.35539570450782776 0.3539268374443054
9 0.9073784947395325 0.2678152918815613 0.4039008617401123 0.3212081789970398 0.5164763927459717
3 0.8832454681396484 0.4905373156070709 0.5954328179359436 0.5445708632469177 0.6978961825370789
7 0.8541879057884216 0.14334434270858765 0.34833651781082153 0.21472352743148804 0.5183963775634766
9 0.7758240103721619 0.2831431031227112 0.6220833659172058 0.35114091634750366 0.7486032843589783
11 0.6713227033615112 0.4477614164352417 0.5256638526916504 0.5151616930961609 0.6573078632354736
1 0.6471261978149414 0.6797552704811096 0.3010973334312439 0.767480194568634 0.4765830636024475
3 0.5209322571754456 0.3828768730163574 0.4990173578262329 0.4324756860733032 0.6032429933547974
3 0.4835192859172821 0.39082586765289307 0.5544224381446838 0.4426482915878296 0.6501252055168152
8 0.46401360630989075 0.38891923427581787 0.668838381767273 0.4674268960952759 0.81773841381073
5 0.39936360716819763 0.2704227864742279 0.10934069007635117 0.3403463661670685 0.2413950264453888
1 0.29210248589515686 0.3461262583732605 0.2019820213317871 0.4165605902671814 0.3583047389984131
3 0.2553189992904663 0.46510711312294006 0.6233009696006775 0.5409563779830933 0.7514808773994446
6 0.2088736891746521 0.07043237239122391 0.6039093136787415 0.14119946956634521 0.7651394009590149
