1 0.975770115852356 0.6865119338035583 0.5702197551727295 0.7763927578926086 0.7588567733764648
3 0.9228450059890747 0.6318797469139099 0.4365023970603943 0.6786163449287415 0.5361946225166321
11 0.921734631061554 0.6398233771324158 0.6570783257484436 0.7083657383918762 0.7821109890937805
9 0.8350793719291687 0.30330273509025574 0.5590304136276245 0.3594881594181061 0.665448784828186
9 0.7987592220306396 0.35011714696884155 0.3057657778263092 0.3994207978248596 0.40732672810554504
5 0.7897461652755737 0.676474392414093 0.7120712995529175 0.7556028962135315 0.8492405414581299
3 0.7716058492660522 0.4776015281677246 0.36470842361450195 0.5251933336257935 0.46602022647857666
3 0.6462639570236206 0.5440822839736938 0.48241379857063293 0.5902732610702515 0.5790648460388184
4 0.5837226510047913 0.5354750156402588 0.3777018189430237 0.6084109544754028 0.5381494164466858
8 0.5599770545959473 0.3774133026599884 0.18614467978477478 0.4447193443775177 0.3368395268917084
2 0.48459377884864807 0.3968140184879303 0.4305077791213989 0.465619832277298 0.5775635242462158
1 0.430719256401062 0.442693829536438 0.37769535183906555 0.5199306011199951 0.5334987640380859
3 0.41296735405921936 0.6021443009376526 0.3197999596595764 0.6460469365119934 0.416995108127594
9 0.3027883470058441 0.32657045125961304 0.1606845259666443 0.3681570887565613 0.2589293122291565
7 0.23711591958999634 0.3569123148918152 0.37767404317855835 0.4300777316093445 0.5413715839385986
8 0.23528392612934113 0.3639240860939026 0.621753454208374 0.4460291266441345 0.7599741220474243
