9 0.9912571310997009 0.26411721110343933 0.6168328523635864 0.3176276981830597 0.7275617122650146
6 0.9761242270469666 0.24526426196098328 0.41803285479545593 0.3069603741168976 0.5526302456855774
5 0.8456490635871887 0.5025462508201599 0.21688632667064667 0.5531168580055237 0.32721367478370667
7 0.8437649011611938 0.37097296118736267 0.339424729347229 0.44181135296821594 0.5115024447441101
9 0.7240726947784424 0.31415796279907227 0.27756619453430176 0.3636760115623474 0.3878335952758789
8 0.7014290690422058 0.14391618967056274 0.1667340099811554 0.21360331773757935 0.3195526897907257
3 0.625981330871582 0.5015334486961365 0.3820442259311676 0.546548068523407 0.48766544461250305
1 0.5040768980979919 0.46757829189300537 0.5130273699760437 0.5420917272567749 0.6827812790870667
9 0.48736247420310974 0.4495077133178711 0.37732040882110596 0.5000718832015991 0.4853377342224121
0 0.36445069313049316 0.3867315948009491 0.20261237025260925 0.4550902545452118 0.35495272278785706
