8 0.8273640871047974 0.17523542046546936 0.1627379208803177 0.24648812413215637 0.3230379819869995
9 0.7515544891357422 0.34317508339881897 0.3417292535305023 0.39107605814933777 0.4438997805118561
9 0.5391851663589478 0.42982205748558044 0.3417927622795105 0.4738292992115021 0.4340163469314575
9 0.5287231206893921 0.41539961099624634 0.31755441427230835 0.4533730149269104 0.40816730260849
9 0.45682451128959656 0.33801817893981934 0.218354731798172 0.3795675039291382 0.3241446912288666
5 0.39680200815200806 0.33946725726127625 0.34377843141555786 0.4331326186656952 0.5243789553642273
3 0.3373517692089081 0.1693500578403473 0.3322603404521942 0.24344393610954285 0.47042521834373474
5 0.31952813267707825 0.25730469822883606 0.24793463945388794 0.3436744511127472 0.42783689498901367
5 0.28193947672843933 0.3797700107097626 0.3616675138473511 0.4736754596233368 0.5269495248794556
3 0.2513967752456665 0.24641163647174835 0.2920604348182678 0.29570144414901733 0.3929281234741211
