11 0.98708176612854 0.17759355902671814 0.7462297081947327 0.2500492036342621 0.8797430396080017
8 0.9835429787635803 0.12373612821102142 0.6067906022071838 0.18851490318775177 0.7303903698921204
6 0.9793171286582947 0.15679511427879333 0.47062402963638306 0.21852728724479675 0.5977708697319031
9 0.9500131607055664 0.40175315737724304 0.7161373496055603 0.4548695385456085 0.8289666771888733
5 0.9270268678665161 0.7473177909851074 0.6979162693023682 0.8332259654998779 0.8202762603759766
3 0.908201277256012 0.5920324325561523 0.2537272572517395 0.6376023292541504 0.3545578122138977
2 0.8942869901657104 0.34418416023254395 0.40925133228302 0.4060249924659729 0.5493788719177246
8 0.8822520971298218 0.33177992701530457 0.2230401337146759 0.39354899525642395 0.3538411557674408
11 0.8698979616165161 0.21107348799705505 0.08178748190402985 0.2564067542552948 0.18899594247341156
3 0.8420898914337158 0.5530750751495361 0.4803931415081024 0.6009800434112549 0.5830193758010864
3 0.8413131237030029 0.4726376533508301 0.3224968910217285 0.5174298286437988 0.4242067337036133
9 0.8349285125732422 0.43329599499702454 0.3098449110984802 0.48123493790626526 0.41489678621292114
6 0.7857937812805176 0.33106595277786255 0.6125771999359131 0.39654165506362915 0.7492649555206299
3 0.7792158126831055 0.6691834330558777 0.38696354627609253 0.7163465619087219 0.49028074741363525
9 0.6756213307380676 0.24329465627670288 0.6127439737319946 0.30168867111206055 0.7254191637039185
9 0.6566024422645569 0.3052716851234436 0.09900423139333725 0.3475130796432495 0.20340588688850403
3 0.6562086939811707 0.47129207849502563 0.1064503937959671 0.511543333530426 0.20587001740932465
9 0.6009447574615479 0.30538666248321533 0.2479940801858902 0.3538094758987427 0.3492068946361542
4 0.5996225476264954 0.48287317156791687 0.3067350685596466 0.5502634048461914 0.45867016911506653
3 0.5241066217422485 0.6078639030456543 0.1611933410167694 0.6476039886474609 0.25714167952537537
