9 0.9728115797042847 0.2659061849117279 0.6004347801208496 0.31901708245277405 0.7087981700897217
9 0.817573070526123 0.4668191373348236 0.4208269715309143 0.5172567963600159 0.5275145173072815
3 0.7741599678993225 0.49957939982414246 0.394778311252594 0.5472723245620728 0.4939357042312622
1 0.739140510559082 0.4996066689491272 0.539323091506958 0.577472984790802 0.710769534111023
9 0.7327550053596497 0.3067169785499573 0.2525330185890198 0.35500526428222656 0.36014634370803833
8 0.6321731805801392 0.15133848786354065 0.17953801155090332 0.2207847535610199 0.3308678865432739
4 0.464842289686203 0.5256173610687256 0.38615882396698 0.5911968946456909 0.5404037237167358
9 0.2735762298107147 0.22293326258659363 0.6294916272163391 0.29352548718452454 0.7589600682258606
7 0.2692664861679077 0.3944050669670105 0.4763607978820801 0.471998393535614 0.6335153579711914
3 0.22144176065921783 0.6001617312431335 0.3566291928291321 0.64256352186203 0.44804948568344116
0 0.2133839875459671 0.3738129138946533 0.23018354177474976 0.4447914958000183 0.39250296354293823
