8 0.8224264979362488 0.17467939853668213 0.12968283891677856 0.2442307472229004 0.2911444902420044
9 0.7472320795059204 0.34419479966163635 0.30760324001312256 0.39278730750083923 0.4097592830657959
9 0.541170060634613 0.41387587785720825 0.2859596610069275 0.45209813117980957 0.37747085094451904
9 0.4602772295475006 0.4266979694366455 0.29874101281166077 0.46991240978240967 0.3936675488948822
9 0.4519091546535492 0.3344111144542694 0.18822261691093445 0.37633398175239563 0.29689207673072815
3 0.43730857968330383 0.17458200454711914 0.31610530614852905 0.24885296821594238 0.45138829946517944
5 0.40614694356918335 0.33395081758499146 0.3086691200733185 0.4278736710548401 0.49060842394828796
5 0.347051203250885 0.2556959390640259 0.21762900054454803 0.3404829502105713 0.39603233337402344
3 0.3399827778339386 0.24202391505241394 0.26475095748901367 0.2925422489643097 0.3691169023513794
5 0.2848118245601654 0.37287184596061707 0.3192594647407532 0.46380993723869324 0.4918224811553955
