8 0.8083563446998596 0.17123375833034515 0.14536413550376892 0.2420864850282669 0.3069564998149872
9 0.7620149254798889 0.3453550338745117 0.3296824097633362 0.39290177822113037 0.42993587255477905
9 0.589128315448761 0.40880095958709717 0.30797359347343445 0.44645196199417114 0.3987298309803009
9 0.5344118475914001 0.41899940371513367 0.32720422744750977 0.4622969925403595 0.4212970733642578
3 0.4495566189289093 0.1701379418373108 0.33140814304351807 0.24664956331253052 0.4675338864326477
9 0.44163453578948975 0.334330677986145 0.20583820343017578 0.3757550120353699 0.31316709518432617
5 0.4173712432384491 0.3290659189224243 0.3367600739002228 0.42493218183517456 0.519679605960846
5 0.3583148717880249 0.25161927938461304 0.23887890577316284 0.33872950077056885 0.4195548892021179
3 0.34454038739204407 0.2445710301399231 0.27816471457481384 0.2948352098464966 0.379961758852005
5 0.3105565905570984 0.36082911491394043 0.3485392928123474 0.45536118745803833 0.5197667479515076
