3 0.9945761561393738 0.6242872476577759 0.7331315279006958 0.6836981773376465 0.8382147550582886
11 0.9696213006973267 0.16214340925216675 0.7521401047706604 0.23214811086654663 0.8859226107597351
1 0.9552587270736694 0.7330374717712402 0.3779803514480591 0.8244118690490723 0.5481335520744324
6 0.9539129734039307 0.15020155906677246 0.4853138029575348 0.21392077207565308 0.6174056529998779
0 0.9472021460533142 0.7058308720588684 0.6199219226837158 0.7745416760444641 0.7585787773132324
8 0.9413851499557495 0.3054087162017822 0.24886944890022278 0.3655359745025635 0.3785500228404999
8 0.9239439964294434 0.12482650578022003 0.5875040888786316 0.18903933465480804 0.7092605233192444
11 0.9022870063781738 0.19718128442764282 0.07136213034391403 0.2423485517501831 0.17846769094467163
9 0.8969215154647827 0.39732465147972107 0.7341816425323486 0.4454445540904999 0.8370436429977417
9 0.8949733376502991 0.2984037399291992 0.425529420375824 0.3421602249145508 0.5299016833305359
5 0.8556572198867798 0.7841659188270569 0.7028602361679077 0.8625237345695496 0.8294954299926758
3 0.8159483075141907 0.5907573103904724 0.6569247841835022 0.6412467360496521 0.7589804530143738
3 0.657741367816925 0.5949398279190063 0.2536385953426361 0.6401817798614502 0.35323289036750793
3 0.6330490112304688 0.6836484670639038 0.5012214183807373 0.7290383577346802 0.599380612373352
9 0.5935139656066895 0.24240244925022125 0.6149601340293884 0.30129513144493103 0.7257323861122131
2 0.5758026242256165 0.3238064646720886 0.4131283760070801 0.387040913105011 0.551114559173584
7 0.572792649269104 0.1889823079109192 0.36541977524757385 0.2592511773109436 0.528815746307373
9 0.5710981488227844 0.28432294726371765 0.25519561767578125 0.3334031403064728 0.3572148084640503
9 0.4825235605239868 0.28728753328323364 0.5306018590927124 0.3335103988647461 0.632860541343689
3 0.46600842475891113 0.6115503907203674 0.17140862345695496 0.6525846123695374 0.26663294434547424
