8 0.8147994875907898 0.17720484733581543 0.13726288080215454 0.24725860357284546 0.29862159490585327
9 0.7679458260536194 0.3482099771499634 0.3291712701320648 0.39583778381347656 0.4298599064350128
9 0.5495827198028564 0.41556841135025024 0.3019810616970062 0.45328593254089355 0.39271417260169983
9 0.4993274509906769 0.42764782905578613 0.32889366149902344 0.47065073251724243 0.42264193296432495
9 0.4464249610900879 0.338176429271698 0.19992172718048096 0.379771888256073 0.3080019950866699
3 0.44113579392433167 0.17534884810447693 0.3236948549747467 0.2508871257305145 0.45986875891685486
5 0.41308924555778503 0.3357996642589569 0.32615143060684204 0.4313329756259918 0.5095722675323486
5 0.35526785254478455 0.2579159140586853 0.23051366209983826 0.34411531686782837 0.4103662073612213
3 0.3477036952972412 0.24501276016235352 0.27233701944351196 0.2950359582901001 0.37537819147109985
5 0.3237784206867218 0.370502233505249 0.34756916761398315 0.464809775352478 0.5192816853523254
5 0.21516479551792145 0.310079425573349 0.3477797210216522 0.3989715874195099 0.5039739012718201
6 0.21253839135169983 0.1153218150138855 0.5776788592338562 0.1826581358909607 0.7311052680015564
