9 0.9589645266532898 0.2730749249458313 0.599753737449646 0.3247728943824768 0.7052652835845947
1 0.9089897871017456 0.6554610729217529 0.5711740851402283 0.7388216257095337 0.7371857762336731
5 0.834846556186676 0.7395820617675781 0.7058817148208618 0.8214677572250366 0.8268865346908569
9 0.7833659648895264 0.21651704609394073 0.6388975977897644 0.2899467945098877 0.770651638507843
9 0.7215448617935181 0.37096720933914185 0.2644447386264801 0.42227703332901 0.3729923665523529
3 0.6816472411155701 0.5514107942581177 0.5171577334403992 0.599040150642395 0.6187885403633118
2 0.663577139377594 0.4267423450946808 0.44591325521469116 0.4935642182826996 0.5882673859596252
9 0.6520863771438599 0.45289134979248047 0.34449830651283264 0.4998466372489929 0.45493820309638977
3 0.6238667964935303 0.565201461315155 0.3582170605659485 0.6092049479484558 0.4506937265396118
11 0.5561238527297974 0.13422642648220062 0.30513256788253784 0.19453097879886627 0.4288904070854187
9 0.5332390069961548 0.29935625195503235 0.27643290162086487 0.3499710261821747 0.38847002387046814
10 0.4784333407878876 0.37939250469207764 0.3587496280670166 0.4458961486816406 0.5130384564399719
4 0.43203508853912354 0.502010703086853 0.3502182364463806 0.5686596632003784 0.5039575099945068
11 0.3801429271697998 0.5552074909210205 0.6533154249191284 0.638405442237854 0.793921947479248
3 0.3157877027988434 0.47626614570617676 0.3689158856868744 0.5212954878807068 0.46698954701423645
7 0.20503588020801544 0.2520623505115509 0.38954663276672363 0.3236437737941742 0.5599499344825745
