3 0.9948202967643738 0.5162698030471802 0.5708373785018921 0.5716580152511597 0.6826189756393433
2 0.9778006672859192 0.509302020072937 0.35507795214653015 0.5684150457382202 0.48762503266334534
3 0.9717374444007874 0.46516185998916626 0.6624909043312073 0.5216939449310303 0.7681226134300232
6 0.9519944190979004 0.25583145022392273 0.4225204288959503 0.31920871138572693 0.5685243606567383
3 0.9248898029327393 0.6379917860031128 0.6966089606285095 0.6931174993515015 0.7935519814491272
0 0.9057793021202087 0.5081312656402588 0.2042095959186554 0.5695328712463379 0.34675511717796326
6 0.883389949798584 0.12418776750564575 0.09918516874313354 0.18863070011138916 0.24092286825180054
3 0.8524895310401917 0.4417228698730469 0.3213672339916229 0.4870132803916931 0.4314245283603668
3 0.8446434736251831 0.5748359560966492 0.36674225330352783 0.6266135573387146 0.4733201265335083
9 0.8116267323493958 0.24464720487594604 0.6587523221969604 0.3018576502799988 0.773469090461731
3 0.6949633955955505 0.5066848397254944 0.5517504215240479 0.558081328868866 0.6612341403961182
3 0.6458265781402588 0.4027903974056244 0.27600446343421936 0.4511776864528656 0.3772558867931366
9 0.6364617943763733 0.46081018447875977 0.1437167227268219 0.5065171718597412 0.2475215494632721
9 0.6059184074401855 0.27932649850845337 0.2068995237350464 0.3256550431251526 0.3186774253845215
9 0.5251653790473938 0.2767566740512848 0.3698691129684448 0.32537052035331726 0.4766196608543396
6 0.5085001587867737 0.14257998764514923 0.4148052930831909 0.21407698094844818 0.5736241340637207
1 0.5082191228866577 0.6466922760009766 0.3876887559890747 0.7377715110778809 0.5664843916893005
5 0.49836117029190063 0.5236383676528931 0.08055379986763 0.5732675790786743 0.20826312899589539
3 0.49219346046447754 0.4497033655643463 0.7050043940544128 0.5197426080703735 0.8247966170310974
11 0.41843950748443604 0.18561118841171265 0.05297592282295227 0.22842931747436523 0.16930505633354187
