9 0.9944383502006531 0.4027893841266632 0.34759363532066345 0.44873902201652527 0.46502384543418884
3 0.9818889498710632 0.5983120799064636 0.34739866852760315 0.6476033329963684 0.45723363757133484
3 0.9742739796638489 0.49532806873321533 0.6103096604347229 0.5478712320327759 0.7100360989570618
3 0.9728989601135254 0.5561399459838867 0.511785089969635 0.6070048809051514 0.6188485026359558
9 0.9704919457435608 0.31951797008514404 0.50754314661026 0.3736363649368286 0.6194759011268616
6 0.9480276107788086 0.3893558084964752 0.4356255829334259 0.4580741822719574 0.5938303470611572
9 0.9036134481430054 0.298650324344635 0.241409033536911 0.3487323522567749 0.3512038290500641
7 0.814375638961792 0.14105577766895294 0.32472389936447144 0.21084021031856537 0.4894545078277588
3 0.7743449807167053 0.3994920253753662 0.262798935174942 0.4490124583244324 0.37520667910575867
1 0.6059815287590027 0.6560488939285278 0.33035820722579956 0.7443026304244995 0.5150080323219299
8 0.48522958159446716 0.34862080216407776 0.6105794906616211 0.4246428906917572 0.7504279613494873
9 0.4722910523414612 0.29040032625198364 0.3630903661251068 0.34119927883148193 0.4752793610095978
0 0.4697948396205902 0.46417349576950073 0.282909095287323 0.5208841562271118 0.42244166135787964
2 0.42962223291397095 0.16314253211021423 0.6277483105659485 0.23182323575019836 0.7836644053459167
5 0.38457563519477844 0.25802528858184814 0.11679386347532272 0.32693105936050415 0.24850821495056152
1 0.34012553095817566 0.32371383905410767 0.1895132064819336 0.3950929045677185 0.3517935276031494
3 0.30833691358566284 0.5588430762290955 0.562272846698761 0.6041539311408997 0.6661408543586731
9 0.2323635369539261 0.28532567620277405 0.5549535751342773 0.3499566614627838 0.6835343837738037
6 0.2172636091709137 0.06988842040300369 0.6218738555908203 0.1410987377166748 0.7829761505126953
3 0.2065018117427826 0.4386935830116272 0.648130476474762 0.5202498435974121 0.7719417214393616
