1 0.989587664604187 0.673271656036377 0.38125160336494446 0.7767345905303955 0.5777500867843628
9 0.9684070944786072 0.3567805290222168 0.5608524680137634 0.41244375705718994 0.6708484292030334
3 0.9564782381057739 0.49731919169425964 0.5935831069946289 0.5527884364128113 0.698488712310791
3 0.9521494507789612 0.36154329776763916 0.4832362234592438 0.4139765501022339 0.592266857624054
3 0.9489361643791199 0.482915997505188 0.6455273628234863 0.55933678150177 0.7671444416046143
9 0.9276834726333618 0.3303443193435669 0.6234939098358154 0.3985656499862671 0.7501068115234375
9 0.8692932724952698 0.296188086271286 0.4013417661190033 0.3519931137561798 0.51102215051651
3 0.8531368374824524 0.4689531624317169 0.4120005667209625 0.5197145938873291 0.5209872722625732
5 0.8510377407073975 0.22173896431922913 0.201002299785614 0.2822217643260956 0.32597029209136963
6 0.8438372015953064 0.15098930895328522 0.14885058999061584 0.20992855727672577 0.2943597733974457
5 0.8320779204368591 0.25539419054985046 0.1463976502418518 0.3003404438495636 0.2737436890602112
11 0.6563498377799988 0.4697202444076538 0.5161723494529724 0.5299419164657593 0.6437568068504333
6 0.4852219820022583 0.16824722290039062 0.41735655069351196 0.2355993390083313 0.5729436278343201
11 0.44163140654563904 0.5827315449714661 0.2819136679172516 0.6556653380393982 0.40037664771080017
3 0.30890047550201416 0.44862768054008484 0.46625518798828125 0.5285345315933228 0.5935633182525635
11 0.23032452166080475 0.21630358695983887 0.1010577380657196 0.2572293281555176 0.2228517234325409
6 0.21607671678066254 0.06869368255138397 0.5983121395111084 0.13946212828159332 0.7586269378662109
