8 0.8110781908035278 0.17251788079738617 0.14589762687683105 0.24334432184696198 0.30729174613952637
9 0.7555656433105469 0.3458913564682007 0.3362668752670288 0.3933688998222351 0.4363137483596802
9 0.5834253430366516 0.4110143482685089 0.30910196900367737 0.4487217366695404 0.39976832270622253
9 0.5238400101661682 0.42169860005378723 0.3364424407482147 0.4649660885334015 0.42997029423713684
3 0.452373743057251 0.1712348312139511 0.33203452825546265 0.247946634888649 0.4683414697647095
9 0.44720789790153503 0.336100697517395 0.20699909329414368 0.3775641918182373 0.314584344625473
5 0.423814058303833 0.33148428797721863 0.3379850387573242 0.42753079533576965 0.5207798480987549
5 0.36391183733940125 0.2536769211292267 0.2400086522102356 0.3406258523464203 0.4203642010688782
3 0.3561975359916687 0.24516764283180237 0.2795548439025879 0.2949826419353485 0.3810732364654541
5 0.33669888973236084 0.36411669850349426 0.3565409481525421 0.4592573344707489 0.5269874930381775
5 0.21913181245326996 0.30451202392578125 0.3551386594772339 0.39416569471359253 0.5118106603622437
