9 0.9936360716819763 0.4019877314567566 0.34235185384750366 0.4482194781303406 0.46032559871673584
3 0.9927648901939392 0.5214082598686218 0.5341651439666748 0.5768762230873108 0.6453428268432617
3 0.9885022640228271 0.5457094311714172 0.36669281125068665 0.5946744084358215 0.47783270478248596
1 0.9870551228523254 0.6866918802261353 0.3116285800933838 0.7745702266693115 0.4999964237213135
3 0.9869800806045532 0.4918765425682068 0.6274096369743347 0.5477333664894104 0.7322352528572083
9 0.9820258617401123 0.3202503025531769 0.5225445628166199 0.37609240412712097 0.6352184414863586
6 0.9531658887863159 0.3710295855998993 0.4380400478839874 0.439981609582901 0.5959873199462891
9 0.8754401206970215 0.2959444522857666 0.20539411902427673 0.3468945026397705 0.3164011538028717
3 0.8726122975349426 0.39826253056526184 0.2486388385295868 0.4496692717075348 0.36368265748023987
7 0.8129025101661682 0.14832477271556854 0.3023381233215332 0.21928389370441437 0.4814457297325134
9 0.7759962677955627 0.2880804240703583 0.3519178330898285 0.3390655815601349 0.4658243954181671
2 0.6247504353523254 0.16582706570625305 0.6387708783149719 0.23528459668159485 0.7947911620140076
0 0.5004664659500122 0.4493339955806732 0.23766112327575684 0.5077061653137207 0.36158204078674316
0 0.39111629128456116 0.44320422410964966 0.28601589798927307 0.5014209747314453 0.4309552013874054
9 0.3693575859069824 0.28364667296409607 0.5759841799736023 0.3478398621082306 0.6991938948631287
3 0.3634015917778015 0.45355382561683655 0.6786977648735046 0.5273473858833313 0.797680675983429
8 0.33100640773773193 0.13960018754005432 0.11321835964918137 0.2049531638622284 0.2566244602203369
9 0.26730266213417053 0.35096442699432373 0.4148806035518646 0.4170001745223999 0.5358614921569824
1 0.2486828863620758 0.324127733707428 0.2070474475622177 0.39825671911239624 0.36798059940338135
6 0.20778892934322357 0.07154536247253418 0.6431665420532227 0.14123988151550293 0.8049067258834839
