8 0.846537172794342 0.1762847751379013 0.12474416941404343 0.24520696699619293 0.28597408533096313
9 0.7363178730010986 0.35907167196273804 0.3133542537689209 0.4072086215019226 0.4173210859298706
9 0.5686811208724976 0.4140631854534149 0.27667322754859924 0.4533667266368866 0.3700169026851654
9 0.4693257510662079 0.3349322974681854 0.17832230031490326 0.37789419293403625 0.2888815999031067
5 0.4636828899383545 0.43656235933303833 0.308019757270813 0.48017972707748413 0.40298980474472046
5 0.41387975215911865 0.3366817831993103 0.3003471791744232 0.42873823642730713 0.4787183105945587
3 0.3600693941116333 0.18580684065818787 0.3215869069099426 0.25690773129463196 0.4592092037200928
5 0.33857789635658264 0.38923171162605286 0.3267122805118561 0.48069754242897034 0.49381133913993835
5 0.3294411599636078 0.25769200921058655 0.210190087556839 0.3407614529132843 0.38566073775291443
3 0.2594567835330963 0.2468428611755371 0.2653317451477051 0.29658329486846924 0.37089258432388306
