8 0.9860348105430603 0.11428513377904892 0.5954282283782959 0.1798987090587616 0.731264591217041
9 0.9522220492362976 0.39710816740989685 0.6825281381607056 0.4512474238872528 0.8032447099685669
11 0.9415571689605713 0.1673126518726349 0.7138333320617676 0.2418348491191864 0.8524986505508423
2 0.9409628510475159 0.3582541346549988 0.3962036967277527 0.4206392765045166 0.5349346399307251
8 0.9237855076789856 0.41264915466308594 0.18301589787006378 0.4733104109764099 0.33805686235427856
5 0.9210642576217651 0.7231348156929016 0.6988561153411865 0.8098495602607727 0.82196044921875
6 0.9188801646232605 0.3276427984237671 0.6036723852157593 0.39188361167907715 0.7386457920074463
3 0.9110212326049805 0.581920325756073 0.27062058448791504 0.6290279030799866 0.3732478618621826
3 0.8564414978027344 0.5542694330215454 0.47810396552085876 0.6020355224609375 0.5813000202178955
9 0.8449681401252747 0.24866077303886414 0.5927001237869263 0.30887529253959656 0.7065973281860352
11 0.8293501138687134 0.21189811825752258 0.08898289501667023 0.25856128334999084 0.19723205268383026
9 0.8280805945396423 0.3155681788921356 0.24118036031723022 0.3657696545124054 0.3477785587310791
3 0.7930692434310913 0.4573063254356384 0.3190988302230835 0.5022099018096924 0.42517566680908203
3 0.7593909502029419 0.6621044874191284 0.3955187499523163 0.7089271545410156 0.4995429813861847
9 0.7409420609474182 0.4369097352027893 0.3167174458503723 0.4863285422325134 0.42541247606277466
10 0.695134162902832 0.37452957034111023 0.3062807321548462 0.44582751393318176 0.4628105163574219
9 0.6874511241912842 0.30461302399635315 0.10060668736696243 0.3497881591320038 0.20603346824645996
1 0.6752172708511353 0.7340242266654968 0.47552019357681274 0.8299346566200256 0.6538347601890564
4 0.6018487215042114 0.47518467903137207 0.30609583854675293 0.5447193384170532 0.4601304531097412
3 0.4741450250148773 0.4371108412742615 0.12553028762340546 0.4773608446121216 0.22413410246372223
