8 0.822539746761322 0.17114472389221191 0.12744510173797607 0.24013113975524902 0.2884637117385864
9 0.7789676785469055 0.3372497856616974 0.30770254135131836 0.3856881558895111 0.41012680530548096
9 0.6049391031265259 0.40910422801971436 0.27837494015693665 0.44827163219451904 0.37109068036079407
9 0.4731903374195099 0.42207783460617065 0.3009278178215027 0.46526771783828735 0.39644402265548706
9 0.4644198417663574 0.3294093608856201 0.1863689422607422 0.37210774421691895 0.29534560441970825
3 0.42143282294273376 0.16846336424350739 0.31284570693969727 0.24248330295085907 0.44745367765426636
5 0.3954335153102875 0.33266687393188477 0.30065271258354187 0.42460596561431885 0.4792587459087372
5 0.3403474688529968 0.25206461548805237 0.21357327699661255 0.3354503810405731 0.39003652334213257
3 0.3145692050457001 0.2354516088962555 0.25862234830856323 0.2863386571407318 0.3639791011810303
5 0.27192598581314087 0.3716828525066376 0.31413018703460693 0.4609743058681488 0.48621034622192383
6 0.24798354506492615 0.30186402797698975 0.3225797712802887 0.38762789964675903 0.4783848226070404
