3 0.9860270619392395 0.6008970141410828 0.5266304612159729 0.6492035984992981 0.6384190917015076
0 0.972847044467926 0.36909493803977966 0.2021723985671997 0.43584391474723816 0.34899675846099854
8 0.9709073305130005 0.16444942355155945 0.18570971488952637 0.23300710320472717 0.341999888420105
9 0.9672619104385376 0.3193524181842804 0.5269673466682434 0.375254362821579 0.6373539566993713
1 0.8599225282669067 0.6088579297065735 0.35928237438201904 0.6951064467430115 0.5377191305160522
3 0.8404615521430969 0.46840590238571167 0.3907029628753662 0.5202096700668335 0.4942637085914612
6 0.6929085850715637 0.45078742504119873 0.13896293938159943 0.5218283534049988 0.29113703966140747
2 0.6898455619812012 0.49174612760543823 0.6590070724487305 0.5715007185935974 0.8015321493148804
0 0.5001206994056702 0.43245309591293335 0.5265145301818848 0.5019282698631287 0.6460552215576172
3 0.4826276898384094 0.342783123254776 0.2745438516139984 0.38849279284477234 0.3745335638523102
5 0.39501819014549255 0.5274693369865417 0.30658775568008423 0.5976079106330872 0.4311758875846863
0 0.29227861762046814 0.4099940061569214 0.4383447766304016 0.4870918393135071 0.575778067111969
6 0.2505095899105072 0.18801453709602356 0.40988394618034363 0.2601466476917267 0.5721967220306396
8 0.23404507339000702 0.3726886510848999 0.17322269082069397 0.41584551334381104 0.2745817005634308
0 0.2216949611902237 0.4449070692062378 0.6011487245559692 0.5175257921218872 0.7373173236846924
6 0.2060723751783371 0.09213623404502869 0.6169585585594177 0.16387036442756653 0.7766843438148499
