9 0.9977120161056519 0.3075536787509918 0.5328969359397888 0.36547037959098816 0.6489152312278748
8 0.9643628001213074 0.16010190546512604 0.16746921837329865 0.2299126237630844 0.32824182510375977
0 0.9543055295944214 0.36579906940460205 0.19554704427719116 0.4330977201461792 0.34126442670822144
3 0.9500678777694702 0.5899986028671265 0.48496103286743164 0.6342908143997192 0.5863686800003052
3 0.8307415843009949 0.4709379971027374 0.3954131603240967 0.52236008644104 0.4985414743423462
6 0.7395538687705994 0.4643193483352661 0.13113516569137573 0.5324949026107788 0.28089356422424316
1 0.6754748225212097 0.638455867767334 0.3249829411506653 0.7173089981079102 0.4983227849006653
5 0.4777800738811493 0.5316194891929626 0.2671750485897064 0.6014087796211243 0.38986340165138245
0 0.4523806571960449 0.42992374300956726 0.5407461524009705 0.5002972483634949 0.6599003672599792
3 0.4421278238296509 0.34600889682769775 0.2629780173301697 0.3935789465904236 0.364402711391449
6 0.41187214851379395 0.1713247299194336 0.38688796758651733 0.2435125708580017 0.5487960577011108
0 0.29713863134384155 0.40660905838012695 0.45412155985832214 0.4818875193595886 0.5913097858428955
1 0.25037217140197754 0.6591541171073914 0.40750059485435486 0.7540416121482849 0.5867394208908081
6 0.2174282819032669 0.07777251303195953 0.6076191067695618 0.14937297999858856 0.765221893787384
9 0.21542857587337494 0.2595197558403015 0.5762826204299927 0.32962942123413086 0.6887414455413818
