1 0.9897899627685547 0.679820716381073 0.3755301535129547 0.7821421027183533 0.5715733766555786
9 0.9786646962165833 0.34536314010620117 0.56123286485672 0.4020633101463318 0.6723222136497498
3 0.966154932975769 0.38578924536705017 0.47878745198249817 0.4374655783176422 0.5871139168739319
9 0.9588609337806702 0.3195751905441284 0.6293438673019409 0.3879013657569885 0.7516266107559204
3 0.9510687589645386 0.49729597568511963 0.5988945960998535 0.5536391735076904 0.705471396446228
3 0.9502020478248596 0.4855215549468994 0.6505307555198669 0.5604780912399292 0.7705740332603455
3 0.9029033184051514 0.48485660552978516 0.37917375564575195 0.5356173515319824 0.4907330274581909
5 0.8465197086334229 0.27417534589767456 0.1725890040397644 0.32581132650375366 0.30171966552734375
5 0.8407340049743652 0.2417057305574417 0.2329157143831253 0.304948627948761 0.36060506105422974
9 0.8265330195426941 0.290507048368454 0.3889070451259613 0.3472365438938141 0.4995916187763214
11 0.6424059271812439 0.5104127526283264 0.49436506628990173 0.5748448967933655 0.6170444488525391
11 0.4089777171611786 0.6107132434844971 0.26923951506614685 0.6811038255691528 0.3887501657009125
7 0.341097354888916 0.15510091185569763 0.3685656189918518 0.2219729721546173 0.5274222493171692
6 0.2719864547252655 0.4676729440689087 0.49954527616500854 0.5330907106399536 0.6385225653648376
6 0.23315264284610748 0.36588627099990845 0.2530115842819214 0.4400814175605774 0.4041496515274048
6 0.20760464668273926 0.06621282547712326 0.6006748676300049 0.13737308979034424 0.7610436677932739
