8 0.7965105175971985 0.16937299072742462 0.13439390063285828 0.23995457589626312 0.29600265622138977
9 0.7887132167816162 0.3428303301334381 0.31322798132896423 0.3912217319011688 0.41486576199531555
9 0.613566517829895 0.41172224283218384 0.2845335006713867 0.45030516386032104 0.3762398958206177
9 0.4776935279369354 0.4307245910167694 0.30992621183395386 0.4735691249370575 0.4043019413948059
9 0.4682636559009552 0.332040399312973 0.19280186295509338 0.37430521845817566 0.3005508482456207
3 0.41702473163604736 0.16472354531288147 0.31744375824928284 0.2406313717365265 0.4530088007450104
5 0.3854556977748871 0.33606594800949097 0.30762723088264465 0.42989879846572876 0.4888429343700409
5 0.3184055984020233 0.2546035945415497 0.21920961141586304 0.3396507799625397 0.39759331941604614
3 0.2936767637729645 0.23637938499450684 0.2642872631549835 0.28725099563598633 0.36820998787879944
5 0.2731929123401642 0.3797203302383423 0.32119956612586975 0.47044825553894043 0.4952446520328522
6 0.27149319648742676 0.30587038397789 0.32769152522087097 0.3936968147754669 0.4845609962940216
