3 0.9917694926261902 0.6269785761833191 0.7185476422309875 0.6860242486000061 0.8232704997062683
1 0.9659878611564636 0.7330794930458069 0.3839491307735443 0.8250319361686707 0.5550044775009155
8 0.9559922814369202 0.11222878098487854 0.6251844167709351 0.17316821217536926 0.7503247261047363
6 0.9187827706336975 0.15400287508964539 0.49675676226615906 0.21264836192131042 0.6297674179077148
0 0.9165326952934265 0.7050559520721436 0.6052964925765991 0.7736879587173462 0.7465471029281616
11 0.8957691788673401 0.1620779186487198 0.7531387209892273 0.23178713023662567 0.8918065428733826
5 0.8385170102119446 0.7874047756195068 0.6931429505348206 0.8656985759735107 0.8193840384483337
3 0.8083371520042419 0.6009855270385742 0.6383732557296753 0.6525955200195312 0.7419803142547607
9 0.7582261562347412 0.31423646211624146 0.42634621262550354 0.3569110035896301 0.5280386209487915
9 0.7324073910713196 0.391985684633255 0.7132903337478638 0.4396531283855438 0.8158754110336304
2 0.7277690172195435 0.5765237808227539 0.501300573348999 0.6440532207489014 0.6383397579193115
9 0.6953795552253723 0.21223866939544678 0.6525817513465881 0.27160221338272095 0.7664621472358704
3 0.682132363319397 0.6864436864852905 0.48616349697113037 0.7315701246261597 0.5832849740982056
5 0.6681516170501709 0.6735861897468567 0.11152423918247223 0.7176616787910461 0.2099631279706955
11 0.6044549942016602 0.22082677483558655 0.10480718314647675 0.26323047280311584 0.2058832198381424
4 0.598883867263794 0.7222169637680054 0.2937226891517639 0.810179591178894 0.4441576600074768
3 0.5872317552566528 0.6002073287963867 0.27857980132102966 0.6435635089874268 0.37481215596199036
3 0.5707342624664307 0.6102144718170166 0.20223379135131836 0.6510368585586548 0.2951098680496216
9 0.5489780902862549 0.2845809757709503 0.5146334767341614 0.3313346803188324 0.6207152009010315
3 0.5426988005638123 0.6126871705055237 0.1100945770740509 0.6522628664970398 0.2061498463153839
