8 0.8105449080467224 0.15509676933288574 0.14027473330497742 0.22575610876083374 0.30279502272605896
9 0.7972181439399719 0.3325636386871338 0.31866663694381714 0.380129873752594 0.41914016008377075
9 0.6575067043304443 0.4014810025691986 0.29388225078582764 0.44001445174217224 0.38570690155029297
9 0.5017207264900208 0.42211705446243286 0.31597644090652466 0.4643319249153137 0.40977585315704346
9 0.4897671937942505 0.32107576727867126 0.19905690848827362 0.36310234665870667 0.30665215849876404
3 0.4308229982852936 0.1551247537136078 0.32790690660476685 0.23217293620109558 0.46372687816619873
5 0.40793323516845703 0.3211785852909088 0.3233100175857544 0.4151550233364105 0.5039405822753906
5 0.3636542856693268 0.6985308527946472 0.6955834627151489 0.7814748883247375 0.8273578882217407
5 0.34532517194747925 0.23942802846431732 0.22942912578582764 0.3251124620437622 0.40831953287124634
6 0.31002041697502136 0.2899611294269562 0.3333524763584137 0.3793279230594635 0.4929472506046295
3 0.3023560345172882 0.2293172925710678 0.2693139314651489 0.2798383831977844 0.3725946545600891
5 0.28640633821487427 0.3658715486526489 0.3288770318031311 0.45764243602752686 0.5056359171867371
