6 0.9988453984260559 0.2619263529777527 0.42579957842826843 0.3256201148033142 0.5593388080596924
3 0.9955358505249023 0.5398840308189392 0.5493955612182617 0.5941545367240906 0.6602437496185303
3 0.9813789129257202 0.4726177155971527 0.6458263993263245 0.5297728180885315 0.7514086365699768
3 0.9722371697425842 0.4067918062210083 0.27472802996635437 0.45621442794799805 0.38371458649635315
3 0.9313513040542603 0.6440478563308716 0.6890087723731995 0.6995500326156616 0.7871783375740051
3 0.879202127456665 0.5492714643478394 0.3767639994621277 0.5987628698348999 0.48272520303726196
6 0.8539940118789673 0.12174640595912933 0.0900963619351387 0.18660570681095123 0.2334650754928589
2 0.7645062804222107 0.3827741742134094 0.3605208694934845 0.44329243898391724 0.507614254951477
9 0.7581909894943237 0.2895088791847229 0.33353909850120544 0.3391802906990051 0.44082096219062805
9 0.7373778223991394 0.30402499437332153 0.548112154006958 0.3604317307472229 0.6590417623519897
0 0.6997623443603516 0.49563705921173096 0.21204078197479248 0.5542899370193481 0.3459991216659546
9 0.6432400345802307 0.4571533203125 0.13383148610591888 0.5046997666358948 0.2415113002061844
1 0.6421538591384888 0.6354073286056519 0.41304251551628113 0.726375937461853 0.5833399295806885
9 0.5626991391181946 0.2915590703487396 0.4381222426891327 0.34424999356269836 0.5462616682052612
3 0.5252190828323364 0.45059531927108765 0.6935572028160095 0.5210309624671936 0.8125482201576233
9 0.48140501976013184 0.2768966555595398 0.1846386194229126 0.32477647066116333 0.2990603446960449
5 0.46555817127227783 0.5316922664642334 0.09128009527921677 0.580417275428772 0.20477205514907837
3 0.45257824659347534 0.6276944875717163 0.7089618444442749 0.7050132751464844 0.8370374441146851
9 0.4258621037006378 0.2621985375881195 0.5869913697242737 0.3242170512676239 0.7057341933250427
5 0.3998633623123169 0.465559184551239 0.22991135716438293 0.5348036885261536 0.35436806082725525
