8 0.8241108059883118 0.17029525339603424 0.14344751834869385 0.24056898057460785 0.30494070053100586
9 0.7519327402114868 0.3395826518535614 0.33159375190734863 0.3867277204990387 0.4315214157104492
9 0.5917712450027466 0.4077785611152649 0.3097594380378723 0.4454212784767151 0.40056276321411133
9 0.5194741487503052 0.41156286001205444 0.33047953248023987 0.4543294906616211 0.42405787110328674
3 0.4646865725517273 0.17230495810508728 0.3317166566848755 0.2493758499622345 0.46734142303466797
9 0.4472375214099884 0.33242082595825195 0.2064361572265625 0.3739467263221741 0.3143833875656128
5 0.42250290513038635 0.3278929889202118 0.3383365869522095 0.4239671528339386 0.5215643048286438
3 0.37481698393821716 0.245000422000885 0.2780296206474304 0.29524683952331543 0.3798596262931824
5 0.36970388889312744 0.2503643333911896 0.24017685651779175 0.33726581931114197 0.4206838011741638
6 0.23361533880233765 0.29671770334243774 0.35018444061279297 0.3865244388580322 0.5083746910095215
