8 0.8225430846214294 0.17694804072380066 0.1291584074497223 0.24643924832344055 0.2904110848903656
9 0.759300172328949 0.34767669439315796 0.3129329979419708 0.39589232206344604 0.4145910441875458
9 0.5495038032531738 0.415488600730896 0.2847626507282257 0.4540013074874878 0.37644562125205994
9 0.4591239094734192 0.4266359210014343 0.30303019285202026 0.4698353409767151 0.39805418252944946
9 0.4554442763328552 0.3359232544898987 0.1890210658311844 0.3779931664466858 0.2974473237991333
3 0.4354362487792969 0.558639645576477 0.5539256930351257 0.6100207567214966 0.6484525799751282
3 0.42836570739746094 0.17592421174049377 0.31352561712265015 0.2504165470600128 0.4488428831100464
5 0.3996165990829468 0.3363284170627594 0.30634474754333496 0.4296734035015106 0.4873420000076294
5 0.3351758122444153 0.2573044002056122 0.2171632945537567 0.34190788865089417 0.39515140652656555
3 0.3322695791721344 0.24272094666957855 0.2620006799697876 0.2931777536869049 0.36625611782073975
5 0.29167836904525757 0.37224888801574707 0.3190680146217346 0.463082492351532 0.49120694398880005
6 0.2019064575433731 0.31188157200813293 0.3296792507171631 0.39878150820732117 0.48575788736343384
