8 0.8206766247749329 0.17729267477989197 0.13032150268554688 0.24688169360160828 0.2919549345970154
9 0.7666634917259216 0.3482685685157776 0.31581661105155945 0.39631199836730957 0.41762641072273254
9 0.5353999733924866 0.4175269901752472 0.2910774350166321 0.4556063711643219 0.38226401805877686
9 0.46483707427978516 0.43033507466316223 0.31280210614204407 0.47330740094184875 0.407238632440567
9 0.4490600526332855 0.3366738259792328 0.19106660783290863 0.3785056173801422 0.2996879816055298
3 0.4426518678665161 0.17576012015342712 0.31611502170562744 0.25053671002388 0.45155560970306396
5 0.40639808773994446 0.3374020755290985 0.31330153346061707 0.431891530752182 0.4958694875240326
3 0.3423365652561188 0.24249963462352753 0.2639482021331787 0.29284319281578064 0.36822009086608887
5 0.3407890796661377 0.2580050528049469 0.22031918168067932 0.3432309329509735 0.3993919789791107
5 0.3064609169960022 0.37567636370658875 0.32943832874298096 0.46764877438545227 0.502112865447998
6 0.20663392543792725 0.312806636095047 0.3340848386287689 0.4000726640224457 0.49033835530281067
