7 0.894005298614502 0.1339305341243744 0.1954193115234375 0.19905519485473633 0.41666895151138306
6 0.7876132130622864 0.4111100733280182 0.3627278208732605 0.4658423960208893 0.5070136785507202
9 0.7449004650115967 0.2419426590204239 0.1159813404083252 0.30565938353538513 0.23005256056785583
10 0.6809375286102295 0.3202674388885498 0.06529303640127182 0.3785179853439331 0.2348099648952484
9 0.6804002523422241 0.2300490438938141 0.2901453971862793 0.28764399886131287 0.3978819251060486
11 0.642797589302063 0.39330706000328064 0.26573124527931213 0.4630800187587738 0.4117148220539093
3 0.6148245334625244 0.5129114985466003 0.604576587677002 0.5769487023353577 0.7324353456497192
3 0.607826292514801 0.5677140951156616 0.2713177800178528 0.6184462308883667 0.41358619928359985
9 0.534995436668396 0.3237047493457794 0.4988139271736145 0.38674095273017883 0.6338896155357361
1 0.46986833214759827 0.7337843179702759 0.20315466821193695 0.8167080879211426 0.3913658857345581
