7 0.8901464939117432 0.13237568736076355 0.21175411343574524 0.19988465309143066 0.40002790093421936
9 0.7780144810676575 0.24779802560806274 0.11060383915901184 0.3026449680328369 0.2320564091205597
9 0.7687389254570007 0.23550564050674438 0.28290683031082153 0.28699177503585815 0.4011192321777344
6 0.7503237128257751 0.4117682874202728 0.3647378087043762 0.46599844098091125 0.4944477677345276
11 0.6908981800079346 0.39987558126449585 0.2647550106048584 0.4650176763534546 0.39446985721588135
10 0.623734712600708 0.31540781259536743 0.07057951390743256 0.37640541791915894 0.2235247939825058
3 0.6007654666900635 0.5631460547447205 0.275594562292099 0.6256939768791199 0.4151097238063812
1 0.5596757531166077 0.7303165197372437 0.22442945837974548 0.8166100978851318 0.4116661846637726
9 0.5406490564346313 0.3265053629875183 0.493103951215744 0.3850904107093811 0.6302053928375244
3 0.4748200476169586 0.5139681696891785 0.5995980501174927 0.5725052952766418 0.7273179292678833
