9 0.8146417140960693 0.2416222244501114 0.11512205004692078 0.30255165696144104 0.23855715990066528
6 0.760407030582428 0.15761515498161316 0.08087842911481857 0.22112035751342773 0.21312826871871948
9 0.7212522029876709 0.23453371226787567 0.27142655849456787 0.28140994906425476 0.40917932987213135
2 0.706321656703949 0.560788631439209 0.2624572217464447 0.6169520616531372 0.4208325445652008
4 0.6845235228538513 0.48369866609573364 0.3405189514160156 0.5463867783546448 0.5490953922271729
7 0.6732551455497742 0.11449606716632843 0.3087640404701233 0.21201114356517792 0.5172454714775085
6 0.6597138047218323 0.10269558429718018 0.6169915795326233 0.19298118352890015 0.7328428626060486
5 0.6535041928291321 0.7141768932342529 0.007744200527667999 0.7705382108688354 0.15805500745773315
3 0.6391997933387756 0.5559874773025513 0.11778707802295685 0.5975304841995239 0.24585922062397003
3 0.627522349357605 0.5231907963752747 0.609161376953125 0.575178325176239 0.7033299207687378
3 0.6223494410514832 0.6565552353858948 0.2697795033454895 0.7083315253257751 0.4044031500816345
9 0.6162636280059814 0.38639330863952637 0.03810698911547661 0.44220244884490967 0.14052344858646393
9 0.5902544856071472 0.23343120515346527 0.3893961012363434 0.28655022382736206 0.5048041343688965
3 0.5802175998687744 0.7150187492370605 0.7305252552032471 0.7639718055725098 0.8304535150527954
0 0.5476366281509399 0.6199718117713928 -0.00398118793964386 0.6850311160087585 0.1677923947572708
9 0.5306202173233032 0.24424712359905243 0.6237969398498535 0.28210681676864624 0.7286380529403687
3 0.48231780529022217 0.48521673679351807 0.1970977634191513 0.5422364473342896 0.336051344871521
8 0.4785875082015991 0.11718486249446869 0.4992886781692505 0.2171720713376999 0.6056737899780273
8 0.4745814800262451 0.3304760158061981 0.23512691259384155 0.3867899477481842 0.4393366575241089
11 0.47347763180732727 0.1626310497522354 0.023215539753437042 0.23327963054180145 0.16066405177116394
