9 0.7569435834884644 0.23966972529888153 0.1257050633430481 0.29407477378845215 0.2317250669002533
6 0.7261412143707275 0.15634970366954803 0.08600093424320221 0.21644841134548187 0.21003101766109467
5 0.6638862490653992 0.7199887633323669 0.0015926063060760498 0.7605460286140442 0.1625031977891922
9 0.6527299284934998 0.2422141134738922 0.6224312782287598 0.2739487588405609 0.7156054973602295
7 0.6252086162567139 0.11725499480962753 0.3237040340900421 0.20826008915901184 0.5155889987945557
9 0.6194526553153992 0.3825632631778717 0.031790900975465775 0.44564089179039 0.1446051001548767
2 0.6121938824653625 0.5763380527496338 0.27615952491760254 0.6293462514877319 0.44179195165634155
3 0.6022440195083618 0.5134184956550598 0.5925230979919434 0.5710167288780212 0.6984297037124634
11 0.5697332620620728 0.1711437851190567 0.03492686152458191 0.23558999598026276 0.16262531280517578
9 0.555893063545227 0.24564580619335175 0.2825465500354767 0.2791080176830292 0.40627673268318176
3 0.5488813519477844 0.5606088638305664 0.11291441321372986 0.5967395305633545 0.2434910237789154
9 0.5296881794929504 0.4061543047428131 0.4989892840385437 0.4521254599094391 0.60642009973526
10 0.5245088934898376 0.23596037924289703 0.16374029219150543 0.3036244511604309 0.2822084426879883
8 0.5240617990493774 0.3176400661468506 0.24198661744594574 0.37894296646118164 0.4382168650627136
3 0.5193018913269043 0.6513003706932068 0.2601073682308197 0.7023432850837708 0.43780526518821716
3 0.5189650058746338 0.7233986854553223 0.7329112887382507 0.770932674407959 0.8313599228858948
4 0.47988688945770264 0.6762940883636475 0.3460344672203064 0.7467882633209229 0.47257059812545776
6 0.45369815826416016 0.08654596656560898 0.6242020726203918 0.19564980268478394 0.7175136208534241
9 0.41696250438690186 0.23566089570522308 0.38834255933761597 0.28179341554641724 0.5098791122436523
3 0.4110047221183777 0.5707414746284485 0.4867967367172241 0.6397818922996521 0.6051300764083862
