3 0.8056440949440002 0.6259117722511292 0.07512729614973068 0.6870724558830261 0.1948200762271881
3 0.7764580249786377 0.680787980556488 0.3430339992046356 0.727235734462738 0.45009467005729675
3 0.7438785433769226 0.6284942626953125 0.6808756589889526 0.6671593189239502 0.7864969968795776
3 0.7337777018547058 0.6376028060913086 0.1574345827102661 0.6922262907028198 0.28474491834640503
9 0.731015682220459 0.26734912395477295 0.01947731524705887 0.3022480607032776 0.0980268195271492
2 0.7136085033416748 0.4047607183456421 0.31383612751960754 0.471263587474823 0.4724203646183014
3 0.7107510566711426 0.6854512691497803 0.44921228289604187 0.7257065773010254 0.5346544981002808
7 0.6546788215637207 0.13353092968463898 0.26289230585098267 0.21464218199253082 0.45279747247695923
9 0.6407994627952576 0.24452251195907593 0.1699707806110382 0.3071189522743225 0.27589601278305054
11 0.5518978834152222 0.1852259337902069 0.0076931193470954895 0.22623854875564575 0.09982603043317795
9 0.5432500243186951 0.24660030007362366 0.550784707069397 0.2861163914203644 0.6602489948272705
3 0.5206337571144104 0.605715274810791 0.5691428780555725 0.6459530591964722 0.6777564883232117
8 0.518953800201416 0.07822779566049576 0.5218051671981812 0.25021302700042725 0.6615407466888428
3 0.506455659866333 0.48619264364242554 0.24267801642417908 0.5388832688331604 0.3457079827785492
1 0.5016834735870361 0.7475396394729614 0.26275503635406494 0.8206773996353149 0.4683098793029785
10 0.49983346462249756 0.1521870493888855 0.19488975405693054 0.227357417345047 0.3737175762653351
9 0.46567970514297485 0.25617048144340515 0.4639759957790375 0.29254063963890076 0.5801411867141724
2 0.45534834265708923 0.5506839156150818 0.05710805207490921 0.6138785481452942 0.1964549720287323
6 0.44074419140815735 0.11870385706424713 0.40627676248550415 0.2030341774225235 0.5492523908615112
11 0.43014317750930786 0.17004655301570892 0.6906648278236389 0.3374020457267761 0.7987428307533264
