9 0.8962644934654236 0.21438567340373993 0.2732539474964142 0.3009340763092041 0.41010114550590515
9 0.7657948136329651 0.24028140306472778 0.11016277968883514 0.3046489953994751 0.23461030423641205
3 0.7400201559066772 0.654663622379303 0.25094330310821533 0.7104008793830872 0.40974849462509155
6 0.7335528135299683 0.1509542614221573 0.07978303730487823 0.22224248945713043 0.2113010734319687
6 0.6934313774108887 0.3174045979976654 0.3751983940601349 0.38220223784446716 0.5067191123962402
10 0.6618462800979614 0.3129405379295349 0.0740630105137825 0.3808797597885132 0.22796881198883057
7 0.6599766612052917 0.10647733509540558 0.3162078857421875 0.22557158768177032 0.48997563123703003
3 0.6212570667266846 0.3891281485557556 0.1116633266210556 0.4450228810310364 0.24716855585575104
9 0.6206170320510864 0.21551746129989624 0.37108463048934937 0.3003213405609131 0.5054566264152527
3 0.5745662450790405 0.4632987976074219 0.10688997805118561 0.5277079939842224 0.24417279660701752
8 0.5402525663375854 0.1934763491153717 0.7248532176017761 0.2801186442375183 0.8571239113807678
3 0.5004204511642456 0.507583737373352 0.5933431386947632 0.5772830247879028 0.724629282951355
9 0.4590693414211273 0.3079320788383484 0.48437637090682983 0.37419116497039795 0.6430613398551941
2 0.4548321068286896 0.39587661623954773 0.18091067671775818 0.47457650303840637 0.3156554102897644
5 0.4275341331958771 0.5419294238090515 0.023165956139564514 0.6007735133171082 0.13838909566402435
