5 0.8119785785675049 0.7988154292106628 0.6363469958305359 0.8820764422416687 0.7989360690116882
9 0.8107999563217163 0.255978524684906 0.16473674774169922 0.3115020990371704 0.2626810669898987
3 0.7366288900375366 0.4973670244216919 0.23867341876029968 0.5343202352523804 0.3566311299800873
9 0.7217132449150085 0.2660558819770813 0.008358139544725418 0.30643218755722046 0.10316826403141022
2 0.7018675804138184 0.397185742855072 0.30956652760505676 0.4706217646598816 0.4898146688938141
6 0.694419264793396 0.3877962529659271 0.5322352647781372 0.47021207213401794 0.6800224781036377
3 0.6932744979858398 0.675967812538147 0.34235885739326477 0.7327320575714111 0.45875802636146545
3 0.6926555037498474 0.5976644158363342 0.4151837229728699 0.6532127261161804 0.5552940368652344
3 0.6657273769378662 0.6513170003890991 0.16871526837348938 0.71232008934021 0.27684056758880615
11 0.6325237154960632 0.18624979257583618 0.00616450235247612 0.23258665204048157 0.10416340827941895
10 0.6288912296295166 0.3162271976470947 0.21213340759277344 0.393876850605011 0.3816223740577698
7 0.623001754283905 0.2203458845615387 0.25220999121665955 0.3055071532726288 0.48772719502449036
4 0.6094364523887634 0.5575584173202515 0.20814386010169983 0.6236556768417358 0.3844551146030426
9 0.5627394318580627 0.407193660736084 0.2424044907093048 0.45561861991882324 0.3542773425579071
3 0.502335250377655 0.49185284972190857 0.01935715228319168 0.5422506928443909 0.10692550987005234
