9 0.7936397790908813 0.23839616775512695 0.11270538717508316 0.2960239052772522 0.23230105638504028
6 0.7584103345870972 0.15413331985473633 0.08098126202821732 0.21826961636543274 0.21059167385101318
9 0.7361291646957397 0.2339191883802414 0.2802862823009491 0.2803899347782135 0.41408082842826843
4 0.6906430721282959 0.48246487975120544 0.3357354998588562 0.5500799417495728 0.5473927855491638
3 0.6702584028244019 0.6376350522041321 0.2635990381240845 0.7241782546043396 0.4034261703491211
6 0.6520496606826782 0.10408847779035568 0.6124984622001648 0.19166406989097595 0.7360212206840515
2 0.6454275846481323 0.5610866546630859 0.27606502175331116 0.6219079494476318 0.4086935222148895
7 0.6414396166801453 0.11381696164608002 0.31294867396354675 0.21301259100437164 0.5113081932067871
3 0.6151921153068542 0.5249888300895691 0.6053094267845154 0.5723987221717834 0.7088735699653625
3 0.6123781204223633 0.718177080154419 0.733750581741333 0.7719223499298096 0.8328514099121094
10 0.5852261185646057 0.31558698415756226 0.06858711689710617 0.38218337297439575 0.23399865627288818
9 0.5757519602775574 0.23367203772068024 0.39082056283950806 0.28419092297554016 0.5047145485877991
9 0.5693607330322266 0.24496571719646454 0.619072675704956 0.2825382649898529 0.7276666164398193
1 0.5460215210914612 0.7204869985580444 0.20260348916053772 0.8066468238830566 0.3936364948749542
3 0.5278560519218445 0.5516214966773987 0.12487335503101349 0.6051223874092102 0.2538571357727051
3 0.5138534307479858 0.4883062243461609 0.20012828707695007 0.5531758666038513 0.3402344882488251
5 0.5014683604240417 0.6934198141098022 0.019631974399089813 0.7792789936065674 0.14875143766403198
9 0.5001487731933594 0.38308441638946533 0.029311303049325943 0.44991636276245117 0.14671191573143005
8 0.48421385884284973 0.3259892761707306 0.2399582415819168 0.3845427930355072 0.4353439211845398
2 0.4826472997665405 0.6035958528518677 0.5931496024131775 0.6757094860076904 0.7174188494682312
