9 0.9163215160369873 0.21483881771564484 0.28269094228744507 0.29913389682769775 0.4072505235671997
9 0.7735458612442017 0.2414466142654419 0.11332307755947113 0.30243855714797974 0.2335795909166336
6 0.7473044991493225 0.15238037705421448 0.08170448243618011 0.22210872173309326 0.21136970818042755
6 0.7102660536766052 0.3180555999279022 0.38778242468833923 0.37896808981895447 0.5048763751983643
3 0.706856906414032 0.6543065309524536 0.252208948135376 0.7143898010253906 0.4105526804924011
7 0.6609431505203247 0.10902658104896545 0.32818999886512756 0.22122618556022644 0.48886558413505554
10 0.6566334962844849 0.31215184926986694 0.074264295399189 0.3842112421989441 0.22821193933486938
9 0.6559664011001587 0.2208314687013626 0.37816205620765686 0.2986135482788086 0.4925346076488495
3 0.6411005258560181 0.3892126679420471 0.11321141570806503 0.4466749429702759 0.24744346737861633
3 0.6127578616142273 0.46528589725494385 0.10978254675865173 0.5244896411895752 0.24159705638885498
8 0.5298007130622864 0.1948844939470291 0.7221907377243042 0.2794601321220398 0.8589339256286621
3 0.4747297763824463 0.5061638355255127 0.5951135754585266 0.577193021774292 0.7230380177497864
5 0.4594903588294983 0.5388544201850891 0.024571482092142105 0.6009994149208069 0.13733725249767303
2 0.4458225667476654 0.3973655104637146 0.1806381195783615 0.47238820791244507 0.3155874013900757
9 0.4377986192703247 0.3200596570968628 0.48489314317703247 0.39138638973236084 0.6361292004585266
