3 0.777800977230072 0.6320810914039612 0.07812431454658508 0.6814201474189758 0.185670405626297
3 0.7736121416091919 0.7104061245918274 0.6801780462265015 0.7558073401451111 0.7797869443893433
9 0.7640699744224548 0.22783343493938446 0.5731309056282043 0.28829696774482727 0.6790799498558044
9 0.7613281011581421 0.2697419822216034 0.017105601727962494 0.30304810404777527 0.0909995287656784
3 0.7581264972686768 0.6825140714645386 0.354196161031723 0.7171518802642822 0.4437852203845978
9 0.7176663279533386 0.2513246238231659 0.355947881937027 0.30065420269966125 0.46459928154945374
9 0.7160622477531433 0.24539253115653992 0.452327698469162 0.28803566098213196 0.556617796421051
1 0.6953929662704468 0.7355517745018005 0.2756967842578888 0.8322067856788635 0.4516715705394745
9 0.6950958371162415 0.2605445981025696 0.0967206060886383 0.30663084983825684 0.171606183052063
3 0.6888507008552551 0.6858294010162354 0.45285168290138245 0.7206143140792847 0.5467123985290527
9 0.6667113900184631 0.22955715656280518 0.6886072158813477 0.2755880355834961 0.7674514055252075
9 0.6601722240447998 0.2572450339794159 0.17898274958133698 0.3000902235507965 0.26143696904182434
3 0.627490758895874 0.6388009786605835 0.006241682916879654 0.6738362312316895 0.10682128369808197
3 0.6250602006912231 0.6385887265205383 0.16123473644256592 0.691109836101532 0.28325986862182617
7 0.6144292950630188 0.1484161913394928 0.2790161967277527 0.20814499258995056 0.4569225311279297
3 0.6100994348526001 0.7078003883361816 0.5809190273284912 0.7419420480728149 0.6707106828689575
10 0.5910528898239136 0.16132785379886627 0.20139971375465393 0.2229176014661789 0.36821815371513367
6 0.5747086405754089 0.16957131028175354 0.1562989205121994 0.21476519107818604 0.2594462037086487
11 0.5533287525177002 0.10341807454824448 0.6795146465301514 0.18805798888206482 0.813338041305542
0 0.5526953935623169 0.717212975025177 0.1467360109090805 0.7660399079322815 0.26101094484329224
