9 0.7672538757324219 0.23021647334098816 0.5672457218170166 0.2899658977985382 0.6793736219406128
3 0.7630649209022522 0.7074761390686035 0.6847935914993286 0.7551136016845703 0.7838840484619141
3 0.7587031722068787 0.6810988783836365 0.35413694381713867 0.7165178656578064 0.4441417455673218
9 0.7180337905883789 0.2701340615749359 0.02292446792125702 0.3041628897190094 0.0887167826294899
9 0.7082887887954712 0.2502073645591736 0.3551325798034668 0.30003082752227783 0.4663352370262146
9 0.7043730020523071 0.2527869641780853 0.16441702842712402 0.3024275004863739 0.267742395401001
3 0.6942859888076782 0.6838510632514954 0.44913285970687866 0.7196277976036072 0.543795108795166
3 0.6848827600479126 0.6334460973739624 0.06737269461154938 0.6789849996566772 0.18850721418857574
9 0.6656396985054016 0.2525540292263031 0.08803286403417587 0.3067714273929596 0.17288365960121155
9 0.653958797454834 0.24551381170749664 0.45048001408576965 0.2859894633293152 0.5575598478317261
9 0.6286868453025818 0.23388074338436127 0.684506893157959 0.2789187431335449 0.7645488977432251
1 0.6111713647842407 0.7404806613922119 0.26826757192611694 0.8299037218093872 0.46177273988723755
7 0.5941859483718872 0.14581869542598724 0.27965086698532104 0.21060816943645477 0.4512631297111511
3 0.5885513424873352 0.7070432901382446 0.5821125507354736 0.7451857328414917 0.6731128692626953
10 0.5829249620437622 0.1583951860666275 0.20317834615707397 0.22597815096378326 0.3672980070114136
11 0.5691943168640137 0.09729844331741333 0.6788241267204285 0.19497814774513245 0.8165809512138367
5 0.5565478205680847 0.7848784327507019 0.6764025092124939 0.8961276412010193 0.7943033576011658
6 0.5541079640388489 0.16667847335338593 0.14902463555335999 0.2120414525270462 0.2591821253299713
3 0.5467750430107117 0.6387184858322144 0.015310615301132202 0.6757301092147827 0.10672912746667862
8 0.5249312520027161 0.16892224550247192 0.07168713212013245 0.22912552952766418 0.1738404780626297
