9 0.7598263025283813 0.24002934992313385 0.12493664026260376 0.29596611857414246 0.2336961030960083
5 0.6712871789932251 0.7135809063911438 0.0025963112711906433 0.7624736428260803 0.1642179787158966
9 0.6550572514533997 0.24079757928848267 0.6232973337173462 0.27323001623153687 0.715282678604126
6 0.6518528461456299 0.1580740064382553 0.08196011185646057 0.21791128814220428 0.20634472370147705
6 0.619028627872467 0.09495921432971954 0.6085242033004761 0.19648392498493195 0.7260298728942871
3 0.6052236557006836 0.5155655145645142 0.592911958694458 0.5716103315353394 0.6984381675720215
2 0.5923184156417847 0.5755492448806763 0.2742549180984497 0.6273740530014038 0.4452207684516907
7 0.5885075926780701 0.12049386650323868 0.3197510540485382 0.2079296112060547 0.5116328597068787
9 0.5535745024681091 0.38493868708610535 0.03533070906996727 0.44786110520362854 0.1450788676738739
11 0.537966787815094 0.1725766956806183 0.03466590493917465 0.23256906867027283 0.16077223420143127
9 0.5109675526618958 0.40556395053863525 0.505355954170227 0.45340925455093384 0.6062830686569214
8 0.5073215961456299 0.31415218114852905 0.24161924421787262 0.37884289026260376 0.44164860248565674
4 0.5027886033058167 0.6766604781150818 0.3447030782699585 0.7471500039100647 0.472057580947876
9 0.4792545735836029 0.23944653570652008 0.2767464220523834 0.2836003601551056 0.4053712785243988
3 0.4772213399410248 0.5604426264762878 0.11272530257701874 0.5978220105171204 0.24489925801753998
3 0.47560185194015503 0.7267736196517944 0.7366452217102051 0.7719815969467163 0.835090160369873
3 0.4433387517929077 0.6550865769386292 0.2500828206539154 0.7012472748756409 0.4432962238788605
10 0.4287314713001251 0.23587755858898163 0.15827596187591553 0.30157727003097534 0.28535696864128113
3 0.41431373357772827 0.5719165205955505 0.48586559295654297 0.6414336562156677 0.6072100400924683
