6 0.7469189763069153 0.157584547996521 0.08138050138950348 0.21918877959251404 0.2127714902162552
6 0.6893215775489807 0.10521106421947479 0.6154153943061829 0.1912689059972763 0.7296091914176941
9 0.6817598938941956 0.24230720102787018 0.6115625500679016 0.27770665287971497 0.7205563187599182
5 0.6404278874397278 0.7094618082046509 -0.001564115285873413 0.762493371963501 0.16887274384498596
7 0.6247406005859375 0.11637286096811295 0.3189007043838501 0.2093891203403473 0.5033165216445923
9 0.5990270972251892 0.24138981103897095 0.13346512615680695 0.29394054412841797 0.2266063541173935
3 0.5903469324111938 0.5584648847579956 0.11943663656711578 0.6030783653259277 0.2597354054450989
11 0.5779869556427002 0.17028293013572693 0.02524283528327942 0.24071696400642395 0.16578726470470428
3 0.5742146372795105 0.5033267140388489 0.5950630903244019 0.5872073769569397 0.7085424661636353
2 0.5458496809005737 0.5704224109649658 0.28619420528411865 0.6290159225463867 0.4143756628036499
3 0.5367884635925293 0.7253515124320984 0.7450670003890991 0.7727623581886292 0.8315389156341553
9 0.5206194519996643 0.38404953479766846 0.03944796323776245 0.4493390917778015 0.14196307957172394
8 0.4904049336910248 0.12151915580034256 0.5028359293937683 0.21203526854515076 0.6051271557807922
10 0.49039575457572937 0.23450273275375366 0.1577613651752472 0.304399311542511 0.2896707355976105
9 0.47162264585494995 0.24063602089881897 0.38823258876800537 0.28774669766426086 0.500230073928833
0 0.44525349140167236 0.6233012676239014 0.00934579223394394 0.6809309720993042 0.1622850000858307
2 0.44159311056137085 0.6125020980834961 0.5982152819633484 0.6912318468093872 0.71872478723526
8 0.4363110065460205 0.3197695314884186 0.25952696800231934 0.3762211501598358 0.41428810358047485
9 0.43241387605667114 0.23679955303668976 0.27649813890457153 0.27990666031837463 0.411018967628479
0 0.40695124864578247 0.3174884617328644 0.47051411867141724 0.3870122730731964 0.6222372651100159
