9 0.7936499118804932 0.23913876712322235 0.11543706059455872 0.29530543088912964 0.23839664459228516
6 0.7447413802146912 0.15857170522212982 0.08336086571216583 0.21809865534305573 0.21192361414432526
6 0.6982323527336121 0.10202594101428986 0.6168645024299622 0.1925550252199173 0.7289448380470276
5 0.6663660407066345 0.7207794785499573 0.0008145421743392944 0.7605903744697571 0.16421031951904297
3 0.6380435824394226 0.5131428241729736 0.5875623822212219 0.5708181858062744 0.695263683795929
9 0.6298264265060425 0.23899339139461517 0.6137318015098572 0.2789894640445709 0.7124326825141907
9 0.6273118257522583 0.38814249634742737 0.03712984174489975 0.44243481755256653 0.1466676890850067
2 0.6114264130592346 0.5730913281440735 0.2740611135959625 0.6286107897758484 0.43961331248283386
7 0.6025325059890747 0.12005378305912018 0.3143022656440735 0.2069820612668991 0.5079719424247742
11 0.5623338222503662 0.1740557849407196 0.029711395502090454 0.23435932397842407 0.1655612736940384
8 0.5387519001960754 0.31720712780952454 0.23742932081222534 0.37717512249946594 0.4389190077781677
10 0.5262582898139954 0.23534683883190155 0.15988993644714355 0.29912665486335754 0.2836487889289856
9 0.5191413760185242 0.24635659158229828 0.27842384576797485 0.2796299457550049 0.4112095832824707
3 0.5130817294120789 0.5624414682388306 0.11191732436418533 0.5973892211914062 0.24573585391044617
3 0.4959298074245453 0.7276055216789246 0.735039472579956 0.7698336243629456 0.8346850872039795
9 0.49290841817855835 0.4023841619491577 0.4988304674625397 0.4515454173088074 0.6069528460502625
4 0.47792577743530273 0.6769711375236511 0.34560322761535645 0.7471418976783752 0.47046881914138794
3 0.4752013087272644 0.6515712738037109 0.2579939663410187 0.7011140584945679 0.4364072382450104
8 0.4676510989665985 0.1208595484495163 0.4999650716781616 0.21064572036266327 0.6111330986022949
9 0.44210147857666016 0.23438744246959686 0.3822070360183716 0.28447142243385315 0.5105647444725037
