9 0.8185939788818359 0.24457184970378876 0.11787363886833191 0.2934252619743347 0.23024937510490417
9 0.7625042796134949 0.2387664020061493 0.27546125650405884 0.28504863381385803 0.41188889741897583
3 0.7502578496932983 0.650698184967041 0.2615745961666107 0.7174936532974243 0.4116915762424469
6 0.7473928928375244 0.15265318751335144 0.07867756485939026 0.22172436118125916 0.21527129411697388
7 0.6912325024604797 0.12243153154850006 0.3284907937049866 0.20816923677921295 0.5017542839050293
9 0.6608580350875854 0.23314452171325684 0.3705413043498993 0.28769999742507935 0.5118499994277954
3 0.6587453484535217 0.46209490299224854 0.11798174679279327 0.5177469849586487 0.24402393400669098
2 0.6150156259536743 0.5573845505714417 0.28894689679145813 0.6287814974784851 0.4007519781589508
10 0.6046692132949829 0.3145979642868042 0.0691269189119339 0.38105982542037964 0.23306073248386383
9 0.5509642362594604 0.23541641235351562 0.6174876093864441 0.2850412130355835 0.727773129940033
3 0.5378993153572083 0.5123096704483032 0.5982790589332581 0.5727640390396118 0.70894855260849
0 0.5196952223777771 0.5621569752693176 0.08101432025432587 0.6162349581718445 0.23615755140781403
9 0.5192841291427612 0.3801031708717346 0.03302864730358124 0.4470154643058777 0.1423005908727646
8 0.5007169246673584 0.19478225708007812 0.7250144481658936 0.27995461225509644 0.858608603477478
0 0.4882076382637024 0.30607008934020996 0.48380357027053833 0.412634015083313 0.6125624775886536
5 0.4575449526309967 0.47555261850357056 0.3617970943450928 0.5598955750465393 0.5226141214370728
8 0.4442670941352844 0.314120888710022 0.24943332374095917 0.3741750121116638 0.4110041856765747
1 0.42758244276046753 0.7200982570648193 0.20492921769618988 0.8051927089691162 0.37766748666763306
11 0.42731064558029175 0.1653253585100174 0.021482326090335846 0.22676007449626923 0.16309776902198792
3 0.41931748390197754 0.5772416591644287 0.479472815990448 0.6468042135238647 0.6071587204933167
