9 0.8208861351013184 0.259403258562088 0.16757726669311523 0.3036831319332123 0.26772257685661316
3 0.8192514181137085 0.6273811459541321 0.07864873111248016 0.687257707118988 0.19242431223392487
3 0.753456175327301 0.6379790902137756 0.15940801799297333 0.6960160136222839 0.28143712878227234
3 0.7387309074401855 0.6754426956176758 0.3437114655971527 0.7274482250213623 0.44596531987190247
2 0.727735698223114 0.40299275517463684 0.3105272948741913 0.47018197178840637 0.4748407304286957
9 0.7221717834472656 0.26301389932632446 0.015152685344219208 0.3067675828933716 0.0948902890086174
8 0.649529218673706 0.09464763849973679 0.5290482640266418 0.23093846440315247 0.665608823299408
11 0.6327820420265198 0.19601970911026 0.688795268535614 0.309437096118927 0.7999849915504456
11 0.6304346323013306 0.18058621883392334 -0.0029739849269390106 0.23103493452072144 0.10481977462768555
9 0.6031190752983093 0.24339351058006287 0.5531286001205444 0.28305914998054504 0.6555908918380737
3 0.5781704187393188 0.6793658137321472 0.448295533657074 0.7250970005989075 0.5335756540298462
3 0.559151291847229 0.4918922781944275 0.24268993735313416 0.5370481610298157 0.354423850774765
7 0.5447422862052917 0.13582319021224976 0.26199761033058167 0.2026723325252533 0.45151278376579285
10 0.5192991495132446 0.32586830854415894 0.1826440840959549 0.39170265197753906 0.4195118546485901
3 0.5133457779884338 0.6215858459472656 0.6759225726127625 0.6662905216217041 0.790716826915741
2 0.4966522455215454 0.5546600222587585 0.06078389286994934 0.6147405505180359 0.1958252191543579
9 0.4853254556655884 0.4084089696407318 0.6885961294174194 0.47590455412864685 0.7765538692474365
5 0.48068949580192566 0.7952389717102051 0.655453085899353 0.8828400373458862 0.7865705490112305
1 0.4674012064933777 0.7460981011390686 0.2608419954776764 0.8192450404167175 0.4690658748149872
4 0.4504832327365875 0.566861629486084 0.19043681025505066 0.6336574554443359 0.3909882605075836
