9 0.8788594603538513 0.2338823527097702 0.28157955408096313 0.28921300172805786 0.40341073274612427
6 0.779788076877594 0.1515849232673645 0.07813911885023117 0.22107923030853271 0.21693962812423706
9 0.7779186964035034 0.24641288816928864 0.11565759778022766 0.29763489961624146 0.22740459442138672
3 0.6905378699302673 0.6505244374275208 0.2585519850254059 0.7163049578666687 0.4087335765361786
9 0.6782807111740112 0.2381945252418518 0.3734115958213806 0.2936331033706665 0.485429584980011
7 0.6753981113433838 0.11538603156805038 0.3354121744632721 0.21441563963890076 0.5135763883590698
3 0.619783878326416 0.46212589740753174 0.10674779117107391 0.5186302065849304 0.25081193447113037
2 0.6126313805580139 0.5555499792098999 0.29250016808509827 0.6281038522720337 0.3986179530620575
10 0.6037677526473999 0.3148859143257141 0.07295502722263336 0.3816588521003723 0.2287096530199051
6 0.5998664498329163 0.3155694901943207 0.35744836926460266 0.3724800646305084 0.5359164476394653
9 0.5312239527702332 0.23629750311374664 0.6148524880409241 0.28607118129730225 0.7301390767097473
8 0.5166492462158203 0.19453182816505432 0.7262207865715027 0.2804027497768402 0.8593503832817078
3 0.509312629699707 0.5123114585876465 0.5923008322715759 0.5726553201675415 0.7045933604240417
0 0.5055224895477295 0.5621195435523987 0.08533050119876862 0.6155593991279602 0.23557715117931366
5 0.5024010539054871 0.47341734170913696 0.3756997287273407 0.5567124485969543 0.5150353908538818
9 0.46437931060791016 0.38099077343940735 0.02636812999844551 0.44911471009254456 0.14541937410831451
0 0.46356719732284546 0.3127022981643677 0.4839302599430084 0.4065445065498352 0.6105843186378479
1 0.45799723267555237 0.7195447087287903 0.20758864283561707 0.8044641613960266 0.38097211718559265
