6 0.7190696001052856 0.15361256897449493 0.08170448243618011 0.21521352231502533 0.20782120525836945
9 0.6764464378356934 0.23601552844047546 0.11751244962215424 0.2948254644870758 0.2344251424074173
7 0.669975996017456 0.11432649195194244 0.3192627727985382 0.21206296980381012 0.5102195739746094
6 0.6626740097999573 0.10494998842477798 0.6099625825881958 0.19059231877326965 0.732948899269104
2 0.650755763053894 0.5601696968078613 0.27000805735588074 0.6211259365081787 0.4170088469982147
4 0.6467025279998779 0.4820603132247925 0.3276499807834625 0.5460134744644165 0.5563558340072632
5 0.6317455172538757 0.709774911403656 0.014568045735359192 0.7725552916526794 0.15074878931045532
9 0.6089687943458557 0.24141210317611694 0.6204191446304321 0.2836291790008545 0.7262864112854004
3 0.583217978477478 0.5527782440185547 0.10365916043519974 0.5985043048858643 0.2578718960285187
8 0.5784347653388977 0.32423797249794006 0.21975094079971313 0.3841302692890167 0.4419477581977844
9 0.5506616234779358 0.23975874483585358 0.2761860489845276 0.28433024883270264 0.41395509243011475
9 0.5390490293502808 0.3817622661590576 0.03409296274185181 0.451482892036438 0.14791405200958252
2 0.5336179137229919 0.5969685912132263 0.584275484085083 0.6853824257850647 0.7290223836898804
11 0.5225957036018372 0.1674605756998062 0.03160250931978226 0.23433439433574677 0.16040030121803284
3 0.4996855854988098 0.5179638862609863 0.6124486923217773 0.5715728998184204 0.7028886079788208
3 0.4826066195964813 0.649757444858551 0.26530611515045166 0.7136467099189758 0.412627637386322
8 0.4707837700843811 0.11917594075202942 0.5024728775024414 0.220088928937912 0.6066180467605591
0 0.4627942740917206 0.6203283667564392 0.009385764598846436 0.6881937384605408 0.15358416736125946
0 0.42700108885765076 0.30142098665237427 0.45630234479904175 0.40895766019821167 0.6162117123603821
10 0.42545196413993835 0.23776869475841522 0.158735990524292 0.30493080615997314 0.2863687574863434
