9 0.8394197821617126 0.24638453125953674 0.1088893786072731 0.2945995628833771 0.23419466614723206
9 0.8178962469100952 0.23339307308197021 0.2765847444534302 0.28562867641448975 0.40802568197250366
9 0.7632540464401245 0.22546179592609406 0.3743360638618469 0.29603153467178345 0.5060344934463501
6 0.7334732413291931 0.15237972140312195 0.08039797097444534 0.21922874450683594 0.21249288320541382
3 0.6938996315002441 0.6472922563552856 0.261322557926178 0.721127986907959 0.4100334048271179
3 0.6845324635505676 0.46013298630714417 0.11257059872150421 0.5194398164749146 0.23665140569210052
7 0.6781440377235413 0.12131091952323914 0.32262349128723145 0.21113768219947815 0.5001233816146851
10 0.6480215787887573 0.3131023347377777 0.07339753955602646 0.3789524734020233 0.22972837090492249
2 0.613243579864502 0.55567866563797 0.2869654595851898 0.6323549151420593 0.4060908854007721
0 0.5719959139823914 0.565900444984436 0.08148452639579773 0.6190493106842041 0.23602628707885742
9 0.5637686252593994 0.3836515545845032 0.03089585155248642 0.4451090097427368 0.14305394887924194
9 0.5575078129768372 0.23946163058280945 0.6181157827377319 0.28138867020606995 0.7200394868850708
1 0.4942817687988281 0.7207369208335876 0.20528246462345123 0.8061028122901917 0.3859301209449768
3 0.46246209740638733 0.48940160870552063 0.20730473101139069 0.5451768636703491 0.3289225101470947
8 0.4615092873573303 0.19252440333366394 0.7315110564231873 0.28280481696128845 0.8505038619041443
8 0.438198983669281 0.3151557445526123 0.24450445175170898 0.37853145599365234 0.40176355838775635
