3 0.8714888095855713 0.4824656844139099 0.28276413679122925 0.5441080927848816 0.38634002208709717
9 0.8017964959144592 0.39929521083831787 0.28659167885780334 0.4577019214630127 0.3882175385951996
4 0.7438786625862122 0.5574449896812439 0.23498009145259857 0.6201866269111633 0.42430758476257324
9 0.7346017956733704 0.24303476512432098 0.04072852432727814 0.2920553684234619 0.13607345521450043
7 0.7138694524765015 0.3049720823764801 0.3150281310081482 0.39100733399391174 0.507216215133667
5 0.6524114012718201 0.8009868264198303 0.7116618156433105 0.8885741829872131 0.8497860431671143
11 0.6088052988052368 0.12853692471981049 0.18192672729492188 0.21861721575260162 0.3170316517353058
3 0.5865427255630493 0.6482521891593933 0.1926525980234146 0.7034439444541931 0.30842119455337524
1 0.5620371699333191 0.6116819977760315 0.6524445414543152 0.6988462805747986 0.8400244116783142
9 0.5048835277557373 0.3238973319530487 0.13342678546905518 0.38100793957710266 0.22716528177261353
3 0.4538431763648987 0.5901798605918884 0.48334449529647827 0.6606670022010803 0.6014994978904724
9 0.40878233313560486 0.21642981469631195 0.6165381669998169 0.29171034693717957 0.7297054529190063
