9 0.7049558162689209 0.24203374981880188 0.11812719702720642 0.29227176308631897 0.23365280032157898
6 0.7010498046875 0.15476034581661224 0.08264857530593872 0.21964462101459503 0.2081621289253235
6 0.687828004360199 0.10183261334896088 0.6168897747993469 0.19408278167247772 0.7289299368858337
9 0.6722514629364014 0.23927196860313416 0.6253454685211182 0.2855738699436188 0.7146991491317749
5 0.6203516721725464 0.7070471048355103 0.008218638598918915 0.7732257843017578 0.1571802794933319
3 0.6105842590332031 0.5584771633148193 0.10721710324287415 0.599937915802002 0.25717514753341675
7 0.6085928082466125 0.11376706510782242 0.33622920513153076 0.212058424949646 0.5018559098243713
3 0.5902661681175232 0.5159158706665039 0.6141580939292908 0.5717208385467529 0.7091673016548157
2 0.5423959493637085 0.6012659072875977 0.5892952680587769 0.686750054359436 0.7179111242294312
9 0.5246885418891907 0.38319671154022217 0.034253645688295364 0.4520453214645386 0.14708881080150604
11 0.523124098777771 0.16963931918144226 0.03089744597673416 0.23576244711875916 0.1601356863975525
9 0.5172495245933533 0.23886962234973907 0.2731753885746002 0.2795359194278717 0.4236747920513153
0 0.4987241327762604 0.6220942139625549 0.009593799710273743 0.6906358599662781 0.15275901556015015
8 0.487644761800766 0.31765124201774597 0.25847187638282776 0.38294050097465515 0.41896292567253113
4 0.48287078738212585 0.477009117603302 0.3538223206996918 0.5419214367866516 0.5191769599914551
2 0.48151955008506775 0.5717067122459412 0.29358363151550293 0.6384755969047546 0.4090692400932312
8 0.4744144678115845 0.12176819890737534 0.5111373662948608 0.21772029995918274 0.6079670190811157
3 0.47258856892585754 0.6495885252952576 0.2649471163749695 0.71197110414505 0.39910876750946045
10 0.44859346747398376 0.23606829345226288 0.15610291063785553 0.30339401960372925 0.2891145348548889
9 0.4432074725627899 0.2411932647228241 0.3753635287284851 0.28832700848579407 0.5213178396224976
