9 0.7640799283981323 0.2292177677154541 0.27943870425224304 0.28507840633392334 0.40305295586586
9 0.7513764500617981 0.23805108666419983 0.11589300632476807 0.3026612102985382 0.23950913548469543
7 0.7465479969978333 0.12666723132133484 0.21404209733009338 0.2034529745578766 0.3966641128063202
3 0.7418719530105591 0.6541606187820435 0.27628642320632935 0.7137769460678101 0.4068000316619873
3 0.6597958207130432 0.3902967572212219 0.12252360582351685 0.4445338249206543 0.2456074357032776
10 0.6547093987464905 0.3093268573284149 0.07062441110610962 0.3847159445285797 0.2273547649383545
3 0.6490477919578552 0.5045294165611267 0.5990208387374878 0.5784295201301575 0.722606897354126
5 0.6215768456459045 0.5455580353736877 0.012701429426670074 0.6069422364234924 0.15021690726280212
6 0.5885334610939026 0.4070552885532379 0.37534186244010925 0.4704013764858246 0.49651673436164856
3 0.5840004086494446 0.5746065974235535 0.4790785312652588 0.6450374722480774 0.6039997339248657
8 0.5248991847038269 0.19659537076950073 0.7245069146156311 0.2758848965167999 0.8568732142448425
11 0.48033565282821655 0.15897008776664734 0.034777700901031494 0.22777903079986572 0.16176572442054749
2 0.46096763014793396 0.31734180450439453 0.35876014828681946 0.37344175577163696 0.5109788179397583
2 0.427864670753479 0.20442628860473633 0.5668063759803772 0.27825435996055603 0.7146245837211609
