3 0.7517330646514893 0.68055260181427 0.3523500859737396 0.7182722091674805 0.44608262181282043
9 0.7499473690986633 0.26834431290626526 0.01960611715912819 0.30523446202278137 0.08777400851249695
9 0.7486205697059631 0.2309887707233429 0.5712960958480835 0.2905336916446686 0.6771581172943115
3 0.7342377305030823 0.7078254818916321 0.6814550757408142 0.754332959651947 0.7779894471168518
9 0.7088985443115234 0.25197938084602356 0.3543192446231842 0.3008306920528412 0.4659901559352875
9 0.708696722984314 0.2527529001235962 0.16844379901885986 0.302290141582489 0.26299992203712463
9 0.7056610584259033 0.25252535939216614 0.0906972736120224 0.3076076805591583 0.16898377239704132
9 0.6821818947792053 0.2458801120519638 0.4533531665802002 0.2858591079711914 0.5567078590393066
3 0.6808392405509949 0.6829872131347656 0.4510035812854767 0.7226443290710449 0.5497181415557861
1 0.6500146389007568 0.7367101311683655 0.2798160910606384 0.8323243260383606 0.45782744884490967
3 0.6408025026321411 0.6354372501373291 0.07212421298027039 0.6798022985458374 0.1842975616455078
9 0.6350849270820618 0.23581171035766602 0.6866343021392822 0.2789977788925171 0.7645286321640015
7 0.6286974549293518 0.14729924499988556 0.2805106043815613 0.21107836067676544 0.449351966381073
10 0.6284321546554565 0.161019429564476 0.20398196578025818 0.22398637235164642 0.3625616133213043
11 0.5724607706069946 0.09641844779253006 0.6813931465148926 0.19515588879585266 0.8152824640274048
3 0.5719284415245056 0.7021568417549133 0.5792038440704346 0.7384089827537537 0.6692328453063965
3 0.5639133453369141 0.6389501690864563 0.01194172352552414 0.6731122136116028 0.10838738828897476
6 0.5632591843605042 0.1652873158454895 0.14579275250434875 0.21177473664283752 0.2533005177974701
5 0.5385144352912903 0.7849101424217224 0.6764659881591797 0.8942975401878357 0.7935009002685547
8 0.5140826106071472 0.169662207365036 0.07052567601203918 0.22713595628738403 0.16833554208278656
