3 0.8842419981956482 0.48513686656951904 0.28100237250328064 0.5427032709121704 0.38396283984184265
9 0.8236614465713501 0.4029216468334198 0.2908112704753876 0.45472338795661926 0.3860410749912262
4 0.7154527306556702 0.5531914234161377 0.23478493094444275 0.6174032688140869 0.4232701361179352
7 0.6709958910942078 0.3108420968055725 0.31027868390083313 0.3914561867713928 0.5206711292266846
5 0.6548960208892822 0.8033297061920166 0.7102468013763428 0.8859614133834839 0.8526229858398438
3 0.6351094841957092 0.6483151912689209 0.18656399846076965 0.7001317739486694 0.3120795786380768
1 0.5606265068054199 0.6108304858207703 0.6541924476623535 0.6999096274375916 0.8396118879318237
9 0.531493067741394 0.2390758991241455 0.04162488877773285 0.2901114225387573 0.13392525911331177
3 0.4397199749946594 0.5931538343429565 0.4809591770172119 0.6547380685806274 0.6041955947875977
9 0.4269237518310547 0.32692891359329224 0.13621847331523895 0.3757433295249939 0.21998925507068634
