9 0.7147701978683472 0.24381175637245178 0.1311345398426056 0.29240623116493225 0.23144367337226868
9 0.6600913405418396 0.23510010540485382 0.053898584097623825 0.3092883825302124 0.1495063453912735
6 0.6465537548065186 0.14833949506282806 0.074554942548275 0.22059400379657745 0.21620461344718933
9 0.6270943880081177 0.2342081516981125 0.6028347611427307 0.27186715602874756 0.6889839768409729
11 0.6225188374519348 0.16268539428710938 0.028020918369293213 0.2390088438987732 0.16022254526615143
9 0.6057498455047607 0.23276759684085846 0.29260849952697754 0.2808794677257538 0.4091506004333496
3 0.562273383140564 0.6498539447784424 0.27858227491378784 0.7124253511428833 0.3984031677246094
5 0.51289963722229 0.7014903426170349 0.00842798501253128 0.7464243769645691 0.16232335567474365
3 0.4527272880077362 0.6355059146881104 0.10966126620769501 0.6845744848251343 0.23103027045726776
3 0.44888612627983093 0.67408287525177 0.4927771985530853 0.7280557155609131 0.6020826101303101
9 0.433081716299057 0.24135306477546692 0.7107709646224976 0.27771100401878357 0.7715573310852051
9 0.4287732243537903 0.22657325863838196 0.7664331197738647 0.2682729661464691 0.8386198282241821
3 0.4243526756763458 0.7127451300621033 0.7480642199516296 0.7667167782783508 0.8219003081321716
3 0.4109990894794464 0.6244421601295471 0.030067328363656998 0.6813890337944031 0.14901679754257202
6 0.4097287356853485 0.0821680873632431 0.6071780920028687 0.2073497623205185 0.7171018123626709
9 0.40860235691070557 0.24042339622974396 0.21285974979400635 0.2837510406970978 0.3147650957107544
