9 0.8084543943405151 0.24362558126449585 0.1239604651927948 0.2973185181617737 0.23220285773277283
6 0.7492584586143494 0.1570659726858139 0.07732965797185898 0.22019492089748383 0.21403086185455322
9 0.7311100363731384 0.23610354959964752 0.2779292166233063 0.28187423944473267 0.4063943326473236
4 0.6997492909431458 0.4819527864456177 0.33486661314964294 0.5480861663818359 0.5524960160255432
3 0.6979501843452454 0.6549651026725769 0.2740957736968994 0.71162348985672 0.40387415885925293
5 0.6955241560935974 0.7087772488594055 0.006925143301486969 0.7706735730171204 0.15684032440185547
2 0.6800170540809631 0.5596321821212769 0.26822447776794434 0.6180863380432129 0.4231688380241394
6 0.6773245334625244 0.10405465960502625 0.6129553318023682 0.19107821583747864 0.7325114011764526
3 0.6588537693023682 0.5545192360877991 0.11289873719215393 0.5999130606651306 0.24377787113189697
3 0.6523833870887756 0.5165849328041077 0.6119658946990967 0.5724052786827087 0.7012735605239868
7 0.6409450173377991 0.11447501182556152 0.3065638542175293 0.2111874222755432 0.5178108811378479
9 0.585639476776123 0.23537173867225647 0.39069852232933044 0.2848414480686188 0.5016449689865112
9 0.571999728679657 0.2420935332775116 0.6232414841651917 0.2832488715648651 0.7243593335151672
9 0.5663347244262695 0.38207516074180603 0.03496125712990761 0.4476456344127655 0.1397094428539276
3 0.5441522598266602 0.7318556308746338 0.7412670254707336 0.7707964181900024 0.8291719555854797
3 0.5368102192878723 0.487743616104126 0.20190736651420593 0.5415197610855103 0.3363172709941864
2 0.5317152738571167 0.6009175777435303 0.5889564156532288 0.679442286491394 0.7227368950843811
0 0.5252192616462708 0.6218166947364807 0.002565421164035797 0.6837322115898132 0.15930849313735962
8 0.5004597902297974 0.32941892743110657 0.23714450001716614 0.3864258825778961 0.44253817200660706
10 0.49274468421936035 0.3134048879146576 0.0756542980670929 0.3802916705608368 0.22662538290023804
