3 0.818871796131134 0.6250972151756287 0.07508086413145065 0.6881739497184753 0.1999989151954651
5 0.7907098531723022 0.8000286817550659 0.63426274061203 0.8794851303100586 0.7982258200645447
3 0.7801480889320374 0.6403750777244568 0.15643739700317383 0.7047109007835388 0.289145827293396
9 0.7639672160148621 0.2570338547229767 0.16519519686698914 0.3042432963848114 0.2637726366519928
2 0.7627242803573608 0.40128570795059204 0.3103313148021698 0.4691411852836609 0.4751717150211334
3 0.7481451630592346 0.48336261510849 0.25083014369010925 0.5443143248558044 0.3399820029735565
3 0.7052937746047974 0.6789716482162476 0.3442308008670807 0.7271015644073486 0.45197388529777527
9 0.7022756338119507 0.26112914085388184 0.013488531112670898 0.3040021061897278 0.09646902978420258
4 0.6874287724494934 0.5615176558494568 0.19363880157470703 0.6412776112556458 0.377335786819458
9 0.6757169961929321 0.40865036845207214 0.25270652770996094 0.45772460103034973 0.3531850576400757
10 0.66787189245224 0.33196333050727844 0.19325359165668488 0.38710448145866394 0.4080265760421753
3 0.6585984230041504 0.5973368287086487 0.44078218936920166 0.6463896632194519 0.5472844243049622
8 0.6282308101654053 0.09737864881753922 0.524834930896759 0.23175519704818726 0.6712983250617981
11 0.625750720500946 0.19808003306388855 0.6964104175567627 0.30634209513664246 0.8103765249252319
11 0.5728623867034912 0.18143078684806824 0.005622550845146179 0.23201081156730652 0.10852296650409698
3 0.5510335564613342 0.4951670169830322 0.010698176920413971 0.5363407135009766 0.11867640167474747
7 0.5119027495384216 0.13644778728485107 0.25902059674263 0.20335808396339417 0.45637276768684387
2 0.4884115159511566 0.5553752183914185 0.054095782339572906 0.6197141408920288 0.1932765543460846
1 0.41654276847839355 0.7555966377258301 0.24703553318977356 0.8216825723648071 0.48348185420036316
