7 0.8595057725906372 0.12787050008773804 0.20661380887031555 0.20122739672660828 0.40081676840782166
6 0.7870073914527893 0.41798970103263855 0.35562601685523987 0.46704259514808655 0.4968123733997345
9 0.7766846418380737 0.22940775752067566 0.2848442494869232 0.28537967801094055 0.3946303427219391
3 0.7511062622070312 0.3181648254394531 0.38680440187454224 0.3729233145713806 0.5026570558547974
9 0.718686580657959 0.23874478042125702 0.11102460324764252 0.3020256757736206 0.23520402610301971
3 0.7006638050079346 0.5572576522827148 0.2784825265407562 0.6159219741821289 0.39982667565345764
11 0.6292586326599121 0.3978095054626465 0.26358211040496826 0.4650793671607971 0.3964805603027344
1 0.5740275382995605 0.7325400114059448 0.21578449010849 0.8158708810806274 0.4146435856819153
3 0.5094043612480164 0.5088123679161072 0.6022672057151794 0.573140561580658 0.7306733727455139
9 0.46615275740623474 0.33005452156066895 0.48981842398643494 0.3829171657562256 0.6256198883056641
