9 0.8251266479492188 0.25328055024147034 0.17100602388381958 0.2987312972545624 0.2696200907230377
3 0.8202744722366333 0.6446150541305542 0.16239312291145325 0.7049082517623901 0.27781766653060913
5 0.7688499689102173 0.796167254447937 0.6389815807342529 0.8818527460098267 0.7873972654342651
3 0.7536972761154175 0.6259783506393433 0.07503151893615723 0.6908673048019409 0.18639275431632996
2 0.7486700415611267 0.40761318802833557 0.31248554587364197 0.4757704436779022 0.4757517874240875
3 0.7383756637573242 0.4841828942298889 0.24649785459041595 0.5428199172019958 0.3514241874217987
3 0.7325441241264343 0.6786859631538391 0.3425983190536499 0.7259196639060974 0.45305317640304565
4 0.6969777941703796 0.5611461400985718 0.20248553156852722 0.6333832740783691 0.3828698694705963
11 0.6843928098678589 0.1961454600095749 0.695281445980072 0.3037542700767517 0.8110031485557556
3 0.6540634036064148 0.4987827241420746 0.01709647849202156 0.5396229028701782 0.11070044338703156
9 0.652518630027771 0.26146382093429565 0.014836486428976059 0.306907594203949 0.09639984369277954
10 0.6449881792068481 0.33367863297462463 0.19131529331207275 0.39028313755989075 0.4063038229942322
8 0.6385002136230469 0.09440279752016068 0.5273386836051941 0.2350737750530243 0.6713600754737854
11 0.6179034113883972 0.18413864076137543 0.006241913884878159 0.23086105287075043 0.1029922366142273
3 0.6046226024627686 0.599822461605072 0.43348032236099243 0.6454878449440002 0.5458364486694336
9 0.6027970314025879 0.4070470333099365 0.24349814653396606 0.4575817584991455 0.34889447689056396
7 0.4421398639678955 0.13749410212039948 0.26192426681518555 0.20140676200389862 0.46568697690963745
