3 0.8348366022109985 0.48079290986061096 0.24463394284248352 0.5463827848434448 0.354174941778183
3 0.7948593497276306 0.6409567594528198 0.1695639193058014 0.7050619125366211 0.26987454295158386
5 0.7758606672286987 0.7942380309104919 0.6467500329017639 0.8801656365394592 0.7891859412193298
3 0.7635639905929565 0.6211695671081543 0.07647174596786499 0.6876435279846191 0.18956995010375977
9 0.7531382441520691 0.2523297965526581 0.1664731502532959 0.3090619146823883 0.2634234130382538
3 0.7399430871009827 0.5920833945274353 0.4167456030845642 0.6546264290809631 0.5548241138458252
3 0.7226742506027222 0.6739156246185303 0.3391384780406952 0.7290092706680298 0.4588012397289276
2 0.7144524455070496 0.40397390723228455 0.3185921311378479 0.4713095724582672 0.47665292024612427
3 0.6977033019065857 0.4931526780128479 0.02206268534064293 0.5459007620811462 0.10544648766517639
4 0.6842412352561951 0.5622056126594543 0.20281405746936798 0.632086455821991 0.37574446201324463
9 0.6826834678649902 0.3969501852989197 0.24815703928470612 0.46646809577941895 0.3501029908657074
9 0.6788991689682007 0.26566630601882935 0.011645805090665817 0.3061678409576416 0.10492648184299469
10 0.6411843299865723 0.32931020855903625 0.20999088883399963 0.3893727958202362 0.386079877614975
11 0.6154619455337524 0.1861480176448822 0.006567224860191345 0.23276790976524353 0.10310104489326477
6 0.6122022867202759 0.38797667622566223 0.541199803352356 0.4742266833782196 0.6728717088699341
7 0.6119310259819031 0.22048260271549225 0.24950969219207764 0.2995034456253052 0.49786102771759033
11 0.4556519389152527 0.20377475023269653 0.6862016916275024 0.31503015756607056 0.8132190704345703
8 0.4524937868118286 0.09615061432123184 0.5246286392211914 0.23174667358398438 0.6782366037368774
8 0.43181920051574707 0.47220316529273987 0.07352040708065033 0.5363011360168457 0.21158047020435333
1 0.4115571975708008 0.7564728856086731 0.38380223512649536 0.8470651507377625 0.5666149854660034
