3 0.8428314924240112 0.4984275996685028 0.23534652590751648 0.5672730803489685 0.35408321022987366
9 0.7456415891647339 0.41214004158973694 0.23690010607242584 0.4870346486568451 0.34611162543296814
3 0.7283297777175903 0.6741518378257751 0.16622555255889893 0.7284495234489441 0.26453545689582825
10 0.6979261040687561 0.3429626524448395 0.19003602862358093 0.41028687357902527 0.38737985491752625
3 0.6806482076644897 0.6145951151847839 0.42577528953552246 0.6831071972846985 0.5569426417350769
11 0.6777960062026978 0.6150740385055542 0.649653434753418 0.6914280652999878 0.7904011011123657
2 0.6760593056678772 0.4188839793205261 0.3193351626396179 0.4888688921928406 0.4652794599533081
9 0.66445392370224 0.2674602270126343 0.14145241677761078 0.32834291458129883 0.24663998186588287
7 0.6191447973251343 0.24516387283802032 0.27145615220069885 0.32640814781188965 0.4411185681819916
4 0.594729483127594 0.58942049741745 0.21382373571395874 0.6632788777351379 0.3640347719192505
9 0.5907755494117737 0.2712068557739258 -0.004611600190401077 0.31497859954833984 0.09679858386516571
1 0.5120723247528076 0.6853681206703186 0.5137436985969543 0.779298722743988 0.6884940266609192
3 0.49430564045906067 0.6982322931289673 0.3494475781917572 0.7348761558532715 0.45095130801200867
5 0.42652779817581177 0.8144106864929199 0.6565137505531311 0.9008697271347046 0.8082506060600281
