7 0.8676901459693909 0.13061143457889557 0.21451735496520996 0.20176102221012115 0.3988092541694641
6 0.7779569625854492 0.40320754051208496 0.37192511558532715 0.46172773838043213 0.49279361963272095
10 0.741608202457428 0.31883206963539124 0.06693407893180847 0.37675878405570984 0.23472186923027039
9 0.7399035096168518 0.2290719747543335 0.28549933433532715 0.28923100233078003 0.39638036489486694
3 0.7100968360900879 0.5065543055534363 0.6050257086753845 0.5820934176445007 0.7134783864021301
9 0.6385213136672974 0.2366088628768921 0.11640898883342743 0.30997639894485474 0.22680650651454926
9 0.6340367197990417 0.32425299286842346 0.49221888184547424 0.382673054933548 0.6278564929962158
3 0.5656480193138123 0.569441556930542 0.48660513758659363 0.6474659442901611 0.5975697040557861
2 0.5029666423797607 0.1934603750705719 0.5629515051841736 0.2894907593727112 0.720925509929657
1 0.482220858335495 0.7339056134223938 0.2011547088623047 0.8149353861808777 0.39371258020401
8 0.4796682596206665 0.19793498516082764 0.7240166068077087 0.27876585721969604 0.8587211966514587
8 0.41156864166259766 0.4066504240036011 0.5943856239318848 0.4884800910949707 0.7188180685043335
0 0.401164174079895 0.47075992822647095 0.1666189730167389 0.5313380360603333 0.30592215061187744
