9 0.6835485100746155 0.24179743230342865 0.13434797525405884 0.2945178151130676 0.22752520442008972
9 0.6698215007781982 0.23432937264442444 0.054236967116594315 0.312557190656662 0.1463409960269928
11 0.6219208836555481 0.16228218376636505 0.029342539608478546 0.24032126367092133 0.16196951270103455
6 0.6151667237281799 0.1476566195487976 0.0749376118183136 0.2206776738166809 0.2140207290649414
9 0.5935259461402893 0.23285701870918274 0.6057486534118652 0.273640900850296 0.6827316284179688
9 0.5786319971084595 0.22988295555114746 0.2842918634414673 0.28613942861557007 0.4062355160713196
3 0.5003955960273743 0.6573741436004639 0.29022353887557983 0.7122160196304321 0.4045436978340149
9 0.4455137252807617 0.2270597219467163 0.7668556571006775 0.2695249617099762 0.8367193341255188
5 0.44279903173446655 0.7019819617271423 0.016159042716026306 0.746239960193634 0.15639130771160126
6 0.41699373722076416 0.08709970116615295 0.6080489158630371 0.20405662059783936 0.718017578125
3 0.41643697023391724 0.676810085773468 0.49029818177223206 0.7252984642982483 0.6036618947982788
3 0.4014182686805725 0.6255528330802917 0.037780363112688065 0.6846166253089905 0.1535874456167221
9 0.4000105559825897 0.24093414843082428 0.7127909064292908 0.27883443236351013 0.7707358002662659
