9 0.8889859318733215 0.23529501259326935 0.2717948853969574 0.28691595792770386 0.40651097893714905
9 0.7788321375846863 0.2457961142063141 0.10571610182523727 0.3028837740421295 0.2372419834136963
6 0.7446354627609253 0.15324987471103668 0.08027102053165436 0.22389577329158783 0.21451665461063385
6 0.6950553059577942 0.3111155033111572 0.3718029260635376 0.37384718656539917 0.5159944295883179
3 0.6906373500823975 0.6587570309638977 0.25391653180122375 0.7131665349006653 0.40043315291404724
9 0.675997793674469 0.2392468899488449 0.37253040075302124 0.28480416536331177 0.4883536696434021
7 0.6584782600402832 0.10298552364110947 0.3259442150592804 0.22877594828605652 0.4976508915424347
3 0.5916637778282166 0.4634658694267273 0.10624650865793228 0.5270187854766846 0.24051222205162048
10 0.5762965083122253 0.3150350749492645 0.07748611271381378 0.3837418854236603 0.22414936125278473
3 0.5563400387763977 0.3863995671272278 0.11483243852853775 0.4490760564804077 0.24473732709884644
5 0.505014955997467 0.4682765007019043 0.3777710199356079 0.5566420555114746 0.5129174590110779
8 0.49323996901512146 0.19420164823532104 0.7259973287582397 0.2839798927307129 0.8572647571563721
9 0.4747547507286072 0.23008465766906738 0.6185956597328186 0.28200531005859375 0.7260560393333435
5 0.4252874553203583 0.5426517724990845 0.022659778594970703 0.6052423715591431 0.13805045187473297
1 0.40345263481140137 0.725607693195343 0.21431933343410492 0.818842351436615 0.3853706121444702
