6 0.7493752241134644 0.1529359221458435 0.08045074343681335 0.22382435202598572 0.2146347165107727
9 0.7468197345733643 0.24216830730438232 0.1020439863204956 0.30406254529953003 0.23891496658325195
3 0.7201020121574402 0.654959499835968 0.258134126663208 0.7171358466148376 0.3978087902069092
9 0.717464029788971 0.22781473398208618 0.2716354727745056 0.29437553882598877 0.41030848026275635
6 0.6563901901245117 0.2979779839515686 0.38950327038764954 0.37204086780548096 0.503372311592102
7 0.6541585326194763 0.1017577052116394 0.333778440952301 0.22853320837020874 0.4900268316268921
3 0.6436094045639038 0.46263188123703003 0.10931872576475143 0.5244585871696472 0.23531600832939148
10 0.5794090628623962 0.3131355345249176 0.08109232783317566 0.38379189372062683 0.21956732869148254
3 0.5578771233558655 0.3877560794353485 0.11764384806156158 0.4442255198955536 0.24572019279003143
3 0.5386224389076233 0.5114111304283142 0.5958892703056335 0.5727630257606506 0.7048658728599548
8 0.4959898293018341 0.19301965832710266 0.7238882780075073 0.2814766764640808 0.8595985174179077
5 0.4861701428890228 0.46791958808898926 0.383556067943573 0.5631105899810791 0.50650554895401
5 0.4242554008960724 0.5357674360275269 0.0266747884452343 0.6040998697280884 0.1351720690727234
1 0.4063917398452759 0.7231674194335938 0.21520736813545227 0.8195666074752808 0.38089993596076965
3 0.4038279056549072 0.5771383047103882 0.4834931492805481 0.6473163366317749 0.6039077639579773
0 0.40225425362586975 0.5512166619300842 0.09641709923744202 0.6160922646522522 0.21847206354141235
