9 0.8174925446510315 0.2574959695339203 0.15733389556407928 0.30981823801994324 0.27351105213165283
3 0.7925363779067993 0.4888223707675934 0.22937360405921936 0.5453180074691772 0.35716333985328674
2 0.762425422668457 0.4039042890071869 0.31452929973602295 0.46992406249046326 0.4802267551422119
5 0.7561489343643188 0.7963373064994812 0.6379669904708862 0.8819461464881897 0.7998237609863281
3 0.7559127807617188 0.6474512219429016 0.159385085105896 0.7034400105476379 0.27377042174339294
3 0.7483206987380981 0.6249488592147827 0.0738990306854248 0.6879810094833374 0.180148184299469
9 0.7329265475273132 0.2603936195373535 0.016303174197673798 0.307991623878479 0.09927558153867722
4 0.7317579388618469 0.5715827941894531 0.18664665520191193 0.6226370334625244 0.39729011058807373
3 0.7244709134101868 0.6733638644218445 0.342932790517807 0.7296391129493713 0.4553457200527191
9 0.7211203575134277 0.4109686017036438 0.22876182198524475 0.46876031160354614 0.3554536998271942
10 0.7189159393310547 0.32523950934410095 0.19263628125190735 0.3986618220806122 0.4053303301334381
3 0.693447470664978 0.591274082660675 0.42130526900291443 0.6546189188957214 0.5564051866531372
8 0.6756726503372192 0.09890008717775345 0.5232895016670227 0.22956591844558716 0.6715338826179504
3 0.6138368844985962 0.49978646636009216 0.01622338965535164 0.5385505557060242 0.10601288080215454
11 0.5846232771873474 0.20067143440246582 0.6936818957328796 0.30892449617385864 0.8066150546073914
11 0.5840706825256348 0.18257702887058258 -0.0024685151875019073 0.2309572845697403 0.10975685715675354
6 0.5837119221687317 0.39161401987075806 0.529267430305481 0.468503475189209 0.6819784641265869
7 0.5276381969451904 0.13234658539295197 0.2632405459880829 0.2111787647008896 0.44297561049461365
9 0.4652389883995056 0.2442244440317154 0.5531532168388367 0.2848909795284271 0.656650960445404
1 0.43001434206962585 0.7534554600715637 0.2348911464214325 0.8255916237831116 0.49430856108665466
