3 0.8452658653259277 0.5016958713531494 0.22664301097393036 0.5584111213684082 0.35887348651885986
10 0.7223458886146545 0.34421247243881226 0.19547680020332336 0.40754956007003784 0.383352667093277
9 0.7051541805267334 0.2665632963180542 0.14229311048984528 0.32978636026382446 0.24668972194194794
3 0.6983156204223633 0.7036372423171997 0.3450497090816498 0.7451320886611938 0.4797082245349884
2 0.6856598854064941 0.41858530044555664 0.33098652958869934 0.49104899168014526 0.453490287065506
9 0.6810389757156372 0.4161497950553894 0.23820431530475616 0.482657790184021 0.34861382842063904
11 0.6730452179908752 0.6220675706863403 0.6525324583053589 0.6903897523880005 0.7820441722869873
3 0.6596754789352417 0.6813563108444214 0.16619069874286652 0.7326682806015015 0.2631390392780304
9 0.617440402507782 0.27145490050315857 -0.005155429244041443 0.31400343775749207 0.095486581325531
7 0.6132195591926575 0.24514040350914001 0.27426356077194214 0.3266666829586029 0.44504237174987793
4 0.5925578474998474 0.5924106240272522 0.22080260515213013 0.6644356846809387 0.36807578802108765
3 0.5669101476669312 0.6137887239456177 0.4126979112625122 0.6839337348937988 0.5794059038162231
6 0.5231693983078003 0.4022848606109619 0.537117063999176 0.4918004274368286 0.6688646674156189
5 0.4481543004512787 0.8148459792137146 0.6616072654724121 0.9001666903495789 0.8129947185516357
1 0.4475034773349762 0.6841331124305725 0.5210901498794556 0.7808038592338562 0.6765444278717041
