9 0.668107807636261 0.2434234917163849 0.04004840925335884 0.29767099022865295 0.14281438291072845
11 0.6591805219650269 0.12988659739494324 0.19146381318569183 0.2138509452342987 0.3143673241138458
9 0.574600875377655 0.3241114914417267 0.13178464770317078 0.3807787001132965 0.23251992464065552
1 0.5724613070487976 0.679291307926178 0.5559940934181213 0.7611200213432312 0.7103082537651062
4 0.5552913546562195 0.5510826706886292 0.22768038511276245 0.6191679835319519 0.4247106909751892
9 0.5471860766410828 0.4095689654350281 0.28891894221305847 0.44926518201828003 0.39633503556251526
3 0.5165008902549744 0.5894742608070374 0.49293994903564453 0.6613821387290955 0.5954494476318359
7 0.5160636305809021 0.21485194563865662 0.33272677659988403 0.2996833026409149 0.5153693556785583
2 0.48686107993125916 0.40292996168136597 0.3640982508659363 0.45313072204589844 0.5203234553337097
5 0.48015153408050537 0.8017189502716064 0.7043675780296326 0.8856468200683594 0.8640279173851013
3 0.4739062488079071 0.4858212172985077 0.27490395307540894 0.5303280353546143 0.4009026885032654
3 0.4245397746562958 0.6505239009857178 0.1793649047613144 0.6953808069229126 0.3128201365470886
