3 0.76717609167099 0.7064653635025024 0.6812794804573059 0.757652759552002 0.783168375492096
9 0.7617824077606201 0.229261577129364 0.5689335465431213 0.2908676862716675 0.6864625811576843
9 0.7592419981956482 0.27058273553848267 0.018394116312265396 0.30684393644332886 0.08983051776885986
9 0.7483620643615723 0.2532934546470642 0.35711562633514404 0.2986271381378174 0.4575057029724121
9 0.7423357963562012 0.24826839566230774 0.45335882902145386 0.2874719202518463 0.5528697371482849
3 0.7406710982322693 0.6810160279273987 0.35594308376312256 0.7175307869911194 0.44299882650375366
3 0.7396519184112549 0.6324992179870605 0.07851454615592957 0.6841055154800415 0.19347742199897766
9 0.7268642783164978 0.2550721764564514 0.172775536775589 0.3006378412246704 0.2640262246131897
3 0.6695203185081482 0.6875666379928589 0.45541757345199585 0.725852370262146 0.5401512384414673
9 0.6694812178611755 0.25583237409591675 0.09026776999235153 0.30682235956192017 0.1736127734184265
9 0.6447705626487732 0.22931069135665894 0.6846206188201904 0.278406023979187 0.7710292339324951
1 0.6377009153366089 0.7365884780883789 0.27785107493400574 0.8328801393508911 0.4567851126194
3 0.613342821598053 0.6367976665496826 0.16144824028015137 0.6919829845428467 0.28213194012641907
7 0.6106586456298828 0.14850999414920807 0.28608405590057373 0.2116236537694931 0.4480140209197998
3 0.6019127368927002 0.7088155746459961 0.5827367901802063 0.7478330135345459 0.6643670201301575
3 0.5862722992897034 0.6419258713722229 0.00516229122877121 0.6745485663414001 0.11089403927326202
10 0.56962651014328 0.15947958827018738 0.21031798422336578 0.22386261820793152 0.3617632985115051
6 0.5599842667579651 0.16629812121391296 0.15374992787837982 0.21079811453819275 0.2538191080093384
9 0.5450940728187561 0.253936767578125 0.2661503851413727 0.2978516221046448 0.3727472722530365
11 0.5352956652641296 0.1022094339132309 0.6787098050117493 0.18972869217395782 0.8098683953285217
