3 0.8134945034980774 0.6258245706558228 0.07800937443971634 0.6847566366195679 0.19745618104934692
9 0.7800023555755615 0.24549600481987 0.176900714635849 0.30550387501716614 0.2681312561035156
3 0.7403106093406677 0.6752010583877563 0.34299156069755554 0.7296320199966431 0.4470733106136322
9 0.7402535676956177 0.2669603228569031 0.016998935490846634 0.3013598322868347 0.09684458374977112
3 0.7321736812591553 0.6374956369400024 0.1622893512248993 0.6989681720733643 0.28170037269592285
2 0.6919299960136414 0.4028252959251404 0.30980876088142395 0.4765043258666992 0.4811200201511383
7 0.6516632437705994 0.1303989440202713 0.25407612323760986 0.20634625852108002 0.46593260765075684
8 0.6327812075614929 0.09228437393903732 0.5275492668151855 0.2359304428100586 0.6633325815200806
11 0.6092913746833801 0.19985909759998322 0.6837048530578613 0.3057946562767029 0.808525800704956
3 0.5998226404190063 0.678665816783905 0.4514668583869934 0.7239574790000916 0.5328551530838013
9 0.5574294328689575 0.2418804168701172 0.5518521070480347 0.2829059958457947 0.6548733711242676
3 0.5248734951019287 0.484436959028244 0.2434701770544052 0.5414134860038757 0.3504432439804077
11 0.5097187161445618 0.1869133859872818 0.007618110626935959 0.2235579937696457 0.09694699943065643
6 0.5083922147750854 0.11753720045089722 0.4117087125778198 0.20095059275627136 0.5475505590438843
3 0.4686119258403778 0.6165648698806763 0.6784964203834534 0.663366436958313 0.7981441617012024
2 0.4654788076877594 0.5515061020851135 0.05608454346656799 0.617198646068573 0.19780349731445312
5 0.46031326055526733 0.7923012375831604 0.6538166403770447 0.883734405040741 0.7852129340171814
9 0.44583091139793396 0.4141506254673004 0.6844836473464966 0.4764574468135834 0.7779867649078369
10 0.43624410033226013 0.14095692336559296 0.18253213167190552 0.2146228700876236 0.37578916549682617
4 0.42931097745895386 0.5642284750938416 0.19208967685699463 0.6323785185813904 0.39212971925735474
