3 0.806465744972229 0.481269896030426 0.24601420760154724 0.5444750189781189 0.3518117368221283
3 0.7992222309112549 0.6355845928192139 0.16874080896377563 0.704547643661499 0.2708843946456909
3 0.7840290069580078 0.6696485280990601 0.3410531282424927 0.7308222055435181 0.45759814977645874
9 0.7624766826629639 0.25030025839805603 0.17467817664146423 0.30460187792778015 0.2638821601867676
2 0.7508054375648499 0.40532800555229187 0.32004183530807495 0.46950235962867737 0.4791826605796814
5 0.7476268410682678 0.7928658127784729 0.6518157124519348 0.8784037232398987 0.7864435315132141
3 0.7444794178009033 0.6201598644256592 0.07398346066474915 0.6878619194030762 0.18757027387619019
3 0.7291707992553711 0.5944339632987976 0.41772738099098206 0.6553801894187927 0.5609388947486877
9 0.7035529017448425 0.39887475967407227 0.24804140627384186 0.4635673761367798 0.35191649198532104
9 0.6777529120445251 0.2649001479148865 0.013102877885103226 0.306607723236084 0.10318303108215332
3 0.6713624000549316 0.49235305190086365 0.022070813924074173 0.5459558963775635 0.10723727941513062
6 0.6543554663658142 0.3833654522895813 0.5371466875076294 0.4761456847190857 0.6785945892333984
4 0.6460793018341064 0.5668889284133911 0.19445937871932983 0.626207709312439 0.377966046333313
7 0.6450470685958862 0.2182435393333435 0.2542182207107544 0.3018072843551636 0.49189454317092896
10 0.6262702345848083 0.32613566517829895 0.2103765457868576 0.3864192068576813 0.3863351345062256
11 0.6242122054100037 0.18483294546604156 0.00907832756638527 0.2322854846715927 0.10256311297416687
11 0.4885302782058716 0.2036171555519104 0.6848248243331909 0.3130110502243042 0.8188126087188721
1 0.47230982780456543 0.7602875232696533 0.38661491870880127 0.8515945672988892 0.5678132176399231
8 0.4691191613674164 0.09948323667049408 0.523630678653717 0.22994808852672577 0.680916965007782
