3 0.825594961643219 0.626236081123352 0.07428260147571564 0.6906658411026001 0.19471843540668488
9 0.7834984064102173 0.2523854672908783 0.3500839173793793 0.29763850569725037 0.4737314283847809
9 0.7766284942626953 0.25608009099960327 0.16865959763526917 0.29890817403793335 0.26606205105781555
7 0.7454932332038879 0.13964985311031342 0.2573048770427704 0.21204642951488495 0.460872620344162
9 0.7431967854499817 0.26976943016052246 0.017047274857759476 0.3007875680923462 0.0906578004360199
3 0.7310853004455566 0.6429548859596252 0.16718235611915588 0.7007796168327332 0.2799489498138428
3 0.7181928753852844 0.6774643063545227 0.3442169427871704 0.7335745692253113 0.4509156346321106
10 0.6771594882011414 0.14993266761302948 0.20332257449626923 0.22138960659503937 0.3648943305015564
3 0.6548922061920166 0.6829855442047119 0.4500133693218231 0.7330448627471924 0.5333625078201294
9 0.6342711448669434 0.25685393810272217 0.4472842514514923 0.28584253787994385 0.577104926109314
3 0.6320770978927612 0.6240292191505432 0.6844558715820312 0.6644036173820496 0.7861771583557129
9 0.6267966628074646 0.23489563167095184 0.554541289806366 0.2851177453994751 0.682129442691803
8 0.6054284572601318 0.12350912392139435 0.5202329158782959 0.20475561916828156 0.6765378713607788
11 0.5906266570091248 0.19027715921401978 0.005920711904764175 0.228411465883255 0.08727967739105225
9 0.5852442979812622 0.2372439205646515 0.499661386013031 0.27820274233818054 0.6447880864143372
9 0.5809478163719177 0.2591404318809509 0.0886581763625145 0.31444329023361206 0.16492605209350586
6 0.5604109168052673 0.12117734551429749 0.41889747977256775 0.2008884847164154 0.564410388469696
1 0.5520679950714111 0.7458032369613647 0.26212573051452637 0.8217034339904785 0.4666585326194763
6 0.5461257100105286 0.16837078332901 0.14987093210220337 0.2118147909641266 0.26495876908302307
2 0.49213242530822754 0.5483051538467407 0.04935711622238159 0.6250653266906738 0.19700407981872559
