9 0.2764886164623468 0.16710268149117072 0.058231173380035056 0.10922171353826032
6 0.4441768826619965 0.43100065402223675 0.05998248686514884 0.13996075866579455
7 0.16615586690017514 0.30608240680183124 0.07661996497373032 0.20536298234139966
10 0.3471978984238179 0.15075212557226944 0.06304728546409805 0.1785480706344016
11 0.4365148861646234 0.3407455853499019 0.06042031523642736 0.12818835840418577
8 0.4516199649737303 0.6487900588620014 0.06698774080560413 0.1556572923479399
9 0.2589754816112084 0.33649444081098756 0.0564798598949212 0.11837802485284499
9 0.35442206654991243 0.5601700457815565 0.05910683012259195 0.12230215827338135
5 0.271015761821366 0.06932635709614127 0.05779334500875654 0.12688031393067364
2 0.2449649737302977 0.6455199476782211 0.06873905429071805 0.158273381294964
1 0.7705779334500876 0.30052321778940483 0.0893169877408057 0.2060170045781557
3 0.542031523642732 0.6648136036625245 0.05691768826619965 0.11968606932635704
3 0.5901926444833625 0.35120994113799864 0.04903677758318732 0.11379986919555266
3 0.6070490367775832 0.5398953564421191 0.0564798598949212 0.12491824722040554