1 0.6924255691768827 0.31131458469587964 0.08625218914185649 0.20667102681491167
10 0.7381786339754816 0.13865271419228253 0.07968476357267945 0.17266187050359708
6 0.44308231173380036 0.43459777632439506 0.06129597197898425 0.1497710922171354
11 0.43695271453590195 0.3397645519947678 0.07005253940455347 0.13669064748201443
5 0.27211033274956214 0.06998037933289732 0.0564798598949212 0.12949640287769787
7 0.16637478108581435 0.3051013734466972 0.08406304728546411 0.21255722694571616
9 0.2762697022767075 0.1635055591890124 0.0586690017513135 0.11249182472204054
9 0.3561733800350263 0.5595160235448005 0.060858143607705736 0.11445389143230862
9 0.2587565674255692 0.33616742969260954 0.055166374781085784 0.11903204708960101
3 0.34697898423817863 0.4398299542184434 0.05647985989492113 0.11314584695879663
3 0.5908493870402802 0.34368868541530406 0.05647985989492113 0.11445389143230869
3 0.5435639229422067 0.6654676258992805 0.05385288966725044 0.11837802485284499