1 0.7690455341506129 0.3018312622629169 0.08450087565674244 0.2020928711576193
11 0.4336690017513135 0.3374754741661216 0.06436077057793345 0.13734466971877046
8 0.35267075306479856 0.42576847612818836 0.06523642732049034 0.1478090255068673
6 0.44176882661996497 0.4316546762589928 0.058669001751313433 0.15565729234793976
10 0.34741681260945706 0.14519293655984303 0.06786339754816116 0.17789404839764553
7 0.1672504378283713 0.30346631785480704 0.07968476357267952 0.21451929365598427
9 0.2745183887915937 0.16775670372792673 0.05779334500875654 0.10529758011772403
9 0.2591943957968476 0.33911052975801176 0.055166374781085784 0.11445389143230869
9 0.35464098073555167 0.5611510791366906 0.05691768826619965 0.1203400915631132
5 0.2716725043782837 0.07128842380640942 0.06260945709281959 0.13211249182472204
3 0.5912872154115587 0.3463047743623283 0.05297723292469348 0.11837802485284499
3 0.4292907180385289 0.5415304120340092 0.058231173380035056 0.10987573577501636
3 0.5433450087565674 0.6657946370176586 0.06042031523642736 0.11903204708960101