0 0.7405866900175131 0.15729234793982996 0.04947460595446584 0.13015042511445388
0 0.5221103327495622 0.3266841072596468 0.048598949211908944 0.13015042511445388
4 0.707968476357268 0.41170699803793326 0.051663747810858 0.16546762589928057
2 0.7707968476357269 0.2972531066056246 0.07224168126094564 0.1877043819489863
5 0.8504816112084063 0.7835186396337476 0.07311733800350267 0.13865271419228264
5 0.7263572679509631 0.08371484630477435 0.052539404553415034 0.11772400261608897
2 0.8161120840630472 0.5461085676913014 0.07180385288966726 0.1360366252452584
3 0.6830122591943959 0.343034663178548 0.04290718038528906 0.10268149117069979
2 0.605954465849387 0.34434270765206015 0.059544658493870396 0.13669064748201443
3 0.6547723292469352 0.09287115761935906 0.042469352014010406 0.09941137998691955
3 0.5770577933450087 0.17724002616088946 0.043782837127845815 0.10202746893394377
3 0.5142294220665499 0.262589928057554 0.042469352014010545 0.10398953564421191
3 0.5293345008756567 0.448005232177894 0.05078809106830125 0.104643557880968
3 0.7440893169877408 0.7828646173969915 0.05210157618213666 0.11249182472204047
3 0.6000437828371278 0.5457815565729235 0.04772329246935198 0.10791366906474814
3 0.5426882661996497 0.6667756703727926 0.05297723292469355 0.1105297580117724
8 0.3517950963222417 0.32799215173315893 0.05735551663747816 0.13145846958796598
11 0.34741681260945706 0.7773054283845651 0.06436077057793345 0.1366906474820143
11 0.19811733800350265 0.09156311314584696 0.048598949211908944 0.11641595814257684
6 0.18651488616462347 0.15042511445389142 0.055166374781085784 0.14126880313930673
6 0.14207530647985991 0.6625245258338783 0.06523642732049038 0.14126880313930676
7 0.16309106830122594 0.4087638979725311 0.07136602451838882 0.19751471550032698
9 0.4176882661996497 0.2462393721386527 0.043782837127845815 0.10268149117069979
10 0.273861646234676 0.2210595160235448 0.06786339754816113 0.1661216481360366
9 0.4133099824868651 0.08698495748855462 0.04203152364273203 0.09810333551340743
9 0.2723292469352014 0.1635055591890124 0.04203152364273203 0.09679529103989534
9 0.26028896672504376 0.3394375408763898 0.048598949211908944 0.10202746893394377
9 0.2609457092819615 0.4372138652714192 0.052539404553415034 0.10922171353826034
9 0.2484676007005254 0.6674296926095487 0.04684763572679508 0.10137344669718774
9 0.4312609457092819 0.5542838456507521 0.04553415061295974 0.11576193590582075
9 0.45008756567425573 0.7887508175277959 0.056042031523642746 0.10856769130150432