4 0.782399299474606 0.2949640287769784 0.06830122591943968 0.15565729234793982
1 0.7863397548161122 0.368214519293656 0.07180385288966726 0.1857423152387181
0 0.8088879159369528 0.49345977763243953 0.05647985989492126 0.13015042511445388
0 0.7537215411558669 0.2119032047089601 0.047723292469352044 0.12557226945716154
2 0.7432136602451839 0.13767168083714848 0.058231173380035056 0.1105297580117724
2 0.8261821366024519 0.6124918247220406 0.07180385288966726 0.11968606932635711
5 0.7421190893169878 0.06540222367560497 0.046409807355516634 0.10202746893394374
5 0.8393169877408055 0.7344669718770438 0.06742556917688265 0.12557226945716154
3 0.7388353765323993 0.7361020274689339 0.051225919439579624 0.10137344669718774
3 0.7239492119089317 0.6144538914323087 0.04947460595446584 0.10137344669718774
3 0.7103765323992994 0.5085022890778286 0.04334500875656744 0.09614126880313925
3 0.6983362521891419 0.4051667756703728 0.04465849387040285 0.09744931327665143
3 0.6856392294220666 0.3083714846304775 0.04553415061295961 0.09352517985611514
3 0.675569176882662 0.2266187050359712 0.04028021015761824 0.09614126880313932
3 0.6652802101576183 0.1461739699149771 0.04159369527145365 0.08829300196206669
3 0.6609019264448336 0.06376716808371484 0.03984238178633986 0.092217135382603
10 0.19111208406304728 0.2779594506213211 0.0617338003502627 0.1661216481360366
7 0.1757880910683012 0.36363636363636365 0.06436077057793345 0.19097449313276654
6 0.19373905429071803 0.20470896010464357 0.048598949211908944 0.13080444735120994
6 0.1619964973730298 0.4882275997383911 0.055166374781085804 0.13015042511445388
8 0.21190893169877406 0.12589928057553956 0.05078809106830125 0.12622629169391758
8 0.1674693520140105 0.6020274689339438 0.06523642732049037 0.14061478090255072
11 0.14382661996497373 0.7462393721386527 0.06260945709281963 0.13342053629823417
11 0.21081436077057794 0.05134074558534991 0.04597197898423819 0.10268149117069982
9 0.28721541155866903 0.05591890124264225 0.03852889667250438 0.09614126880313931
9 0.2852451838879159 0.13767168083714848 0.042469352014010545 0.08829300196206671
9 0.2826182136602452 0.22465663832570307 0.04159369527145358 0.09744931327665143
9 0.27714535901926446 0.3077174623937214 0.0481611208406305 0.09875735775016349
9 0.27802101576182137 0.40974493132766515 0.047285464098073535 0.09875735775016349
9 0.2640105078809107 0.5143884892086331 0.05429071803852889 0.10268149117069979
9 0.2648861646234676 0.6157619359058207 0.05078809106830125 0.10529758011772397
9 0.25284588441330996 0.7396991497710922 0.05472854640980734 0.10333551340745582