4 0.7885288966725045 0.28809679529103993 0.059544658493870466 0.1432308698495749
1 0.7926882661996497 0.36854153041203397 0.07837127845884403 0.18247220405493783
0 0.7618213660245184 0.21550032701111838 0.051663747810858 0.12622629169391758
0 0.8038528896672504 0.49934597776324396 0.058669001751313433 0.12622629169391758
5 0.7462784588441331 0.13374754741661216 0.054728546409807476 0.11445389143230869
5 0.826401050788091 0.6092217135382603 0.07136602451838889 0.13015042511445388
5 0.7429947460595447 0.06671026814911706 0.04816112084063043 0.10725964682799215
5 0.8393169877408055 0.7344669718770438 0.07443082311733808 0.12818835840418566
3 0.659369527145359 0.06507521255722694 0.041155866900174996 0.09352517985611511
3 0.665061295971979 0.14421190320470895 0.04290718038528906 0.09221713538260298
3 0.6751313485113836 0.22531066056245913 0.04553415061295961 0.0948332243296272
3 0.6849824868651488 0.3041203400915631 0.045096322241681225 0.10595160235448003
3 0.699430823117338 0.39928057553956836 0.04159369527145365 0.10268149117069979
3 0.7114711033274956 0.5026160889470241 0.043782837127845815 0.1066056245912361
3 0.7252626970227671 0.6131458469587966 0.04684763572679502 0.10529758011772404
3 0.7392732049036778 0.7341399607586657 0.05210157618213666 0.11576193590582087
10 0.1882661996497373 0.27926749509483323 0.0647985989492119 0.16481360366252454
7 0.17469352014010509 0.3642903858731197 0.06830122591943956 0.19097449313276654
6 0.1926444833625219 0.20372792674950949 0.052539404553415034 0.12884238064094178
6 0.1600262697022767 0.48593852190974496 0.05998248686514884 0.13734466971877046
8 0.20030647985989491 0.1291693917593198 0.05472854640980734 0.11837802485284499
8 0.15608581436077057 0.6203400915631131 0.06786339754816112 0.13538260300850224
11 0.14360770577933452 0.7452583387835185 0.06742556917688267 0.14061478090255072
11 0.20884413309982486 0.052975801177240024 0.05078809106830125 0.10595160235448005
9 0.2817425569176883 0.056899934597776314 0.04684763572679508 0.08763897972531066
9 0.2817425569176883 0.13799869195552647 0.047723292469352044 0.09156311314584695
9 0.28108581436077057 0.223675604970569 0.046409807355516634 0.09679529103989534
9 0.27342381786339753 0.3090255068672335 0.0564798598949212 0.09875735775016349
9 0.2732049036777583 0.41072596468279926 0.05691768826619965 0.104643557880968
9 0.26204028021015763 0.512753433616743 0.058231173380035056 0.09548724656638322
9 0.26138353765323996 0.6157619359058207 0.06129597197898425 0.10529758011772397
9 0.2506567425569177 0.738064094179202 0.060858143607705806 0.10398953564421184