1 0.7721103327495622 0.29823413996075865 0.07136602451838889 0.19228253760627856
4 0.7046847635726794 0.420863309352518 0.06873905429071805 0.17854807063440153
5 0.8458844133099824 0.7825376062786135 0.07793345008756566 0.13407455853499017
5 0.7331436077057794 0.08469587965990844 0.057355516637478024 0.11837802485284499
0 0.35814360770577935 0.5405493786788751 0.06392294220665494 0.14323086984957484
0 0.6506129597197898 0.07913669064748202 0.052539404553415034 0.14126880313930673
2 0.6055166374781086 0.34270765206017006 0.05691768826619965 0.1425768476128188
2 0.646015761821366 0.6612164813603663 0.06611208406304724 0.1347285807717462
3 0.5976357267950964 0.5461085676913014 0.0586690017513135 0.11510791366906471
3 0.7392732049036778 0.7848266841072596 0.06173380035026263 0.11249182472204047
3 0.6825744308231173 0.3459777632439503 0.043782837127845815 0.10725964682799212
3 0.5768388791593695 0.17822105951602354 0.042469352014010545 0.1066056245912361
3 0.5072241681260945 0.09123610202746893 0.047723292469352044 0.10398953564421189
3 0.5148861646234676 0.26389797253106606 0.046409807355516634 0.1105297580117724
3 0.35485989492119085 0.4522563767168084 0.04597197898423812 0.10529758011772404
3 0.5433450087565674 0.6654676258992805 0.049912434325744354 0.11445389143230876
11 0.19658493870402804 0.08992805755395684 0.05078809106830125 0.1170699803793329
11 0.345446584938704 0.7786134728580772 0.06479859894921197 0.14323086984957484
10 0.27451838879159374 0.22204054937867884 0.06742556917688268 0.16808371484630474
7 0.1615586690017513 0.40647482014388486 0.07267950963222415 0.1916285153695226
6 0.18629597197898426 0.15206017004578154 0.0556042031523643 0.13799869195552647
6 0.14316987740805603 0.6638325703073905 0.0683012259194396 0.1386527141922826
8 0.16287215411558667 0.5467625899280576 0.07443082311733801 0.13342053629823417
8 0.3517950963222417 0.329300196206671 0.05735551663747816 0.13015042511445388
9 0.4176882661996497 0.24525833878351863 0.04816112084063043 0.10856769130150425
9 0.41133975481611207 0.08567691301504252 0.04684763572679515 0.10464355788096794
9 0.2732049036777583 0.16644865925441465 0.0481611208406305 0.09875735775016349
9 0.26138353765323996 0.3407455853499019 0.0481611208406305 0.10725964682799212
9 0.24649737302977232 0.6684107259646829 0.05691768826619965 0.1137998691955526
9 0.25941330998248685 0.4362328319162851 0.05385288966725044 0.11249182472204061
9 0.4314798598949212 0.5588620013080445 0.047723292469352044 0.11183780248528444
9 0.44549036777583184 0.7923479398299542 0.058231173380035056 0.11706998037933293