0 0.5967600700525395 0.15729234793982996 0.0525394045534151 0.1458469587965991
1 0.7697022767075306 0.2998691955526488 0.08231173380035027 0.1955526487900589
2 0.24365148861646235 0.6402877697841727 0.07049036777583186 0.15696533682145195
2 0.3504816112084063 0.43361674296926095 0.06698774080560413 0.14911706998037935
3 0.7419001751313485 0.7880967952910398 0.060858143607705875 0.11772400261608897
3 0.6862959719789843 0.34466971877043817 0.05385288966725044 0.11249182472204057
3 0.6083625218914186 0.5382603008502289 0.051225919439579624 0.11510791366906471
3 0.5413747810858144 0.6674296926095487 0.05910683012259195 0.12230215827338121
5 0.5711471103327496 0.07979071288423806 0.05210157618213666 0.12818835840418574
5 0.510507880910683 0.34401569653368214 0.05691768826619965 0.12688031393067362
11 0.19658493870402804 0.0879659908436887 0.056042031523642746 0.12361020274689337
3 0.41878283712784586 0.18247220405493786 0.048598949211908944 0.11118378024852847
7 0.1687828371278459 0.3067364290385873 0.08274956217162871 0.20143884892086336
8 0.23686514886164625 0.7890778286461739 0.08318739054290716 0.15500327011118387
6 0.18651488616462347 0.14519293655984303 0.0647985989492119 0.15827338129496404
10 0.348292469352014 0.14813603662524524 0.06348511383537656 0.18508829300196206
9 0.27342381786339753 0.16677567037279267 0.051225919439579694 0.10856769130150425
9 0.25941330998248685 0.3397645519947678 0.05385288966725044 0.11445389143230869
9 0.260507880910683 0.4368868541530412 0.05779334500875654 0.11249182472204047
9 0.35595446584938706 0.5624591236102028 0.05779334500875654 0.11641595814257691