4 0.521015761821366 0.420863309352518 0.06479859894921197 0.18508829300196206
2 0.5945709281961471 0.3338783518639634 0.05429071803852896 0.1458469587965991
2 0.6392294220665499 0.6563113145846959 0.06917688266199644 0.1550032701111838
1 0.7677320490367776 0.30085022890778285 0.07924693520140107 0.19620667102681486
5 0.7335814360770578 0.08567691301504252 0.05647985989492126 0.12688031393067364
5 0.8474168126094571 0.7835186396337476 0.07924693520140107 0.1399607586657947
3 0.7440893169877408 0.7831916285153695 0.06348511383537642 0.12230215827338115
3 0.6823555166374782 0.34336167429692604 0.05297723292469341 0.11510791366906471
3 0.5753064798598949 0.17560497056899932 0.04465849387040285 0.10529758011772403
3 0.6081436077057794 0.540222367560497 0.05429071803852896 0.10725964682799212
3 0.5424693520140106 0.6631785480706344 0.05691768826619965 0.1137998691955526
3 0.5131348511383538 0.2655330281229562 0.04816112084063043 0.1164159581425768
0 0.653677758318739 0.08109875735775017 0.053415061295972066 0.14126880313930673
0 0.3570490367775832 0.5382603008502289 0.05998248686514884 0.14780902550686717
11 0.19767950963222417 0.08567691301504252 0.0564798598949212 0.12818835840418574
7 0.1637478108581436 0.40156965336821454 0.07267950963222415 0.19751471550032698
8 0.34916812609457093 0.3302812295618051 0.05998248686514884 0.1386527141922825
8 0.16243432574430822 0.5461085676913014 0.07267950963222415 0.14126880313930668
6 0.18717162872154114 0.15075212557226944 0.058231173380035056 0.14061478090255067
6 0.14404553415061297 0.659581425768476 0.06742556917688265 0.14061478090255072
10 0.2729859894921191 0.22073250490516677 0.0731173380035026 0.16154349247874428
9 0.27342381786339753 0.1657946370176586 0.04947460595446584 0.10006540222367562
9 0.4126532399299475 0.08633093525179855 0.04947460595446584 0.10202746893394374
9 0.4176882661996497 0.24950948332243295 0.04553415061295974 0.1066056245912361
9 0.25941330998248685 0.3394375408763898 0.04684763572679508 0.10595160235448006
9 0.2587565674255692 0.4398299542184434 0.05429071803852889 0.1105297580117724
9 0.2517513134851138 0.6677567037279268 0.05691768826619965 0.11641595814257691