10 0.3458844133099825 0.14846304774362326 0.07355516637478104 0.1805101373446697
6 0.18432574430823118 0.14944408109875737 0.06304728546409809 0.1379986919555265
11 0.1978984238178634 0.08960104643557881 0.06392294220665501 0.12688031393067364
7 0.1657180385288967 0.3047743623283191 0.07749562171628721 0.20536298234139966
8 0.23577057793345008 0.7913669064748201 0.08625218914185637 0.1661216481360366
9 0.2747373029772329 0.16546762589928057 0.05998248686514884 0.11903204708960104
9 0.25985113835376533 0.3374754741661216 0.0564798598949212 0.11249182472204057
9 0.26028896672504376 0.43819489862655325 0.05910683012259195 0.11772400261608897
9 0.35748686514886163 0.5624591236102028 0.06173380035026277 0.1137998691955526
1 0.7697022767075306 0.2972531066056246 0.08493870402802109 0.1994767822105952
0 0.5987302977232924 0.16088947024198821 0.05998248686514884 0.14126880313930676
2 0.2434325744308231 0.6379986919555265 0.07618213660245186 0.16415958142576853
2 0.34982486865148865 0.4362328319162851 0.06742556917688265 0.16481360366252454
5 0.5709281961471103 0.07946370176586003 0.05691768826619965 0.12753433616742968
5 0.5116024518388792 0.343034663178548 0.06436077057793345 0.13538260300850227
3 0.4159369527145359 0.18541530412034007 0.05078809106830125 0.11445389143230869
3 0.684106830122592 0.3410725964682799 0.048598949211908805 0.11576193590582078
3 0.5459719789842382 0.6648136036625245 0.059544658493870466 0.12491824722040554
3 0.6044220665499125 0.538914323086985 0.05735551663747816 0.12557226945716154