4 0.7832749562171628 0.2965990843688685 0.07355516637478104 0.1628515369522564
1 0.789185639229422 0.36919555264879 0.07749562171628728 0.18901242642249835
0 0.7624781085814362 0.2148463047743623 0.05210157618213666 0.1288423806409418
0 0.8045096322241682 0.4973839110529758 0.05910683012259181 0.12884238064094183
2 0.7467162872154116 0.1366906474820144 0.05560420315236424 0.11903204708960106
2 0.8266199649737302 0.6131458469587966 0.07267950963222429 0.12361020274689334
5 0.7419001751313485 0.06736429038587312 0.04947460595446584 0.10202746893394374
5 0.840630472854641 0.7331589274035317 0.06917688266199644 0.12295618051013744
3 0.7390542907180385 0.735775016350556 0.05078809106830125 0.10202746893394377
3 0.7239492119089317 0.6144538914323087 0.051225919439579624 0.09744931327665138
3 0.7116900175131349 0.5098103335513408 0.05035026269702287 0.09614126880313925
3 0.699430823117338 0.4048397645519948 0.04422066549912447 0.09548724656638322
3 0.6856392294220666 0.3080444735120994 0.043782837127845815 0.09548724656638322
3 0.6744746059544658 0.22759973839110528 0.045096322241681225 0.09417920209287117
3 0.6665936952714536 0.1461739699149771 0.04159369527145365 0.09221713538260298
3 0.6609019264448336 0.06115107913669064 0.0380910683012258 0.0974493132766514
10 0.1897985989492119 0.2782864617396992 0.06348511383537656 0.1667756703727927
7 0.1740367775831874 0.3646173969914977 0.0669877408056042 0.19293655984303465
6 0.19220665499124343 0.20372792674950949 0.049912434325744284 0.12884238064094178
6 0.15936952714535904 0.4898626553302812 0.059544658493870396 0.13734466971877046
8 0.19899299474605953 0.1288423806409418 0.0564798598949212 0.12164813603662526
8 0.1567425569176883 0.6226291693917593 0.06654991243432576 0.1321124918247221
11 0.20884413309982486 0.052975801177240024 0.04903677758318739 0.10595160235448005
11 0.14076182136602453 0.7482014388489209 0.07136602451838878 0.13603662524525825
9 0.2821803852889667 0.05820797907128842 0.04422066549912433 0.08894702419882275
9 0.2817425569176883 0.1393067364290386 0.045096322241681225 0.09025506867233483
9 0.28086690017513133 0.22432962720732505 0.04334500875656744 0.09679529103989534
9 0.27583187390542907 0.3077174623937214 0.049912434325744284 0.09744931327665143
9 0.2736427320490368 0.40941792020928713 0.05429071803852889 0.10071942446043171
9 0.26466725043782835 0.5117724002616089 0.05385288966725044 0.09875735775016349
9 0.2640105078809107 0.6131458469587966 0.05166374781085814 0.1066056245912361
9 0.2543782837127846 0.7341399607586657 0.05166374781085814 0.11183780248528444