11 0.4384851138353766 0.2537606278613473 0.058231173380035056 0.12818835840418577
7 0.3515761821366024 0.41137998691955524 0.07355516637478104 0.20143884892086328
9 0.42710157618213657 0.3404185742315239 0.05297723292469355 0.1105297580117724
9 0.35442206654991243 0.17952910398953564 0.05297723292469355 0.10922171353826032
9 0.2694833625218914 0.08927403531720078 0.051225919439579694 0.105297580117724
9 0.2552539404553415 0.6736429038587312 0.0586690017513135 0.11510791366906485
1 0.6576182136602452 0.7475474166121648 0.08143607705779324 0.2079790712884237
5 0.8456654991243433 0.7844996729888816 0.07837127845884403 0.13930673642903868
4 0.5941330998248687 0.3250490516677567 0.06392294220665501 0.1818181818181818
3 0.6771015761821366 0.25506867233485936 0.04334500875656744 0.10595160235448003
3 0.5137915936952715 0.3371484630477436 0.04597197898423812 0.10529758011772404
3 0.6228108581436077 0.5470896010464356 0.05297723292469348 0.11183780248528444