5 0.848292469352014 0.7812295618051013 0.07749562171628728 0.1366906474820143
1 0.7686077057793346 0.2988881621975147 0.07486865148861646 0.20405493786788748
5 0.7331436077057794 0.08567691301504252 0.054728546409807476 0.12164813603662526
4 0.5183887915936952 0.42315238718116416 0.059544658493870466 0.17658600392413343
2 0.6363835376532399 0.6559843034663179 0.06348511383537649 0.14911706998037935
2 0.5963222416812608 0.33518639633747543 0.055166374781085784 0.13799869195552647
3 0.7429947460595447 0.7828646173969915 0.05691768826619965 0.11772400261608897
3 0.6061733800350263 0.5382603008502289 0.051225919439579624 0.104643557880968
3 0.5422504378283712 0.6657946370176586 0.05297723292469355 0.10987573577501636
3 0.6847635726795096 0.3463047743623283 0.049912434325744215 0.1066056245912361
3 0.5140105078809106 0.2648790058862001 0.052539404553415034 0.10725964682799219
3 0.5759632224168126 0.17429692609548725 0.051225919439579624 0.10529758011772399
0 0.6519264448336253 0.07979071288423806 0.052539404553415034 0.13734466971877046
0 0.35792469352014006 0.5431654676258992 0.05735551663747816 0.14453891432308696
6 0.18432574430823118 0.15107913669064746 0.06042031523642729 0.1399607586657946
11 0.19702276707530647 0.09025506867233485 0.05166374781085814 0.11772400261608892
7 0.16177758318739055 0.4045127534336167 0.07486865148861646 0.19686069326357097
10 0.34413309982486867 0.14682799215173314 0.062171628721541146 0.1785480706344016
8 0.34982486865148865 0.33093525179856115 0.06042031523642736 0.13342053629823417
8 0.1619964973730298 0.5454545454545454 0.07355516637478107 0.1347285807717462
6 0.14338879159369528 0.6608894702419883 0.06961471103327493 0.14453891432308696
9 0.25021891418563924 0.6693917593198169 0.05472854640980734 0.11314584695879656
9 0.2589754816112084 0.4395029431000654 0.06260945709281959 0.10856769130150418
9 0.25809982486865146 0.33911052975801176 0.0503502626970228 0.1105297580117724
9 0.2723292469352014 0.17168083714846302 0.052539404553415034 0.10922171353826032
9 0.4128721541155867 0.08600392413342053 0.04903677758318732 0.1066056245912361
9 0.4194395796847636 0.2459123610202747 0.05078809106830125 0.10464355788096794