4 0.5956654991243433 0.2975801177240026 0.07311733800350267 0.17135382603008498
1 0.7867775831873906 0.3701765860039241 0.08756567425569191 0.20013080444735123
5 0.8384413309982487 0.7253106605624591 0.07618213660245186 0.1530412034009155
5 0.5842819614711033 0.061478090255068674 0.05297723292469355 0.11118378024852846
2 0.589754816112084 0.1344015696533682 0.06304728546409805 0.13015042511445388
2 0.4419877408056042 0.3924133420536298 0.06698774080560413 0.14126880313930676
3 0.6661558669001751 0.1461739699149771 0.04597197898423826 0.1013734466971877
3 0.6768826619964974 0.22956180510137345 0.046409807355516634 0.10595160235448006
3 0.6992119089316987 0.40189666448659256 0.049912434325744215 0.11837802485284499
3 0.625 0.5029431000654022 0.0564798598949212 0.11118378024852842
3 0.5159807355516638 0.30117724002616086 0.051225919439579624 0.10529758011772404
3 0.5199211908931699 0.06605624591236102 0.04947460595446584 0.10725964682799215
10 0.361646234676007 0.2949640287769784 0.07355516637478104 0.17004578155657296
6 0.2578809106830123 0.3803139306736429 0.06567425569176887 0.15107913669064746
11 0.364492119089317 0.19032047089601045 0.05998248686514884 0.13734466971877046
11 0.16462346760070054 0.6013734466971876 0.07618213660245185 0.15369522563767168
7 0.16790718038528896 0.36756049705689997 0.08012259194395796 0.20536298234139957
11 0.2040280210157618 0.05461085676913015 0.0647985989492119 0.1092217135382603
11 0.25109457092819615 0.7410071942446043 0.07661996497373032 0.1425768476128188
9 0.2821803852889667 0.057226945716154345 0.04947460595446584 0.1013734466971877
9 0.2631348511383538 0.6147809025506867 0.05691768826619965 0.11641595814257691
9 0.2883099824868652 0.2187704381948986 0.0564798598949212 0.11314584695879663
9 0.43542031523642727 0.3015042511445389 0.051225919439579624 0.10725964682799212
9 0.4463660245183888 0.73675604970569 0.05735551663747816 0.12230215827338115