4 0.5980735551663747 0.2907128842380641 0.07005253940455347 0.17724002616088944
1 0.8058231173380036 0.48234139960758665 0.08362521891418567 0.2060170045781556
5 0.8369089316987741 0.7315238718116416 0.08099824868651485 0.14715500327011127
3 0.6963660245183887 0.4051667756703728 0.05035026269702287 0.11183780248528444
3 0.6751313485113836 0.22759973839110528 0.053415061295972066 0.0994113799869196
3 0.6624343257443083 0.144865925441465 0.047285464098073667 0.10006540222367562
3 0.5203590192644483 0.06736429038587312 0.045096322241681225 0.09810333551340743
3 0.5153239929947461 0.3021582733812949 0.05078809106830125 0.11379986919555263
3 0.6236865148861646 0.5039241334205363 0.05910683012259188 0.11837802485284499
2 0.4404553415061296 0.39372138652714195 0.06392294220665494 0.13734466971877046
11 0.20687390542907183 0.05559189012426423 0.060858143607705806 0.11118378024852846
11 0.25547285464098074 0.7442773054283846 0.0661120840630473 0.13734466971877032
7 0.2670753064798599 0.3695225637671681 0.0753064798598949 0.19882275997383908
8 0.5083187390542907 0.13767168083714848 0.05429071803852896 0.1432308698495749
8 0.16615586690017514 0.6030085022890778 0.07661996497373032 0.14388489208633087
6 0.4413309982486865 0.6030085022890778 0.06129597197898425 0.1386527141922826
10 0.36295971978984237 0.29103989535644215 0.06304728546409805 0.1778940483976455
9 0.43498248686514884 0.302485284499673 0.05035026269702273 0.10398953564421191
9 0.28458844133099825 0.057226945716154345 0.053415061295972 0.1066056245912361
9 0.28612084063047283 0.2171353826030085 0.0503502626970228 0.10595160235448006
9 0.26072679509632224 0.6164159581425768 0.05910683012259195 0.11445389143230862
9 0.4468038528896673 0.738064094179202 0.06260945709281966 0.11576193590582087