4 0.7830560420315236 0.2969260954872465 0.06873905429071805 0.15304120340091562
1 0.7911558669001751 0.368868541530412 0.07618213660245186 0.1857423152387181
0 0.7637915936952714 0.2145192936559843 0.05385288966725044 0.12426422498364943
0 0.8036339754816113 0.4960758665794637 0.05998248686514884 0.13145846958796595
2 0.7473730297723293 0.1366906474820144 0.05691768826619965 0.11379986919555266
2 0.8270577933450087 0.6085676913015042 0.07443082311733808 0.12230215827338128
5 0.7425569176882661 0.06638325703073905 0.04903677758318746 0.1013734466971877
5 0.8428196147110333 0.73675604970569 0.07180385288966726 0.12622629169391758
3 0.6584938704028022 0.06376716808371484 0.04203152364273203 0.09352517985611511
3 0.665061295971979 0.14290385873119685 0.04028021015761824 0.09614126880313932
3 0.6768826619964974 0.22596468279921517 0.04203152364273203 0.09614126880313932
3 0.6871716287215411 0.3083714846304775 0.04334500875656744 0.09875735775016349
3 0.6985551663747811 0.40353172007848265 0.04947460595446584 0.09417920209287117
3 0.7119089316987741 0.5068672334859385 0.046409807355516634 0.10595160235448006
3 0.7254816112084063 0.6157619359058207 0.049912434325744215 0.10268149117069979
3 0.7390542907180385 0.736429038587312 0.05429071803852882 0.10202746893394377
10 0.18848511383537653 0.2776324395029431 0.06348511383537656 0.16939175931981687
7 0.17359894921190894 0.36396337475474166 0.06786339754816112 0.18901242642249835
6 0.16024518388791592 0.4898626553302812 0.05691768826619965 0.1360366252452584
6 0.19220665499124343 0.20503597122302158 0.05166374781085814 0.13015042511445388
8 0.19964973730297725 0.12753433616742968 0.05429071803852889 0.11772400261608892
8 0.15564798598949212 0.6229561805101373 0.06873905429071804 0.13015042511445382
9 0.2539404553415061 0.7403531720078482 0.05691768826619965 0.10464355788096788
9 0.2611646234676007 0.616742969260955 0.06260945709281959 0.10333551340745582
9 0.2644483362521891 0.5147155003270111 0.052539404553415034 0.09810333551340747
9 0.2764886164623468 0.41170699803793326 0.05035026269702273 0.10137344669718774
9 0.27714535901926446 0.3106605624591236 0.052539404553415034 0.09810333551340747
9 0.2856830122591944 0.22563767168083715 0.04334500875656744 0.09417920209287117
9 0.28612084063047283 0.1393067364290386 0.045096322241681294 0.08894702419882278
9 0.2861208406304729 0.06017004578155657 0.044220665499124366 0.09810333551340747
11 0.2090630472854641 0.05297580117724003 0.04772329246935198 0.10464355788096794
11 0.14251313485113834 0.7446043165467626 0.06786339754816113 0.14061478090255072