5 0.6442644483362522 0.7704381948986266 0.07311733800350267 0.13865271419228264
5 0.8476357267950962 0.7795945062132112 0.07618213660245186 0.14126880313930676
1 0.7211033274956217 0.6379986919555265 0.09019264448336245 0.20470896010464357
4 0.5930385288966725 0.32406801831262266 0.06173380035026277 0.17593198168737742
3 0.677539404553415 0.2544146500981033 0.04947460595446584 0.11510791366906471
3 0.6232486865148862 0.5497056899934598 0.0564798598949212 0.11968606932635704
3 0.5096322241681261 0.33780248528449963 0.04816112084063043 0.10791366906474818
2 0.2672942206654991 0.5415304120340092 0.07224168126094571 0.14388489208633098
7 0.2600700525394046 0.41137998691955524 0.07180385288966726 0.20013080444735123
9 0.25547285464098074 0.6703727926749509 0.058231173380035056 0.11118378024852842
11 0.175569176882662 0.250490516677567 0.0647985989492119 0.11772400261608897
9 0.26970227670753066 0.08763897972531066 0.049912434325744284 0.10333551340745585
9 0.3542031523642732 0.17920209287115763 0.05078809106830125 0.10725964682799213
9 0.4308231173380035 0.343034663178548 0.049912434325744354 0.1105297580117724