2 0.44395796847635727 0.39535644211903204 0.06304728546409805 0.13538260300850224
3 0.5192644483362522 0.06572923479398299 0.046409807355516634 0.105297580117724
5 0.8404115586690017 0.735775016350556 0.08362521891418567 0.14126880313930676
1 0.8047285464098073 0.48691955526487896 0.08756567425569191 0.20078482668410727
4 0.5993870402802102 0.2923479398299542 0.06392294220665501 0.18181818181818185
3 0.697460595446585 0.40614780902550685 0.049912434325744215 0.10595160235448006
3 0.6764448336252189 0.23054283845650753 0.04465849387040285 0.10398953564421191
3 0.5164185639229422 0.3051013734466972 0.04947460595446584 0.10268149117069979
3 0.6232486865148862 0.5055591890124265 0.05210157618213666 0.10856769130150418
11 0.6409807355516637 0.7181164159581426 0.07355516637478104 0.1425768476128188
11 0.21037653239929946 0.05886200130804447 0.05910683012259195 0.11772400261608894
10 0.36274080560420313 0.2946370176586004 0.05910683012259195 0.1746239372138653
7 0.27014010507880915 0.37311968606932633 0.07267950963222415 0.1955526487900589
6 0.4411120840630473 0.6010464355788097 0.06173380035026277 0.14388489208633098
8 0.5083187390542907 0.13570961412688032 0.05341506129597193 0.1327665140614781
8 0.35792469352014006 0.4960758665794637 0.06436077057793345 0.14192282537606277
9 0.436077057793345 0.30052321778940483 0.04903677758318732 0.10398953564421191
9 0.28415061295971983 0.05755395683453238 0.04903677758318739 0.10333551340745585
9 0.2878721541155867 0.21680837148463047 0.046847635726795116 0.10922171353826034
9 0.26225919439579687 0.6124918247220404 0.05779334500875654 0.11706998037933286