1 0.768169877408056 0.29823413996075865 0.08187390542907189 0.20928711576193584
0 0.5998248686514887 0.15892740353172005 0.05779334500875654 0.14126880313930676
5 0.5704903677758318 0.07979071288423806 0.05429071803852896 0.12818835840418574
5 0.5030647985989491 0.1644865925441465 0.058669001751313433 0.1275343361674297
3 0.6852014010507881 0.34172661870503596 0.04816112084063043 0.11183780248528448
3 0.7412434325744308 0.7844996729888816 0.06304728546409805 0.11968606932635704
3 0.6079246935201401 0.5362982341399607 0.054728546409807406 0.12295618051013732
3 0.5424693520140106 0.6628515369522563 0.062171628721541146 0.12753433616742965
3 0.4176882661996497 0.1765860039241334 0.04816112084063043 0.10464355788096794
2 0.44089316987740806 0.249836494440811 0.06567425569176887 0.13734466971877046
2 0.24671628721541158 0.6402877697841727 0.08099824868651492 0.1504251144538914
7 0.16418563922942206 0.40745585349901897 0.08056042031523641 0.20536298234139957
6 0.18476357267950963 0.15206017004578157 0.07180385288966726 0.14323086984957487
6 0.3561733800350263 0.4247874427730543 0.06786339754816116 0.1497710922171354
11 0.19767950963222417 0.0974493132766514 0.06523642732049034 0.13472858077174626
10 0.34457092819614715 0.1487900588620013 0.07092819614711036 0.18116415958142576
8 0.23511383537653238 0.7887508175277959 0.07793345008756566 0.16481360366252454
9 0.2745183887915937 0.16285153695225635 0.053415061295972 0.11379986919555266
9 0.25853765323992994 0.3371484630477436 0.058231173380035056 0.10398953564421189
9 0.2596322241681261 0.4359058207979071 0.06654991243432576 0.11576193590582075
9 0.3557355516637478 0.5683453237410073 0.06260945709281966 0.12688031393067367