6 0.4428633975481611 0.4323086984957488 0.07049036777583186 0.14126880313930676
11 0.43498248686514884 0.3410725964682799 0.058231173380035056 0.13145846958796598
8 0.4518388791593695 0.6494440810987574 0.07092819614711036 0.158273381294964
7 0.1672504378283713 0.3054283845650752 0.08231173380035027 0.21190320470896012
10 0.3450087565674256 0.1458469587965991 0.06917688266199644 0.17658600392413343
9 0.2747373029772329 0.16644865925441465 0.0556042031523643 0.1105297580117724
9 0.2596322241681261 0.3384565075212557 0.05779334500875654 0.10791366906474818
9 0.3563922942206655 0.5650752125572269 0.05166374781085814 0.1177240026160889
5 0.27342381786339753 0.06932635709614127 0.04772329246935198 0.13080444735120994
2 0.3489492119089317 0.421190320470896 0.062171628721541146 0.1543492478744277
1 0.771891418563923 0.29790712884238063 0.08756567425569191 0.20078482668410727
3 0.4281961471103327 0.5398953564421191 0.05516637478108585 0.10922171353826034
3 0.5888791593695272 0.34270765206017006 0.05429071803852889 0.11379986919555266
3 0.5424693520140106 0.6631785480706344 0.058669001751313433 0.12034009156311307