7 0.16703152364273205 0.30052321778940483 0.08099824868651491 0.21124918247220403
9 0.2762697022767075 0.17200784826684107 0.0586690017513135 0.10725964682799217
9 0.2611646234676007 0.34238064094179205 0.0617338003502627 0.11706998037933293
11 0.4367338003502627 0.3338783518639634 0.060858143607705736 0.13799869195552647
6 0.44395796847635727 0.4352517985611511 0.06567425569176887 0.14846304774362332
9 0.3568301225919439 0.5624591236102028 0.06479859894921197 0.11903204708960101
10 0.773861646234676 0.3165467625899281 0.0757443082311735 0.1818181818181818
1 0.6941768826619964 0.3086984957488555 0.08187390542907189 0.20274689339437538
5 0.2716725043782837 0.07194244604316546 0.060858143607705806 0.12557226945716154
3 0.34697898423817863 0.4431000654022237 0.05560420315236424 0.11837802485284499
3 0.5422504378283712 0.6651406147809026 0.06348511383537656 0.11903204708960101
3 0.5893169877408057 0.34270765206017006 0.0525394045534151 0.11772400261608897