1 0.7692644483362522 0.29856115107913667 0.08231173380035027 0.209941137998692
0 0.5987302977232924 0.15598430346631784 0.0503502626970228 0.14192282537606277
5 0.571584938704028 0.07848266841072596 0.06260945709281966 0.13080444735120994
5 0.5214535901926445 0.4368868541530412 0.07092819614711036 0.15696533682145195
3 0.6823555166374782 0.34009156311314587 0.057355516637478024 0.1164159581425768
3 0.7436514886164625 0.776978417266187 0.060858143607705875 0.12295618051013744
3 0.5453152364273205 0.6674296926095487 0.06348511383537656 0.12491824722040554
3 0.6079246935201401 0.5349901896664486 0.05560420315236424 0.12688031393067362
3 0.4163747810858144 0.1798561151079137 0.05078809106830125 0.10595160235448006
3 0.492338003502627 0.17527795945062133 0.05560420315236424 0.10725964682799213
2 0.5976357267950964 0.3338783518639634 0.06654991243432576 0.15238718116415959
2 0.4437390542907181 0.776324395029431 0.07136602451838875 0.16481360366252454
10 0.34697898423817863 0.144865925441465 0.06611208406304724 0.18116415958142576
8 0.23598949211908932 0.7890778286461739 0.08669001751313488 0.16285153695225646
11 0.1978984238178634 0.0879659908436887 0.06392294220665501 0.12753433616742968
6 0.3561733800350263 0.4280575539568345 0.06786339754816116 0.15500327011118373
6 0.1897985989492119 0.1497710922171354 0.06348511383537656 0.16088947024198824
7 0.1591506129597198 0.408436886854153 0.09325744308231172 0.2060170045781556
9 0.4126532399299475 0.08338783518639634 0.05735551663747816 0.1105297580117724
9 0.2742994746059545 0.16514061478090256 0.0556042031523643 0.11445389143230869
9 0.2587565674255692 0.33518639633747543 0.04903677758318739 0.11314584695879663
9 0.25941330998248685 0.4375408763897972 0.05910683012259195 0.11772400261608897
9 0.3561733800350263 0.5591890124264225 0.06523642732049034 0.1242642249836495