10 0.3450087565674256 0.1471550032701112 0.07092819614711036 0.184434270765206
7 0.16309106830122594 0.408109875735775 0.08537653239929946 0.21975147155003272
11 0.1978984238178634 0.08600392413342053 0.062171628721541146 0.13145846958796598
6 0.18651488616462347 0.14715500327011116 0.06392294220665501 0.15173315892740352
6 0.3533274956217163 0.4280575539568345 0.07180385288966726 0.1523871811641596
8 0.23445709281961472 0.7874427730542839 0.08800350262697022 0.17789404839764564
9 0.41440455341506127 0.08665794637017658 0.048598949211908944 0.1131458469587966
9 0.27342381786339753 0.16383257030739043 0.058231173380035056 0.12099411379986921
9 0.25985113835376533 0.34139960758665794 0.0564798598949212 0.12164813603662526
9 0.2589754816112084 0.4368868541530412 0.0661120840630473 0.12295618051013732
9 0.3585814360770578 0.5631131458469588 0.056042031523642746 0.1242642249836495
1 0.7703590192644483 0.29856115107913667 0.08187390542907189 0.19947678221059514
0 0.5961033274956218 0.15729234793982996 0.05035026269702273 0.1471550032701112
2 0.43957968476357273 0.7743623283191629 0.07530647985989497 0.1687377370830607
2 0.43717162872154114 0.2462393721386527 0.07311733800350267 0.13407455853499017
5 0.568739054290718 0.08077174623937214 0.059544658493870466 0.12622629169391758
5 0.5232049036777583 0.4368868541530412 0.06479859894921197 0.13603662524525825
3 0.7436514886164625 0.7818835840418573 0.060858143607705875 0.12230215827338142
3 0.4163747810858144 0.18018312622629168 0.05341506129597193 0.10529758011772399
3 0.49146234676007006 0.1726618705035971 0.05210157618213666 0.10464355788096794
3 0.684106830122592 0.34172661870503596 0.048598949211908805 0.1105297580117724
3 0.6077057793345009 0.539241334205363 0.056042031523642684 0.12230215827338128
3 0.5415936952714536 0.6638325703073905 0.06129597197898425 0.11772400261608897