5 0.5904115586690017 0.06867233485938522 0.04947460595446584 0.11379986919555264
5 0.839754816112084 0.7321778940483976 0.07355516637478104 0.14453891432308688
1 0.7911558669001751 0.3669064748201439 0.07443082311733808 0.20013080444735123
4 0.5998248686514887 0.29627207325049054 0.06479859894921197 0.18051013734466967
3 0.699430823117338 0.40353172007848265 0.05297723292469341 0.11118378024852842
3 0.6773204903677759 0.22727272727272727 0.046409807355516634 0.10268149117069979
3 0.6635288966725045 0.1422498364944408 0.04422066549912447 0.09614126880313928
3 0.5201401050788091 0.06507521255722694 0.046409807355516634 0.105297580117724
3 0.6254378283712785 0.5062132112491825 0.04597197898423819 0.10856769130150418
3 0.5186077057793346 0.30379332897318506 0.047723292469352044 0.10268149117069979
2 0.5888791593695272 0.13309352517985612 0.04290718038528892 0.12884238064094178
2 0.44461471103327493 0.39470241988227595 0.06873905429071805 0.14061478090255072
6 0.44264448336252193 0.6026814911706998 0.06654991243432576 0.14323086984957484
7 0.17359894921190894 0.36396337475474166 0.07837127845884416 0.2020928711576193
10 0.36646234676007006 0.29594506213211247 0.06479859894921197 0.1706998037933289
8 0.3666812609457093 0.19555264879005888 0.05472854640980734 0.13472858077174626
8 0.16462346760070054 0.6013734466971876 0.08231173380035027 0.15369522563767168
11 0.2539404553415061 0.7423152387181163 0.07180385288966726 0.13734466971877032
11 0.2075306479859895 0.05559189012426423 0.05779334500875654 0.11118378024852846
9 0.2644483362521891 0.6137998691955526 0.05166374781085814 0.11183780248528444
9 0.2852451838879159 0.06082406801831261 0.05122591943957966 0.09941137998691955
9 0.2896234676007005 0.21778940483976456 0.058231173380035056 0.10595160235448006
9 0.4373905429071804 0.29790712884238063 0.049912434325744354 0.10922171353826034
9 0.44702276707530647 0.73839110529758 0.06304728546409805 0.12295618051013744