4 0.7839316987740805 0.2965990843688685 0.07399299474605943 0.16415958142576845
1 0.789185639229422 0.37083060824068015 0.07399299474605943 0.1896664486592544
5 0.839754816112084 0.7344669718770438 0.07443082311733808 0.1321124918247221
5 0.7401488616462347 0.06769130150425114 0.04422066549912447 0.1092217135382603
0 0.7543782837127846 0.21157619359058208 0.047285464098073667 0.1353826030085023
0 0.7099387040280211 0.6154349247874428 0.060858143607705875 0.13603662524525825
3 0.6604640980735551 0.060824068018312624 0.042469352014010406 0.09679529103989536
3 0.6773204903677759 0.22988881621975146 0.04028021015761824 0.09875735775016349
3 0.6657180385288967 0.1461739699149771 0.03984238178633986 0.09483322432962724
3 0.7110332749562172 0.5068672334859385 0.052539404553415034 0.09548724656638322
3 0.6985551663747811 0.4009156311314585 0.04334500875656744 0.10333551340745582
3 0.6449211908931699 0.7396991497710922 0.04816112084063043 0.10464355788096788
3 0.6188704028021016 0.618378024852845 0.051225919439579624 0.10922171353826034
3 0.5177320490367776 0.30085022890778285 0.04422066549912433 0.0994113799869196
2 0.5901926444833625 0.13145846958796598 0.05078809106830118 0.12688031393067364
2 0.44461471103327493 0.3894702419882276 0.05560420315236424 0.14192282537606277
10 0.188922942206655 0.276324395029431 0.060858143607705806 0.16808371484630474
7 0.17359894921190894 0.3616742969260955 0.06436077057793345 0.18705035971223025
6 0.19505253940455342 0.20307390451275342 0.047723292469352044 0.1327665140614781
6 0.1606830122591944 0.49018966644865924 0.055166374781085804 0.13145846958796595
8 0.36624343257443087 0.19947678221059517 0.05210157618213666 0.13603662524525834
8 0.16615586690017514 0.6033355134074558 0.0669877408056042 0.14061478090255072
11 0.25503502626970226 0.7413342053629823 0.05998248686514884 0.13538260300850224
11 0.20862521891418565 0.052975801177240024 0.04334500875656744 0.10595160235448005
9 0.2856830122591944 0.05755395683453238 0.036339754816112076 0.09156311314584696
9 0.28612084063047283 0.13701765860039242 0.03896672504378283 0.08829300196206671
9 0.28239929947460596 0.22432962720732505 0.03852889667250438 0.09156311314584692
9 0.27714535901926446 0.3080444735120994 0.043782837127845885 0.09810333551340747
9 0.2762697022767075 0.408436886854153 0.046409807355516634 0.09744931327665143
9 0.2655429071803853 0.5101373446697187 0.04684763572679508 0.10071942446043171
9 0.2640105078809107 0.6137998691955526 0.04903677758318739 0.10398953564421184
9 0.4489929947460596 0.7351209941137999 0.051225919439579624 0.11249182472204047