4 0.5203590192644483 0.421190320470896 0.06961471103327496 0.17527795945062125
1 0.7707968476357269 0.29790712884238063 0.0801225919439581 0.2099411379986919
5 0.7885288966725045 0.4375408763897972 0.07092819614711023 0.1347285807717462
3 0.742338003502627 0.7854807063440157 0.06523642732049048 0.11903204708960101
3 0.6834500875656743 0.34401569653368214 0.05078809106830125 0.10987573577501636
3 0.5135726795096323 0.2616088947024199 0.04816112084063043 0.11772400261608897
3 0.5418126094570929 0.6654676258992805 0.05910683012259195 0.12361020274689341
3 0.6057355516637478 0.5379332897318508 0.05823117338003499 0.11576193590582075
3 0.4901488616462347 0.16906474820143885 0.051225919439579624 0.11183780248528451
5 0.5702714535901927 0.08404185742315239 0.05560420315236424 0.12361020274689337
0 0.5982924693520141 0.157946370176586 0.05297723292469355 0.14846304774362326
0 0.351138353765324 0.5382603008502289 0.07880910683012256 0.1465009810333551
8 0.3515761821366024 0.3207979071288424 0.06129597197898425 0.13407455853499017
8 0.23905429071803855 0.7910398953564421 0.08318739054290716 0.15238718116415947
11 0.19899299474605953 0.0879659908436887 0.0617338003502627 0.1288423806409418
10 0.34457092819614715 0.15009810333551338 0.06917688266199644 0.17331589274035317
7 0.16287215411558667 0.40647482014388486 0.09106830122591941 0.21255722694571616
6 0.18563922942206654 0.15042511445389142 0.062171628721541146 0.14519293655984303
6 0.35748686514886163 0.4293655984303466 0.06611208406304724 0.1458469587965991
9 0.41352889667250436 0.08731196860693263 0.04947460595446584 0.10398953564421189
9 0.4159369527145359 0.24427730542838455 0.05429071803852896 0.11183780248528451
9 0.2723292469352014 0.16514061478090256 0.052539404553415034 0.1105297580117724
9 0.26028896672504376 0.33584041857423147 0.05472854640980734 0.11706998037933293
9 0.26028896672504376 0.4372138652714192 0.060858143607705806 0.11183780248528444
9 0.24737302977232925 0.6628515369522563 0.0647985989492119 0.11968606932635704