11 0.19811733800350265 0.08960104643557881 0.05910683012259195 0.12426422498364943
7 0.16615586690017514 0.3057553956834532 0.08537653239929946 0.2020928711576193
6 0.18542031523642732 0.14780902550686723 0.058231173380035056 0.14519293655984306
10 0.34654115586690015 0.14519293655984303 0.06961471103327496 0.18312622629169392
8 0.23489492119089317 0.7887508175277959 0.08537653239929946 0.15696533682145195
9 0.2723292469352014 0.1657946370176586 0.05166374781085814 0.11183780248528451
9 0.25831873905429076 0.3371484630477436 0.05078809106830125 0.10922171353826034
9 0.2589754816112084 0.43786788750817524 0.0564798598949212 0.11314584695879663
9 0.3563922942206655 0.5621321124918247 0.059544658493870466 0.11183780248528451
1 0.771015761821366 0.2988881621975147 0.08669001751313488 0.20536298234139966
0 0.5980735551663747 0.15860039241334206 0.053415061295972 0.1510791366906475
5 0.5707092819614711 0.07880967952910399 0.05472854640980734 0.13407455853499017
5 0.5111646234676007 0.343034663178548 0.060858143607705736 0.13407455853499017
2 0.24605954465849386 0.6422498364944408 0.07355516637478111 0.16481360366252454
2 0.3489492119089317 0.4375408763897972 0.06479859894921197 0.15173315892740347
3 0.4211908931698774 0.1827992151733159 0.05078809106830125 0.10791366906474821
3 0.6852014010507881 0.34270765206017006 0.047285464098073667 0.1124918247220405
3 0.5214535901926445 0.8060824068018313 0.05779334500875654 0.11837802485284499
3 0.5433450087565674 0.6657946370176586 0.056042031523642746 0.11510791366906478
3 0.6072679509632224 0.539241334205363 0.055166374781085784 0.11837802485284499