5 0.8544220665499125 0.7419882275997384 0.07749562171628728 0.1379986919555266
11 0.6556479859894921 0.7213865271419228 0.06611208406304724 0.1399607586657947
1 0.7403677758318739 0.5967952910398953 0.08581436077057784 0.19555264879005885
4 0.6184325744308231 0.2916939175931982 0.06436077057793345 0.1739699149771092
3 0.7151926444833626 0.4054937867887508 0.05560420315236424 0.11249182472204047
3 0.6970227670753064 0.2302158273381295 0.04903677758318746 0.10987573577501636
3 0.641199649737303 0.5035971223021583 0.047723292469352044 0.10987573577501636
2 0.4577495621716287 0.38652714192282533 0.06436077057793345 0.13603662524525825
3 0.5356830122591943 0.29529103989535643 0.04422066549912433 0.10137344669718774
8 0.5306479859894921 0.12851536952256376 0.05516637478108585 0.13538260300850227
8 0.462784588441331 0.7249836494440811 0.06742556917688265 0.15238718116415947
6 0.4555604203152364 0.5948332243296272 0.05472854640980734 0.14192282537606277
10 0.38178633975481613 0.28253760627861346 0.058669001751313433 0.17658600392413337
7 0.2878721541155867 0.3567691301504251 0.06786339754816113 0.2034009156311315
11 0.23248686514886163 0.04905166775670373 0.047285464098073535 0.09810333551340746
9 0.4568739054290718 0.29561805101373445 0.047723292469352044 0.10202746893394377
9 0.3066987740805604 0.048070634401569654 0.0503502626970228 0.09614126880313931
9 0.30757443082311736 0.20470896010464357 0.04947460595446584 0.10595160235448006
9 0.2769264448336252 0.6010464355788098 0.060858143607705806 0.11118378024852849