1 0.7230735551663747 0.6360366252452583 0.07399299474605943 0.19686069326357097
5 0.8489492119089317 0.7795945062132112 0.06917688266199644 0.13603662524525825
11 0.6447022767075306 0.7720732504905167 0.06873905429071805 0.13538260300850224
3 0.6753502626970227 0.25474166121648134 0.04947460595446584 0.10137344669718767
3 0.6236865148861646 0.5434924787442773 0.05210157618213666 0.10071942446043171
4 0.593476357267951 0.32341399607586657 0.06436077057793345 0.17200784826684112
2 0.43695271453590195 0.4352517985611511 0.062171628721541146 0.13930673642903854
3 0.5098511383537653 0.3381294964028777 0.04422066549912433 0.10071942446043168
10 0.35442206654991243 0.33191628515369526 0.06611208406304724 0.16939175931981687
7 0.25985113835376533 0.4182472204054938 0.06786339754816109 0.1955526487900589
11 0.17447460595446584 0.250490516677567 0.06260945709281959 0.12557226945716154
9 0.4299474605954466 0.34009156311314587 0.04553415061295974 0.09941137998691953
9 0.35485989492119085 0.18181818181818182 0.04947460595446584 0.10725964682799217
9 0.2716725043782837 0.08927403531720078 0.045096322241681225 0.10268149117069983
9 0.2548161120840631 0.6697187704381948 0.05691768826619965 0.11772400261608897