1 0.7694833625218914 0.30052321778940483 0.07924693520140107 0.20340091563113144
0 0.5976357267950964 0.1566383257030739 0.05341506129597193 0.1510791366906475
0 0.35989492119089317 0.540876389797253 0.06654991243432576 0.14911706998037927
2 0.5961033274956217 0.3374754741661216 0.05823117338003499 0.14911706998037935
2 0.4433012259194396 0.7815565729234794 0.08099824868651485 0.16219751471550042
5 0.5720227670753065 0.08469587965990844 0.05385288966725044 0.1275343361674297
5 0.521015761821366 0.4375408763897972 0.06567425569176887 0.1386527141922825
3 0.7408056042031524 0.7835186396337476 0.06917688266199644 0.12949640287769773
3 0.6830122591943959 0.34172661870503596 0.05429071803852882 0.1105297580117724
3 0.4901488616462347 0.17527795945062133 0.04684763572679515 0.10856769130150425
3 0.4194395796847636 0.18181818181818182 0.056042031523642746 0.10987573577501636
3 0.6098949211908932 0.540222367560497 0.056042031523642684 0.11641595814257691
3 0.5440017513134852 0.6657946370176586 0.06348511383537656 0.1242642249836495
7 0.1615586690017513 0.408109875735775 0.08231173380035027 0.20928711576193587
8 0.23489492119089317 0.7880967952910398 0.07574430823117335 0.1608894702419881
10 0.34457092819614715 0.14813603662524527 0.062171628721541146 0.17854807063440156
11 0.20030647985989491 0.08600392413342053 0.05998248686514884 0.1249182472204055
6 0.35507880910683015 0.4238064094179202 0.06304728546409805 0.14780902550686717
6 0.1867338003502627 0.15075212557226944 0.05735551663747809 0.1471550032701112
9 0.41133975481611207 0.08502289077828647 0.05297723292469355 0.10464355788096794
9 0.2725481611208406 0.16939175931981687 0.051225919439579694 0.10725964682799213
9 0.2572241681260946 0.3371484630477436 0.05210157618213659 0.10922171353826034
9 0.25941330998248685 0.4385219097449313 0.05998248686514884 0.11183780248528444
9 0.24912434325744306 0.6664486592544147 0.06654991243432576 0.12034009156311307