10 0.3450087565674256 0.14551994767822107 0.06742556917688265 0.17985611510791372
7 0.1659369527145359 0.30608240680183124 0.07793345008756566 0.20536298234139966
8 0.45140105078809106 0.6471550032701111 0.06567425569176887 0.16415958142576853
5 0.2699211908931699 0.07161543492478745 0.0617338003502627 0.12230215827338128
11 0.4260070052539404 0.1605624591236102 0.05779334500875654 0.13407455853499017
6 0.44089316987740806 0.4326357096141269 0.058669001751313433 0.15369522563767168
9 0.27495621716287216 0.16939175931981687 0.0481611208406305 0.11118378024852843
9 0.26072679509632224 0.3394375408763898 0.0564798598949212 0.11379986919555266
9 0.3507005253940455 0.3299542184434271 0.05429071803852896 0.11837802485284499
9 0.3566112084063047 0.5614780902550687 0.058231173380035056 0.12099411379986923
2 0.2425569176882662 0.6461739699149771 0.07092819614711036 0.16219751471550037
0 0.5076619964973731 0.23446697187704382 0.05472854640980734 0.1484630477436233
1 0.7723292469352014 0.3008502289077829 0.08581436077057784 0.20928711576193593
3 0.6847635726795096 0.3449967298888162 0.053415061295972066 0.10791366906474818
3 0.6083625218914186 0.5362982341399607 0.05210157618213666 0.12295618051013732
3 0.5411558669001751 0.6644865925441465 0.06042031523642736 0.11903204708960101