5 0.8395359019264449 0.7334859385219097 0.07837127845884403 0.14061478090255072
1 0.8097635726795096 0.486592544146501 0.0801225919439581 0.20405493786788753
3 0.521891418563923 0.06638325703073905 0.04553415061295974 0.1066056245912361
2 0.44089316987740806 0.39470241988227595 0.06742556917688265 0.13930673642903854
7 0.2672942206654991 0.3721386527141923 0.07574430823117335 0.20405493786788753
10 0.3607705779334501 0.2907128842380641 0.06654991243432576 0.18770438194898625
4 0.5978546409807356 0.29202092871157626 0.06698774080560427 0.1772400261608895
3 0.6635288966725045 0.1435578809679529 0.048598949211908805 0.10922171353826032
3 0.6738178633975481 0.223675604970569 0.049912434325744215 0.10856769130150425
3 0.6981173380035026 0.4054937867887508 0.05210157618213666 0.10595160235448006
3 0.6239054290718039 0.5068672334859385 0.06042031523642729 0.11772400261608897
3 0.5153239929947461 0.2975801177240026 0.05341506129597193 0.1164159581425768
8 0.5059106830122592 0.1327665140614781 0.06523642732049034 0.14911706998037935
8 0.16309106830122594 0.6010464355788097 0.07486865148861646 0.1517331589274036
11 0.2559106830122592 0.7455853499018966 0.08450087565674257 0.14650098103335524
11 0.20534150612959717 0.0552648790058862 0.06042031523642729 0.1105297580117724
6 0.4382661996497373 0.5994113799869195 0.06654991243432576 0.14846304774362332
9 0.43629597197898423 0.30085022890778285 0.05385288966725044 0.10071942446043164
9 0.2841506129597198 0.0552648790058862 0.05078809106830121 0.0974493132766514
9 0.2841506129597198 0.21550032701111838 0.051663747810858106 0.11576193590582082
9 0.2611646234676007 0.6151079136690647 0.06260945709281959 0.11706998037933293
9 0.44964973730297725 0.738064094179202 0.059544658493870466 0.11445389143230883