5 0.8509194395796847 0.7432962720732506 0.07049036777583186 0.1366906474820143
1 0.7370840630472855 0.5958142576847613 0.08712784588441326 0.2132112491824722
4 0.6158056042031524 0.289404839764552 0.06873905429071805 0.17200784826684112
3 0.6976795096322241 0.22465663832570307 0.04597197898423826 0.1066056245912361
3 0.641199649737303 0.5035971223021583 0.05035026269702287 0.11510791366906471
3 0.5341506129597198 0.2975801177240026 0.049912434325744354 0.1085676913015042
2 0.45840630472854643 0.39012426422498364 0.07355516637478104 0.14192282537606277
10 0.3793782837127846 0.2844996729888816 0.06611208406304724 0.18443427076520597
7 0.28765323992994746 0.35480706344015694 0.0709281961471103 0.2060170045781556
9 0.45315236427320493 0.29561805101373445 0.056042031523642746 0.10987573577501636
9 0.3852889667250438 0.13570961412688032 0.05166374781085814 0.1066056245912361
9 0.3040718038528897 0.05068672334859385 0.04772329246935198 0.1013734466971877
9 0.27561295971978983 0.6017004578155656 0.06348511383537656 0.1255722694571615
11 0.20884413309982486 0.1984957488554611 0.06304728546409805 0.1288423806409418
11 0.6576182136602452 0.724002616088947 0.07355516637478104 0.15434924787442783