5 0.9939539432525635 0.8101525902748108 0.732048749923706 0.885242760181427 0.8519854545593262
3 0.993650496006012 0.7553046941757202 0.7688270211219788 0.8120672702789307 0.8798807263374329
2 0.9803518056869507 0.7872790694236755 0.5587038993835449 0.8580589890480042 0.6818207502365112
3 0.9782703518867493 0.6695395708084106 0.46171605587005615 0.7210851907730103 0.5574955940246582
11 0.977982223033905 0.16931363940238953 0.6908254027366638 0.2347724735736847 0.8272290825843811
9 0.9692650437355042 0.23571725189685822 0.7195419669151306 0.2930552065372467 0.8293151259422302
3 0.9631057381629944 0.5932799577713013 0.08198907971382141 0.6404807567596436 0.18256881833076477
3 0.9629584550857544 0.6753235459327698 0.3785441219806671 0.7253805994987488 0.4747690260410309
9 0.9458268880844116 0.24426239728927612 0.07755625247955322 0.2927423119544983 0.17477941513061523
9 0.9346024990081787 0.24100551009178162 0.4717935025691986 0.29531481862068176 0.5741017460823059
9 0.922834038734436 0.2463907152414322 0.18125194311141968 0.29480183124542236 0.2812497615814209
0 0.9203547239303589 0.744938313961029 0.44316816329956055 0.807051956653595 0.5772852897644043
0 0.9191219806671143 0.7335357069969177 0.13381601870059967 0.781277596950531 0.25230661034584045
3 0.9045839309692383 0.5973268151283264 0.17304569482803345 0.643625795841217 0.2706379294395447
1 0.8978994488716125 0.7371985912322998 0.330508291721344 0.8157622814178467 0.49445414543151855
3 0.8935264348983765 0.5927509069442749 0.013385754078626633 0.6385562419891357 0.11694730818271637
2 0.8919010162353516 0.704299807548523 0.07006180286407471 0.7572050094604492 0.18868249654769897
4 0.8552094101905823 0.7187361717224121 0.2565825283527374 0.7860431671142578 0.40075501799583435
9 0.825137197971344 0.25277987122535706 0.37364462018013 0.30597206950187683 0.47144922614097595
8 0.8045089244842529 0.16572248935699463 0.5611933469772339 0.22940415143966675 0.691733717918396
