9 0.9990787506103516 0.18532724678516388 0.1132049486041069 0.24408338963985443 0.2184653878211975
9 0.9962001442909241 0.15866579115390778 0.2714526653289795 0.21795956790447235 0.3806954026222229
6 0.9957926273345947 0.4009457230567932 0.3831714987754822 0.45946669578552246 0.521195113658905
3 0.9933434724807739 0.5779256224632263 0.34413206577301025 0.6295168995857239 0.4520080089569092
1 0.9840196371078491 0.7131795287132263 0.30104440450668335 0.7955723404884338 0.4968857169151306
9 0.9830408096313477 0.28662657737731934 0.48080742359161377 0.3446180820465088 0.5948742628097534
7 0.9517418146133423 0.10209204256534576 0.22115451097488403 0.1679450124502182 0.39541298151016235
3 0.9175928235054016 0.49936336278915405 0.5233739018440247 0.5520052313804626 0.634715735912323
11 0.9172332286834717 0.3676604926586151 0.2829512059688568 0.42356112599372864 0.41102734208106995
8 0.8054614067077637 0.3447430729866028 0.5916019082069397 0.41092389822006226 0.7306353449821472
3 0.7203770279884338 0.4564208984375 0.6265183091163635 0.5082528591156006 0.730185329914093
10 0.6348034739494324 0.33001911640167236 0.042795710265636444 0.3921295404434204 0.20455151796340942
9 0.4073053002357483 0.2662968337535858 0.4792037010192871 0.3246624171733856 0.5963776111602783
7 0.31806308031082153 0.1568208932876587 0.33851855993270874 0.22895139455795288 0.48944294452667236
5 0.27265065908432007 0.23240186274051666 0.008822113275527954 0.28761863708496094 0.14055898785591125
1 0.2369382232427597 0.6555140018463135 0.2756170332431793 0.7299150228500366 0.45404699444770813
9 0.23516060411930084 0.22604593634605408 0.5815306901931763 0.28229430317878723 0.6937285661697388
3 0.20364466309547424 0.5448788404464722 0.3605371415615082 0.5953564643859863 0.4742729961872101
