9 0.9982506632804871 0.16645635664463043 0.5117142200469971 0.22695063054561615 0.62452232837677
3 0.9962264895439148 0.6147932410240173 0.08952458202838898 0.6628697514533997 0.18680481612682343
3 0.9961081147193909 0.6425225734710693 0.7414045929908752 0.6970592737197876 0.8483774065971375
1 0.9912030696868896 0.7635681629180908 0.30819225311279297 0.843340277671814 0.4924679398536682
3 0.9872599840164185 0.6330758333206177 0.14667567610740662 0.6798728704452515 0.241919606924057
3 0.9851905107498169 0.7062476873397827 0.3863832652568817 0.7580645084381104 0.4930758774280548
9 0.9813369512557983 0.39807453751564026 0.7552069425582886 0.4533936679363251 0.8646613359451294
8 0.9807764291763306 0.1352643221616745 0.507906973361969 0.19708187878131866 0.6390265822410583
11 0.9794865250587463 0.22607435286045074 0.7156517505645752 0.2836416959762573 0.8395013809204102
4 0.9769163131713867 0.4849950671195984 0.22447198629379272 0.5471296906471252 0.37883418798446655
9 0.9766346216201782 0.3608044683933258 0.2849518358707428 0.4107409417629242 0.3895857036113739
3 0.974498450756073 0.7246526479721069 0.4812203049659729 0.7789721488952637 0.5868117213249207
0 0.9709588289260864 0.7037522196769714 0.583347499370575 0.7639203667640686 0.7034445405006409
2 0.9704136252403259 0.36354488134384155 0.3360006809234619 0.42175620794296265 0.4731498956680298
9 0.946093738079071 0.3607647716999054 0.05713089555501938 0.41030094027519226 0.15892502665519714
9 0.9437012672424316 0.19778180122375488 0.3998868465423584 0.2542073726654053 0.5024821162223816
7 0.9434059858322144 0.1349109709262848 0.2906418442726135 0.20175090432167053 0.4561564326286316
9 0.9316169023513794 0.22528062760829926 0.15848100185394287 0.27914321422576904 0.25649625062942505
5 0.9279075860977173 0.7956781983375549 0.7037927508354187 0.8741627335548401 0.8326595425605774
3 0.9205740690231323 0.5996381640434265 0.6440801620483398 0.6528372168540955 0.7499206066131592
