3 0.999884843826294 0.4609963297843933 0.18951617181301117 0.510266900062561 0.295850932598114
3 0.9990482330322266 0.531825065612793 0.12244939804077148 0.5816268920898438 0.23216211795806885
9 0.9987263679504395 0.3563012480735779 0.17100869119167328 0.4096677303314209 0.2819133400917053
9 0.998360812664032 0.1684245765209198 0.6061362624168396 0.22797462344169617 0.7217946648597717
8 0.9976173043251038 0.2445288747549057 0.2424590289592743 0.2998138666152954 0.37037333846092224
0 0.9934370517730713 0.6268317103385925 0.0338686928153038 0.6713733077049255 0.16279050707817078
4 0.9913604259490967 0.4358574450016022 0.3576715588569641 0.49252554774284363 0.5173107981681824
2 0.9906114935874939 0.5010159611701965 0.29720014333724976 0.5537447333335876 0.434833288192749
8 0.9893839955329895 0.0959571823477745 0.49843934178352356 0.1577083170413971 0.6188629865646362
3 0.9890606999397278 0.4588988423347473 0.6446102857589722 0.5129766464233398 0.7548959255218506
2 0.988881528377533 0.5336710810661316 0.630790114402771 0.5918628573417664 0.7708343267440796
3 0.9883885383605957 0.6028688549995422 0.32250338792800903 0.6527652144432068 0.4319759011268616
9 0.9843087792396545 0.14720624685287476 0.3533344268798828 0.20954769849777222 0.4646623134613037
9 0.9823052883148193 0.1522083878517151 0.25278064608573914 0.21169573068618774 0.3653620183467865
3 0.9737389087677002 0.5373095870018005 0.5007994771003723 0.59006267786026 0.6090019345283508
3 0.9469260573387146 0.6908789277076721 0.7722128033638 0.745985209941864 0.8774613738059998
7 0.9357360005378723 0.07182947546243668 0.2642925977706909 0.14109858870506287 0.4320570230484009
6 0.9065111875534058 0.12033762782812119 0.04142671823501587 0.17654381692409515 0.1837320327758789
6 0.8868510723114014 0.11620868742465973 0.6188370585441589 0.18694214522838593 0.7557571530342102
9 0.8450456857681274 0.18384099006652832 0.07236412167549133 0.23486441373825073 0.17938342690467834
