6 0.9977893233299255 0.3979931175708771 0.38478928804397583 0.45510730147361755 0.5285269021987915
3 0.993453323841095 0.5661044716835022 0.3355974555015564 0.617314875125885 0.44403308629989624
9 0.9864163398742676 0.17945852875709534 0.2543966472148895 0.23549863696098328 0.3678535521030426
8 0.9607458710670471 0.1777835637331009 0.7641661167144775 0.24757443368434906 0.9141850471496582
9 0.9542482495307922 0.2077200561761856 0.1177031546831131 0.26245227456092834 0.22069714963436127
1 0.9509631991386414 0.7267498970031738 0.2718619704246521 0.8095567226409912 0.47025245428085327
9 0.9411739110946655 0.2734006345272064 0.2603452503681183 0.3254833519458771 0.37186363339424133
3 0.9391211271286011 0.46292996406555176 0.5179077386856079 0.5182651281356812 0.6329019069671631
3 0.9270486235618591 0.46140092611312866 0.6271593570709229 0.5148354172706604 0.7411580085754395
1 0.7960755825042725 0.702203094959259 0.2673517167568207 0.7789013981819153 0.45310738682746887
11 0.7727667689323425 0.15793319046497345 0.021680369973182678 0.2178938239812851 0.1580093950033188
7 0.6987177133560181 0.12467741966247559 0.2317402958869934 0.19741803407669067 0.3959980607032776
9 0.48878753185272217 0.30677488446235657 0.5024941563606262 0.3620752990245819 0.6141342520713806
10 0.4582175016403198 0.33568376302719116 0.03457528352737427 0.39727336168289185 0.19061988592147827
2 0.34343385696411133 0.1999898999929428 0.5559932589530945 0.2628138065338135 0.6920408606529236
3 0.2845691442489624 0.3845812976360321 0.09396825730800629 0.43473026156425476 0.19639582931995392
3 0.2806057929992676 0.5054312348365784 0.36362606287002563 0.5563785433769226 0.47766387462615967
2 0.2524799108505249 0.3180306553840637 0.7599638104438782 0.39664822816848755 0.9057666659355164
0 0.24794475734233856 0.3992939889431 0.16388988494873047 0.4479816257953644 0.30141156911849976
5 0.21942144632339478 0.46635544300079346 -0.0008327588438987732 0.5235030651092529 0.13500818610191345
