3 0.992417573928833 0.47826138138771057 0.5182856321334839 0.5324080586433411 0.6305049657821655
3 0.9880654215812683 0.6865344643592834 0.7891885638237 0.7410759329795837 0.899520218372345
9 0.986724853515625 0.16962657868862152 0.33567988872528076 0.22864891588687897 0.43955671787261963
9 0.9832395315170288 0.1773402839899063 0.22315503656864166 0.23271732032299042 0.3320366144180298
8 0.981622040271759 0.17432764172554016 0.7663718461990356 0.2432139813899994 0.9164100885391235
3 0.9790338277816772 0.42484328150749207 0.11617938429117203 0.47581997513771057 0.2131367027759552
7 0.9756420254707336 0.1006866842508316 0.28481048345565796 0.17661480605602264 0.4672827124595642
9 0.9539820551872253 0.3802635073661804 0.01851598545908928 0.42999404668807983 0.12188197672367096
10 0.9455681443214417 0.33256399631500244 0.02425576001405716 0.3911876678466797 0.18831199407577515
1 0.9434973001480103 0.7138832211494446 0.257285475730896 0.7952975630760193 0.4493674039840698
6 0.9354879856109619 0.14674296975135803 0.04879109561443329 0.207066148519516 0.19270528852939606
3 0.9052521586418152 0.4475767910480499 0.6195050477981567 0.5010285377502441 0.7325090169906616
6 0.9000346064567566 0.2879924774169922 0.3411152958869934 0.3470836877822876 0.48791736364364624
9 0.8642308712005615 0.2378740906715393 0.06890012323856354 0.2905123829841614 0.17457590997219086
3 0.853967010974884 0.516387939453125 0.3041333556175232 0.5665798187255859 0.4090162515640259
3 0.7480312585830688 0.43524742126464844 0.20173940062522888 0.48511356115341187 0.2964954078197479
2 0.7418781518936157 0.3965805768966675 0.19359180331230164 0.4525686502456665 0.32643595337867737
0 0.36753296852111816 0.5045729875564575 0.07745938003063202 0.5575919151306152 0.21478129923343658
8 0.3131345212459564 0.290655255317688 0.2654784917831421 0.35138195753097534 0.40307605266571045
5 0.3010093867778778 0.4897122383117676 0.011622350662946701 0.5430140495300293 0.12333883345127106
