3 0.9971998333930969 0.6217637658119202 0.08850797265768051 0.6705197691917419 0.19106712937355042
4 0.9939717650413513 0.49417340755462646 0.2572173476219177 0.5561240911483765 0.4112570285797119
11 0.9903644919395447 0.18763235211372375 0.7325786352157593 0.24566474556922913 0.849082350730896
3 0.9902119636535645 0.6806851029396057 0.3995707631111145 0.7332480549812317 0.5025909543037415
8 0.9868530035018921 0.1249263733625412 0.523276686668396 0.1895650178194046 0.6543635129928589
2 0.9791859984397888 0.36251142621040344 0.3393654227256775 0.4169510304927826 0.4750048518180847
3 0.9780619144439697 0.4658283293247223 0.005830451846122742 0.5131815075874329 0.11367429792881012
1 0.9760541319847107 0.7451991438865662 0.3149457275867462 0.8252416253089905 0.4982629716396332
3 0.9735495448112488 0.6596190333366394 0.16468343138694763 0.7067053914070129 0.26351508498191833
9 0.9682957530021667 0.38769981265068054 0.25797441601753235 0.4369197189807892 0.3576144874095917
9 0.9550557732582092 0.16656407713890076 0.6107640862464905 0.2276640236377716 0.724793016910553
3 0.9498084187507629 0.46306711435317993 0.27365896105766296 0.5098142623901367 0.37858620285987854
5 0.9465711116790771 0.7765796780586243 0.7072022557258606 0.8471534848213196 0.8309604525566101
7 0.9407485127449036 0.11412370949983597 0.269198477268219 0.18096297979354858 0.43956202268600464
9 0.9326298832893372 0.2300482839345932 0.14020490646362305 0.28286853432655334 0.23897665739059448
9 0.9078093767166138 0.3635779917240143 0.7426588535308838 0.4205758273601532 0.8548687696456909
9 0.901160717010498 0.24700650572776794 0.002751864492893219 0.2963808476924896 0.11034508794546127
10 0.8856871128082275 0.34936022758483887 0.21871328353881836 0.41346460580825806 0.3731512427330017
3 0.8411741852760315 0.6708328723907471 0.45811161398887634 0.7226407527923584 0.5618736743927002
2 0.8306235074996948 0.5485177040100098 0.04635835438966751 0.5980727672576904 0.17420035600662231
