3 0.9999431371688843 0.4614294469356537 0.19849063456058502 0.5118129849433899 0.3064166307449341
9 0.9988053441047668 0.3551422357559204 0.17574332654476166 0.40867745876312256 0.28691163659095764
9 0.998603880405426 0.16575157642364502 0.6047893762588501 0.22552114725112915 0.7201412916183472
8 0.9974258542060852 0.2461254745721817 0.24132460355758667 0.3009690046310425 0.3681078553199768
3 0.9945129156112671 0.5451443195343018 0.12796705961227417 0.5937083959579468 0.23793375492095947
3 0.9936848282814026 0.6044603586196899 0.31580668687820435 0.6550377607345581 0.4258365035057068
0 0.9927342534065247 0.6285620331764221 0.04186323285102844 0.6749117970466614 0.1729241907596588
4 0.99128258228302 0.43772390484809875 0.359030544757843 0.4939606487751007 0.5190484523773193
2 0.9905226230621338 0.49489614367485046 0.2993212938308716 0.5481551885604858 0.43654829263687134
3 0.990486204624176 0.4612085223197937 0.6412864327430725 0.515379011631012 0.7517467141151428
8 0.9891626834869385 0.09479376673698425 0.49699822068214417 0.15680798888206482 0.617812991142273
2 0.9881377220153809 0.5421649217605591 0.6255959868431091 0.6006186008453369 0.7647592425346375
9 0.987394392490387 0.14921611547470093 0.25240960717201233 0.208967387676239 0.365507572889328
9 0.9850722551345825 0.14612644910812378 0.3528962731361389 0.2085658311843872 0.46472281217575073
3 0.9794631600379944 0.5421864986419678 0.5003812909126282 0.5951693058013916 0.6089610457420349
1 0.9659761786460876 0.7173118591308594 0.2765931487083435 0.7888069152832031 0.4417509436607361
3 0.9374798536300659 0.6966636180877686 0.7680750489234924 0.7514086961746216 0.8725940585136414
7 0.9343239665031433 0.07062448561191559 0.2622109651565552 0.13997577130794525 0.4306926131248474
6 0.906370222568512 0.1179599016904831 0.039133258163928986 0.17458416521549225 0.18063634634017944
6 0.8988320231437683 0.11443863809108734 0.6202825903892517 0.18541760742664337 0.7571046948432922
