3 0.9911671280860901 0.47370898723602295 0.3274785578250885 0.5243819355964661 0.43520399928092957
9 0.9542205929756165 0.2946067154407501 0.47527191042900085 0.35185137391090393 0.5905800461769104
0 0.9332318902015686 0.3947499692440033 0.47801610827445984 0.45675787329673767 0.6165343523025513
3 0.9331825375556946 0.4343840777873993 0.31975024938583374 0.48713430762290955 0.4269241690635681
3 0.8454511165618896 0.6065239310264587 0.49488893151283264 0.6572993397712708 0.605144202709198
7 0.8393734693527222 0.16586025059223175 0.3127520978450775 0.23900608718395233 0.4854518473148346
0 0.8116071820259094 0.37080657482147217 0.06170206516981125 0.4272456169128418 0.20562535524368286
6 0.7651768922805786 0.4500839114189148 0.038294725120067596 0.5111613869667053 0.18504488468170166
7 0.6197595596313477 0.20541724562644958 0.3713828921318054 0.28285476565361023 0.5245968699455261
9 0.3390843868255615 0.25379055738449097 0.4738040864467621 0.31268805265426636 0.5935426354408264
