3 0.9968160390853882 0.6074339747428894 0.09916247427463531 0.6559081673622131 0.20232169330120087
2 0.9940487146377563 0.3657436668872833 0.33897465467453003 0.41739460825920105 0.4699510931968689
3 0.9923825263977051 0.6469959616661072 0.3712238371372223 0.7000940442085266 0.47753390669822693
4 0.9910379648208618 0.4841372072696686 0.2568128705024719 0.5476671457290649 0.4146655201911926
3 0.9882351160049438 0.6281418800354004 0.16953206062316895 0.676396369934082 0.26974934339523315
11 0.982327401638031 0.19610469043254852 0.7192357182502747 0.255856990814209 0.838981568813324
9 0.9763248562812805 0.38105401396751404 0.275753915309906 0.43150630593299866 0.3788694739341736
3 0.9750670194625854 0.44775110483169556 0.2837189733982086 0.49582839012145996 0.3919849097728729
3 0.9681056141853333 0.4676474630832672 0.02130148559808731 0.5148405432701111 0.12757185101509094
5 0.9583950042724609 0.7766190767288208 0.7027957439422607 0.8468958139419556 0.8281092643737793
9 0.9473357200622559 0.2231699526309967 0.14075864851474762 0.27599725127220154 0.2397482842206955
1 0.9360706806182861 0.7224013805389404 0.3124363422393799 0.8009363412857056 0.49695074558258057
9 0.9126728177070618 0.24207763373851776 0.0005655549466609955 0.2915019989013672 0.10854223370552063
3 0.8986308574676514 0.506453275680542 0.4427648186683655 0.5572013854980469 0.552152156829834
10 0.8808163404464722 0.33236441016197205 0.23249304294586182 0.39432111382484436 0.3865314722061157
9 0.8523328900337219 0.34277161955833435 0.7263895869255066 0.40204092860221863 0.8407716155052185
11 0.8439215421676636 0.1701473742723465 -0.023795701563358307 0.2244047373533249 0.09868714958429337
9 0.7271804213523865 0.18628419935703278 0.581409752368927 0.24590186774730682 0.6927089095115662
6 0.704938530921936 0.3554304838180542 0.5059182643890381 0.42053329944610596 0.652154803276062
7 0.6382550001144409 0.13673922419548035 0.2924991846084595 0.2101997435092926 0.4611038565635681
