9 0.9961611032485962 0.3665469288825989 0.186844140291214 0.42106837034225464 0.29396364092826843
3 0.9949617981910706 0.5149784088134766 0.502392053604126 0.5675784349441528 0.614865779876709
8 0.9932392239570618 0.24553589522838593 0.2751733362674713 0.3058244585990906 0.4149194657802582
2 0.9899716377258301 0.5002949833869934 0.2995802164077759 0.5570300221443176 0.43612563610076904
3 0.9883313179016113 0.7240210771560669 0.7958837747573853 0.7829383611679077 0.9099864959716797
9 0.986739456653595 0.2811897099018097 0.5006393194198608 0.33866533637046814 0.6149365901947021
8 0.9844817519187927 0.09446442872285843 0.4938804805278778 0.15693090856075287 0.6128522157669067
3 0.9842366576194763 0.5209097266197205 0.12296037375926971 0.570259153842926 0.22709651291370392
3 0.9832037091255188 0.5735796689987183 0.29970911145210266 0.621741771697998 0.4055974781513214
3 0.9729266166687012 0.4636697471141815 0.2128109633922577 0.5130577087402344 0.3137706220149994
6 0.9679068922996521 0.10054010152816772 0.6043822169303894 0.1710086464881897 0.7434682250022888
9 0.9677150845527649 0.17618073523044586 0.6073316931724548 0.2318684309720993 0.7204222083091736
9 0.9446965456008911 0.16376958787441254 0.3562386929988861 0.22506184875965118 0.46548810601234436
9 0.9149444103240967 0.37728428840637207 0.7884467840194702 0.43382495641708374 0.8912631273269653
5 0.8812598586082458 0.7896502017974854 0.7411909103393555 0.8674747943878174 0.8763864040374756
1 0.8403905630111694 0.6829015016555786 0.2604033946990967 0.7565222978591919 0.43615424633026123
2 0.7936128973960876 0.7376560568809509 0.5024557709693909 0.8065473437309265 0.6363340020179749
5 0.7905908823013306 0.6687992215156555 0.015756625682115555 0.72127765417099 0.13261203467845917
3 0.739781379699707 0.4420658349990845 0.5833614468574524 0.4944835305213928 0.6974032521247864
7 0.72633296251297 0.07542248070240021 0.25894197821617126 0.14448373019695282 0.4331569969654083
