3 0.9979845285415649 0.506354570388794 0.13437519967556 0.5563564300537109 0.23990972340106964
3 0.9974797368049622 0.42045316100120544 0.20823709666728973 0.4696073830127716 0.3111206889152527
8 0.9974231123924255 0.2662782669067383 0.295724481344223 0.32345181703567505 0.4195542633533478
9 0.9953650832176208 0.33861514925956726 0.19432826340198517 0.3917023241519928 0.3042348623275757
9 0.9862384796142578 0.18521110713481903 0.3288411796092987 0.24368877708911896 0.44266101717948914
9 0.9842249751091003 0.1983664184808731 0.6120657920837402 0.2558705508708954 0.7244727611541748
3 0.9833840727806091 0.5213232636451721 0.2868778109550476 0.5696685910224915 0.39237838983535767
8 0.9783210754394531 0.11681251972913742 0.49631816148757935 0.17826904356479645 0.6141741871833801
2 0.9757717847824097 0.472159206867218 0.2903457283973694 0.5269759297370911 0.42734843492507935
0 0.9757055044174194 0.591580867767334 0.027990296483039856 0.6370350122451782 0.15877215564250946
3 0.9652156829833984 0.547397792339325 0.46849682927131653 0.5988165736198425 0.578323483467102
6 0.9531133770942688 0.11897493898868561 0.6070685386657715 0.18906866014003754 0.7467942237854004
3 0.9530230760574341 0.7261576056480408 0.7893598675727844 0.7841594815254211 0.90007084608078
3 0.9518762826919556 0.2827865183353424 0.3651314377784729 0.33721378445625305 0.4753631353378296
6 0.9405008554458618 0.1201152577996254 0.04096922278404236 0.17550775408744812 0.17951372265815735
1 0.9355591535568237 0.6740989685058594 0.25188779830932617 0.7475847005844116 0.4347954988479614
9 0.9205929040908813 0.1681327223777771 0.28059059381484985 0.22412800788879395 0.3919951319694519
2 0.9175772666931152 0.5078249573707581 0.5882781147956848 0.5704047083854675 0.729083240032196
5 0.882929265499115 0.7903792858123779 0.739040195941925 0.8679399490356445 0.8737415671348572
3 0.8751097917556763 0.45976340770721436 0.5991355180740356 0.5122148394584656 0.7104368209838867
