3 0.9960147142410278 0.6173689365386963 0.09120798110961914 0.6654658317565918 0.18972933292388916
4 0.9935173988342285 0.49823978543281555 0.2243863046169281 0.5589431524276733 0.37773552536964417
5 0.9917086958885193 0.8192099928855896 0.715645432472229 0.8982952237129211 0.8424733877182007
2 0.9916015863418579 0.35390138626098633 0.32492727041244507 0.4076606035232544 0.4595262408256531
3 0.990437924861908 0.7089618444442749 0.38790738582611084 0.7614456415176392 0.4922051429748535
11 0.9901235103607178 0.18788811564445496 0.7325171232223511 0.24596861004829407 0.8486851453781128
1 0.9892616271972656 0.7621734142303467 0.2972643971443176 0.8427762985229492 0.48268622159957886
8 0.9887661337852478 0.12274983525276184 0.5248613953590393 0.18744930624961853 0.6559218764305115
9 0.9885079264640808 0.3761351406574249 0.2806161642074585 0.4271031320095062 0.38410210609436035
3 0.9880642294883728 0.644890546798706 0.1515810191631317 0.691856861114502 0.2473907172679901
9 0.9787915945053101 0.3537457287311554 0.7509609460830688 0.411744087934494 0.8629090785980225
3 0.9622946977615356 0.7189496159553528 0.45612961053848267 0.7716642022132874 0.5600104928016663
9 0.9586281180381775 0.16544993221759796 0.6137597560882568 0.22697435319423676 0.7278096675872803
3 0.9565388560295105 0.6498544812202454 0.729246199131012 0.7043704390525818 0.8372678160667419
7 0.9403080344200134 0.10973908007144928 0.2700135111808777 0.17641155421733856 0.4379332661628723
9 0.9099565148353577 0.17672300338745117 0.4896315336227417 0.23343431949615479 0.5946376323699951
3 0.9038772583007812 0.46548423171043396 0.2694564759731293 0.5123871564865112 0.37595775723457336
2 0.9031279683113098 0.5312493443489075 0.054637741297483444 0.5822352766990662 0.17668066918849945
9 0.9024760127067566 0.2262357920408249 0.14596137404441833 0.2785942256450653 0.24323412775993347
3 0.8930260539054871 0.4728185832500458 0.006761543452739716 0.5197464823722839 0.11202115565538406
