3 0.9999585151672363 0.4572741985321045 0.191053107380867 0.5066643357276917 0.2907125949859619
3 0.9990167617797852 0.42722973227500916 0.10123299062252045 0.4774167239665985 0.2006007581949234
2 0.9990074038505554 0.4779214859008789 0.2797723114490509 0.5295671224594116 0.4101744592189789
8 0.9877291917800903 0.16629628837108612 0.7617263793945312 0.23447103798389435 0.9107801914215088
3 0.9861501455307007 0.6848435997962952 0.7875348925590515 0.7391769289970398 0.8976538777351379
9 0.98203045129776 0.17047235369682312 0.1974533647298813 0.226835697889328 0.3094586133956909
3 0.9787430763244629 0.46794065833091736 0.4949288070201874 0.5207252502441406 0.6058882474899292
9 0.9686233997344971 0.18396084010601044 0.60638427734375 0.24285002052783966 0.7209329605102539
9 0.9563344717025757 0.18447549641132355 0.260416179895401 0.24267081916332245 0.37299343943595886
9 0.9440606832504272 0.36387524008750916 0.010303571820259094 0.41402319073677063 0.11444889008998871
3 0.9382964968681335 0.5402898192405701 0.3185003101825714 0.5904815793037415 0.4263194501399994
6 0.9361339211463928 0.3146269917488098 0.24420899152755737 0.37279993295669556 0.38755983114242554
6 0.931043803691864 0.1409110128879547 0.048713214695453644 0.2003367841243744 0.1932256817817688
3 0.9263564348220825 0.45136842131614685 0.6114529371261597 0.5047368407249451 0.7221839427947998
9 0.9246736764907837 0.20415619015693665 0.06622858345508575 0.257056325674057 0.17311833798885345
10 0.9091368913650513 0.31803780794143677 0.02265339344739914 0.375463604927063 0.1828010082244873
8 0.9038434028625488 0.3050672709941864 0.21427814662456512 0.3652245104312897 0.34558945894241333
7 0.8317712545394897 0.09166210889816284 0.2580260634422302 0.1657402515411377 0.43656522035598755
1 0.7665854096412659 0.6877127289772034 0.2580975592136383 0.7626317143440247 0.4333169162273407
0 0.5759671330451965 0.4887183606624603 0.07486266642808914 0.5475447773933411 0.20848995447158813
