3 0.9998291730880737 0.4640640914440155 0.1877148449420929 0.5129648447036743 0.2928275167942047
3 0.9988956451416016 0.5360131859779358 0.1193508431315422 0.5857555270195007 0.22838681936264038
9 0.9987819194793701 0.16752849519252777 0.6096422672271729 0.22746147215366364 0.7242802381515503
9 0.998577892780304 0.3586560785770416 0.16990695893764496 0.41245099902153015 0.2797616422176361
8 0.9970479607582092 0.23766198754310608 0.24898703396320343 0.29539939761161804 0.37996989488601685
0 0.9950831532478333 0.6272085905075073 0.033226028084754944 0.6721889972686768 0.1626899689435959
3 0.9929646253585815 0.5332140326499939 0.5042446851730347 0.5872911810874939 0.6128498315811157
4 0.9905280470848083 0.44279396533966064 0.35119545459747314 0.4999447464942932 0.5117900967597961
2 0.9904783964157104 0.5083274841308594 0.2907222509384155 0.5612808465957642 0.42840898036956787
8 0.9880833625793457 0.09529808908700943 0.49733325839042664 0.15714672207832336 0.6176421642303467
3 0.9874105453491211 0.610810399055481 0.3187810778617859 0.6609858274459839 0.4285475015640259
2 0.9868891835212708 0.5156744718551636 0.6145829558372498 0.5769579410552979 0.7556027770042419
3 0.9843807816505432 0.4553147256374359 0.6400997638702393 0.5093046426773071 0.7483723163604736
3 0.9721078276634216 0.7284270524978638 0.7820349931716919 0.78679358959198 0.8931490182876587
9 0.9640873074531555 0.15769720077514648 0.34356242418289185 0.21863782405853271 0.45373743772506714
6 0.9376642107963562 0.11642694473266602 0.03565896302461624 0.1718512773513794 0.17216753959655762
5 0.9201821088790894 0.7911125421524048 0.7387009263038635 0.8675755262374878 0.872318685054779
6 0.9008885025978088 0.11341788619756699 0.620769202709198 0.184449702501297 0.7576622366905212
7 0.8792713284492493 0.07941745966672897 0.26280832290649414 0.1471179723739624 0.4336320161819458
9 0.8645401000976562 0.15975551307201385 0.2685035467147827 0.21822448074817657 0.3798756003379822
