3 0.9997121691703796 0.4261966347694397 0.17659373581409454 0.4753303527832031 0.2816239595413208
8 0.9990376830101013 0.24005578458309174 0.2523917257785797 0.29554274678230286 0.3731786906719208
9 0.9981863498687744 0.3447566628456116 0.1471947431564331 0.39872056245803833 0.2583463191986084
3 0.9972841143608093 0.5166440010070801 0.12633016705513 0.5662513971328735 0.23410072922706604
0 0.9967036843299866 0.619414746761322 0.030962809920310974 0.6639197468757629 0.16036219894886017
2 0.9959465861320496 0.5003334283828735 0.2822335958480835 0.5502679347991943 0.4179009199142456
9 0.9959016442298889 0.17696580290794373 0.6078037023544312 0.23561802506446838 0.7198090553283691
4 0.9940152168273926 0.4445246756076813 0.3527606725692749 0.5052024722099304 0.5080888271331787
3 0.993843674659729 0.6011140942573547 0.30153417587280273 0.651290237903595 0.4101356267929077
9 0.9935275316238403 0.16914287209510803 0.3286725878715515 0.22862693667411804 0.44017136096954346
3 0.9892969727516174 0.5483989715576172 0.48026764392852783 0.6009353399276733 0.5884509086608887
8 0.986176073551178 0.10769820213317871 0.4986288547515869 0.16930514574050903 0.6182277202606201
2 0.9765941500663757 0.5286203026771545 0.5886383652687073 0.5898202061653137 0.728137195110321
3 0.9556783437728882 0.4612683355808258 0.6157222986221313 0.5143634676933289 0.722357988357544
6 0.9432756304740906 0.11763691157102585 0.03788863867521286 0.1729084998369217 0.17523586750030518
3 0.9409143328666687 0.7228860855102539 0.7835865616798401 0.780630350112915 0.8935498595237732
3 0.9391701221466064 0.25060081481933594 0.3598003387451172 0.3047560453414917 0.468705415725708
6 0.9126442670822144 0.12123695015907288 0.6155089735984802 0.19175949692726135 0.7551456093788147
5 0.8771727085113525 0.790712833404541 0.7368994951248169 0.868220329284668 0.8715265989303589
10 0.8770421743392944 0.188914954662323 0.09638581424951553 0.24413186311721802 0.24974587559700012
