3 0.9881826639175415 0.4566364288330078 0.3060625493526459 0.5043685436248779 0.4104478657245636
9 0.9823575019836426 0.21386855840682983 0.5654369592666626 0.2701590061187744 0.6757596731185913
11 0.9678567051887512 0.5409111976623535 0.5855060815811157 0.6043486595153809 0.7250280380249023
2 0.9660825729370117 0.37871813774108887 0.3160645663738251 0.437160849571228 0.45083513855934143
9 0.9363018274307251 0.4005991220474243 0.28890499472618103 0.45104020833969116 0.39118692278862
10 0.920020580291748 0.33876606822013855 0.2276509702205658 0.40054407715797424 0.3811779320240021
4 0.8830870389938354 0.5316305756568909 0.3264249563217163 0.6007294058799744 0.48753851652145386
9 0.870578408241272 0.24715517461299896 0.1539599746465683 0.29799920320510864 0.25149795413017273
7 0.8591672778129578 0.24159535765647888 0.27631768584251404 0.31027570366859436 0.4470459520816803
3 0.8303989768028259 0.635792076587677 0.2348761409521103 0.6838828921318054 0.3370392620563507
5 0.8007702231407166 0.7865707874298096 0.6922696828842163 0.8650672435760498 0.8253933191299438
1 0.7497398853302002 0.6398260593414307 0.5250126123428345 0.7166876792907715 0.7001577615737915
3 0.6580311059951782 0.5025410056114197 0.44935908913612366 0.5537645220756531 0.5620687007904053
9 0.5783451795578003 0.26984903216362 0.020662423223257065 0.3183044493198395 0.12248700857162476
