9 0.9990355372428894 0.3644064664840698 0.346295565366745 0.4210660457611084 0.4496024549007416
9 0.9983809590339661 0.20124316215515137 0.6209092140197754 0.2627774477005005 0.7410951852798462
3 0.9962069988250732 0.4554723799228668 0.36023399233818054 0.5072516202926636 0.46532878279685974
3 0.9875925779342651 0.601820170879364 0.3009870648384094 0.6523614525794983 0.4056231379508972
9 0.9833521246910095 0.2276313304901123 0.05765194073319435 0.2799360156059265 0.16779398918151855
4 0.980350911617279 0.5123042464256287 0.3247249126434326 0.578014075756073 0.48594069480895996
7 0.9163817763328552 0.29793643951416016 0.3662180006504059 0.3753516674041748 0.5583615899085999
5 0.611975371837616 0.7613708972930908 0.7227034568786621 0.8370552062988281 0.8547506332397461
11 0.5777764320373535 0.1447950154542923 0.281659871339798 0.20805440843105316 0.4190014898777008
1 0.3907388746738434 0.5087065696716309 0.45971375703811646 0.5782194137573242 0.6222435832023621
7 0.27905407547950745 0.16151098906993866 0.3492201566696167 0.2316107302904129 0.5096536874771118
