8 0.9966808557510376 0.2654605805873871 0.4412458837032318 0.32592788338661194 0.5685931444168091
2 0.9863767027854919 0.33325183391571045 0.3388866186141968 0.3871445059776306 0.4708263874053955
3 0.9680132269859314 0.4217272698879242 0.2872201204299927 0.4718932807445526 0.3931378126144409
3 0.9667737483978271 0.5986719131469727 0.37206408381462097 0.6501507759094238 0.4780905544757843
9 0.9565181732177734 0.21468299627304077 0.15195664763450623 0.2668546438217163 0.25019052624702454
4 0.94950932264328 0.46106892824172974 0.29256221652030945 0.5283741354942322 0.45100024342536926
6 0.9363619685173035 0.355792760848999 0.5167267918586731 0.4211309552192688 0.6553381085395813
9 0.9357780814170837 0.3619197607040405 0.2806062400341034 0.4144303798675537 0.3824075758457184
9 0.8975693583488464 0.1917359083890915 0.5915806889533997 0.2498917132616043 0.7063137888908386
11 0.8842384219169617 0.19822898507118225 0.7123133540153503 0.25932708382606506 0.8406029343605042
9 0.8640747666358948 0.2372206300497055 0.0033030249178409576 0.2873070538043976 0.10923305153846741
3 0.8405617475509644 0.593877911567688 0.2105007767677307 0.6423243284225464 0.3175678849220276
7 0.8302380442619324 0.23369982838630676 0.2909201979637146 0.30499228835105896 0.46306484937667847
11 0.8167577981948853 0.17020219564437866 -0.01782871037721634 0.2236887812614441 0.10322899371385574
10 0.7916296720504761 0.31456810235977173 0.24942338466644287 0.3760480284690857 0.3933662176132202
5 0.7553374767303467 0.7576406002044678 0.6864316463470459 0.8261616230010986 0.8095945119857788
1 0.7152503132820129 0.6983682513237 0.41038328409194946 0.7766023278236389 0.5847838521003723
3 0.6145181059837341 0.44151508808135986 0.4227500557899475 0.4927433133125305 0.533397912979126
11 0.5631436109542847 0.5701997876167297 0.6657498478889465 0.6353861689567566 0.8034479022026062
3 0.51462322473526 0.4439004361629486 0.024083048105239868 0.4909704029560089 0.13069114089012146
