3 0.9902082681655884 0.506212592124939 0.5370255708694458 0.5605121850967407 0.6491752862930298
9 0.9860263466835022 0.18491798639297485 0.24144664406776428 0.23999714851379395 0.34592410922050476
3 0.9857576489448547 0.5670778155326843 0.3428393006324768 0.6180436015129089 0.4515504837036133
8 0.9813194274902344 0.17467907071113586 0.7659972906112671 0.24328812956809998 0.9151779413223267
9 0.979806125164032 0.22275123000144958 0.08473953604698181 0.27775588631629944 0.18731024861335754
1 0.9602845907211304 0.7287244200706482 0.2769564688205719 0.8113313317298889 0.47444769740104675
9 0.9570278525352478 0.17688344419002533 0.35687118768692017 0.23457558453083038 0.47314006090164185
3 0.9069726467132568 0.47525525093078613 0.6233238577842712 0.5277197360992432 0.7354819178581238
7 0.8602998852729797 0.09883579611778259 0.21742713451385498 0.17302492260932922 0.39229679107666016
9 0.8236098289489746 0.29350993037223816 0.5135356783866882 0.3505003750324249 0.6247430443763733
11 0.8198931813240051 0.16175754368305206 0.03460690379142761 0.22325240075588226 0.17211976647377014
2 0.7124535441398621 0.2938925623893738 0.37113240361213684 0.35242801904678345 0.5145679712295532
10 0.6909820437431335 0.3453946113586426 0.037026628851890564 0.40753424167633057 0.19566072523593903
1 0.4456312656402588 0.7016173601150513 0.2675718069076538 0.778815507888794 0.45345020294189453
3 0.4280295670032501 0.39034175872802734 0.10440792143344879 0.43907976150512695 0.20610855519771576
5 0.278117835521698 0.4778175950050354 0.0009419247508049011 0.5356943011283875 0.13532960414886475
2 0.25408557057380676 0.3169659376144409 0.7615453600883484 0.3952019214630127 0.9076859354972839
9 0.22823816537857056 0.2167864441871643 0.5541414022445679 0.27236801385879517 0.6793938875198364
2 0.22125419974327087 0.18527549505233765 0.5330653190612793 0.246837317943573 0.6674656867980957
5 0.2146024852991104 0.4033673405647278 0.33750075101852417 0.46478205919265747 0.47135716676712036
