3 0.9925241470336914 0.5657280087471008 0.33504194021224976 0.6168734431266785 0.4433891177177429
6 0.9923329949378967 0.4201425015926361 0.3691128194332123 0.4785648286342621 0.5166767239570618
1 0.9633113145828247 0.7281000018119812 0.27895206212997437 0.8107150197029114 0.4761817455291748
8 0.9581575393676758 0.17737311124801636 0.7638668417930603 0.24735790491104126 0.9138380885124207
3 0.9520285129547119 0.471988320350647 0.5198988914489746 0.5276448726654053 0.6349233388900757
9 0.9471408128738403 0.2450113445520401 0.10980801284313202 0.2979395389556885 0.21278806030750275
3 0.9336728453636169 0.4674221873283386 0.6255130171775818 0.5207855701446533 0.7394614815711975
9 0.9094744920730591 0.2010411024093628 0.23997212946414948 0.2561987042427063 0.35157090425491333
1 0.6990746855735779 0.7010657787322998 0.2676120698451996 0.7777564525604248 0.4531126320362091
11 0.6133792996406555 0.1709899753332138 0.02678363025188446 0.2323221117258072 0.16139169037342072
7 0.5848062634468079 0.13629953563213348 0.22778058052062988 0.20855964720249176 0.3915674686431885
10 0.5320220589637756 0.3571120500564575 0.043032921850681305 0.4203934669494629 0.2025076448917389
2 0.5054311752319336 0.30097275972366333 0.3381665349006653 0.3520047664642334 0.4713318347930908
9 0.38301828503608704 0.3067037761211395 0.5015993714332581 0.3620206415653229 0.6136521697044373
5 0.35464778542518616 0.31872615218162537 0.23911871016025543 0.37417855858802795 0.3734068274497986
3 0.3499540388584137 0.43090566992759705 0.11596115678548813 0.4784410297870636 0.21721938252449036
2 0.309524804353714 0.20115168392658234 0.5551657676696777 0.264249324798584 0.6917592287063599
2 0.2518232464790344 0.31701749563217163 0.7596689462661743 0.39563554525375366 0.9056497812271118
9 0.21099984645843506 0.19204340875148773 0.3465358316898346 0.24709077179431915 0.4650997221469879
0 0.20283283293247223 0.40953293442726135 0.1491224765777588 0.4636975824832916 0.29000532627105713
