5 0.9918822050094604 0.8118561506271362 0.7275496125221252 0.8878854513168335 0.8495985865592957
3 0.9912317991256714 0.7540076971054077 0.7624119520187378 0.810749888420105 0.8729459047317505
11 0.9865502715110779 0.16816285252571106 0.6767154932022095 0.23317840695381165 0.8154938220977783
9 0.9761640429496765 0.22093860805034637 0.7138680219650269 0.27831530570983887 0.8260093927383423
3 0.9735310077667236 0.6723824739456177 0.45758485794067383 0.7240476608276367 0.5532376766204834
2 0.9725183248519897 0.7855525016784668 0.5528663396835327 0.8571212291717529 0.6769638061523438
3 0.9552341103553772 0.6767473220825195 0.37634995579719543 0.7268528938293457 0.47266408801078796
3 0.9526890516281128 0.6025954484939575 0.07899370789527893 0.6493260860443115 0.179508239030838
9 0.9394332766532898 0.2366984486579895 0.4687867760658264 0.291215181350708 0.5713732838630676
9 0.921515166759491 0.24934205412864685 0.17166347801685333 0.2978614866733551 0.2714179754257202
9 0.9140976071357727 0.25038179755210876 0.07180958986282349 0.2985391318798065 0.1681637167930603
8 0.9103233218193054 0.15390700101852417 0.5619437098503113 0.21246963739395142 0.6840088963508606
0 0.9053893089294434 0.7344338297843933 0.1312859207391739 0.7824264168739319 0.24892698228359222
1 0.9020048975944519 0.7380170226097107 0.32560157775878906 0.8170017600059509 0.49084144830703735
3 0.8922260403633118 0.6072002053260803 0.17073872685432434 0.6534398198127747 0.26851627230644226
0 0.8853801488876343 0.7461005449295044 0.44050562381744385 0.809245228767395 0.5758118629455566
2 0.8840228915214539 0.7065233588218689 0.06902295351028442 0.759336531162262 0.18712329864501953
9 0.8711189031600952 0.22093018889427185 0.6126893162727356 0.27811726927757263 0.7189165949821472
4 0.8405492305755615 0.7180249094963074 0.2516784369945526 0.7856469750404358 0.3967413008213043
9 0.8403944969177246 0.24999099969863892 0.37233543395996094 0.3033737540245056 0.4702756404876709
