3 0.9898075461387634 0.5097164511680603 0.5375534892082214 0.5638590455055237 0.6495162844657898
3 0.9856581687927246 0.5692266225814819 0.3411932587623596 0.6203235387802124 0.44990628957748413
9 0.9803473353385925 0.22668488323688507 0.08337834477424622 0.28141480684280396 0.185994952917099
8 0.9622682332992554 0.17602163553237915 0.7648909091949463 0.24569779634475708 0.9140338897705078
9 0.9618925452232361 0.19236205518245697 0.24269187450408936 0.24785031378269196 0.35104477405548096
1 0.9609429240226746 0.7296425104141235 0.2780183255672455 0.8125928640365601 0.4756228029727936
3 0.9076218008995056 0.4765464663505554 0.6255925297737122 0.5289658904075623 0.7375145554542542
2 0.8834924101829529 0.30162402987480164 0.37474513053894043 0.35641446709632874 0.5168822407722473
7 0.8516006469726562 0.10714931786060333 0.2108331024646759 0.18087123334407806 0.38304564356803894
11 0.8513322472572327 0.1611018180847168 0.03521426022052765 0.22221285104751587 0.17275051772594452
9 0.8106479048728943 0.1961512565612793 0.35988685488700867 0.2529423236846924 0.4774969518184662
9 0.7150924801826477 0.3083699345588684 0.5196300148963928 0.36415010690689087 0.6299927830696106
10 0.6948003768920898 0.34812551736831665 0.03784371167421341 0.41043543815612793 0.1969248652458191
3 0.4748286306858063 0.39235490560531616 0.10551872849464417 0.4410170316696167 0.20657530426979065
1 0.45228812098503113 0.7023337483406067 0.2670380771160126 0.7795698046684265 0.45299407839775085
2 0.38929808139801025 0.1987665444612503 0.5393442511558533 0.26019203662872314 0.6772536635398865
5 0.27203285694122314 0.4762163758277893 0.00019488483667373657 0.5336925387382507 0.1348426640033722
2 0.24605318903923035 0.31649890542030334 0.7610173225402832 0.3948797881603241 0.9074492454528809
0 0.20378537476062775 0.5037087798118591 0.08790039271116257 0.5557693839073181 0.23391854763031006
