9 0.9994878768920898 0.3603822886943817 0.3276520371437073 0.4165893495082855 0.43042880296707153
9 0.998529851436615 0.1983773112297058 0.6213382482528687 0.26030921936035156 0.7393653392791748
3 0.9971741437911987 0.4560151994228363 0.3637532889842987 0.5081267952919006 0.4670489728450775
4 0.9917693734169006 0.5214892625808716 0.33198291063308716 0.5876271724700928 0.4922930598258972
3 0.986452579498291 0.6007319092750549 0.30180972814559937 0.6512574553489685 0.4064640402793884
9 0.9749810099601746 0.22337007522583008 0.05062125250697136 0.2754672169685364 0.16224326193332672
7 0.938804566860199 0.2510036528110504 0.34409454464912415 0.32233306765556335 0.5220493674278259
5 0.8854119777679443 0.7890685796737671 0.7329918742179871 0.863930344581604 0.8640120625495911
11 0.6656062602996826 0.14946526288986206 0.2774883508682251 0.21583306789398193 0.4130823612213135
6 0.48847413063049316 0.15274786949157715 0.3475818634033203 0.2211015820503235 0.5041550397872925
9 0.4168585240840912 0.2896331250667572 0.15589524805545807 0.340332955121994 0.2625996172428131
1 0.2378876656293869 0.5558543801307678 0.6726142764091492 0.6319450736045837 0.8257560133934021
