3 0.9708737134933472 0.5809413194656372 0.3141600787639618 0.6293690204620361 0.41544482111930847
8 0.9552037119865417 0.15033549070358276 0.1943262666463852 0.21039068698883057 0.3182724714279175
9 0.9214900732040405 0.22510886192321777 0.5675556659698486 0.2789720296859741 0.6774657964706421
3 0.9171322584152222 0.624990701675415 0.2233005166053772 0.6716289520263672 0.32565373182296753
3 0.8806276321411133 0.6324436068534851 0.5710989236831665 0.684392511844635 0.6788692474365234
2 0.8325225710868835 0.7181695699691772 0.21838542819023132 0.7842286825180054 0.3526071608066559
9 0.8278457522392273 0.2378043383359909 0.4703022241592407 0.2913423180580139 0.5743539333343506
6 0.8247654438018799 0.14826199412345886 0.5731770396232605 0.22046956419944763 0.7224741578102112
3 0.8228697776794434 0.6964015960693359 0.7521510124206543 0.7502633333206177 0.8576672077178955
3 0.8126111030578613 0.620171308517456 0.07003757357597351 0.6655862331390381 0.17240694165229797
9 0.7999510169029236 0.2567484378814697 0.11616455018520355 0.3062269687652588 0.2155793458223343
9 0.755450427532196 0.24574774503707886 0.25570645928382874 0.2960584759712219 0.3526630103588104
10 0.7101382613182068 0.15987133979797363 0.23290038108825684 0.226360023021698 0.38742804527282715
9 0.6798166632652283 0.23651105165481567 0.17524971067905426 0.2868024706840515 0.2786867916584015
3 0.6611059904098511 0.6116660833358765 0.3841199278831482 0.6590921878814697 0.48064297437667847
3 0.6538278460502625 0.6308014392852783 0.13755042850971222 0.675601601600647 0.23645560443401337
11 0.649152934551239 0.13201171159744263 0.7439297437667847 0.19920867681503296 0.8832155466079712
9 0.6468007564544678 0.24421589076519012 0.778687596321106 0.29581284523010254 0.8700008392333984
5 0.6452895402908325 0.6947557926177979 0.04942714795470238 0.7454750537872314 0.15784209966659546
9 0.6253803372383118 0.2557240426540375 0.051903750747442245 0.30451324582099915 0.15098723769187927
