3 0.9998792409896851 0.461111843585968 0.18787497282028198 0.510356068611145 0.2943078875541687
3 0.9989802837371826 0.5309170484542847 0.11929813027381897 0.5807884931564331 0.2290152609348297
9 0.9989064931869507 0.35591357946395874 0.1705714464187622 0.4094787836074829 0.2815214991569519
9 0.9983410239219666 0.171219602227211 0.6130868196487427 0.23068200051784515 0.7276045083999634
8 0.9974409341812134 0.24428394436836243 0.24149663746356964 0.2996924817562103 0.36979007720947266
0 0.9916051030158997 0.6235975027084351 0.03104356676340103 0.6678208112716675 0.15957340598106384
4 0.9914798736572266 0.43510034680366516 0.3581917881965637 0.491742342710495 0.5173946022987366
2 0.9910468459129333 0.49967584013938904 0.2957616448402405 0.5521681308746338 0.43300801515579224
3 0.9909819960594177 0.6015061140060425 0.32189008593559265 0.6515694856643677 0.4315010607242584
8 0.9890645742416382 0.09729769080877304 0.49759817123413086 0.158951073884964 0.6180374622344971
3 0.9886054396629333 0.5241740345954895 0.5096880793571472 0.5779170393943787 0.6174859404563904
2 0.9857258796691895 0.5035905241966248 0.6219388842582703 0.5644771456718445 0.7645941376686096
9 0.9840500354766846 0.1463158279657364 0.35294273495674133 0.2087094634771347 0.4643237292766571
9 0.9821864366531372 0.15198394656181335 0.25180771946907043 0.21149864792823792 0.3643592298030853
3 0.9816261529922485 0.4532514214515686 0.6462580561637878 0.507104218006134 0.7537756562232971
3 0.9668002128601074 0.7223419547080994 0.791221559047699 0.7804515957832336 0.901029646396637
7 0.937738835811615 0.07177257537841797 0.2637348175048828 0.14097261428833008 0.4318540096282959
6 0.9192328453063965 0.11973981559276581 0.04024507850408554 0.1758585125207901 0.18286851048469543
6 0.8852344751358032 0.11687523126602173 0.6185857653617859 0.18768519163131714 0.7560102343559265
5 0.8835869431495667 0.7923608422279358 0.7432708144187927 0.8699790835380554 0.8775661587715149
