3 0.9973177909851074 0.6153957843780518 0.09100998193025589 0.6642904281616211 0.19357550144195557
4 0.9944800138473511 0.4955979883670807 0.25625234842300415 0.5576024651527405 0.41072070598602295
2 0.9896872639656067 0.36995163559913635 0.33697694540023804 0.4230542480945587 0.47224539518356323
11 0.9890322685241699 0.18932683765888214 0.7303822636604309 0.2472953051328659 0.8467099070549011
3 0.9861584901809692 0.6888301372528076 0.4085652530193329 0.7421269416809082 0.5119731426239014
3 0.9825083613395691 0.6520410776138306 0.17085789144039154 0.6993438005447388 0.26934611797332764
8 0.9820159077644348 0.12279190123081207 0.5202395915985107 0.1879650205373764 0.6513534784317017
3 0.9804815053939819 0.460947185754776 0.006143219769001007 0.5083478093147278 0.11408518999814987
9 0.9723912477493286 0.3393736779689789 0.7369018197059631 0.3994375765323639 0.8528069853782654
1 0.9715619683265686 0.7436358332633972 0.3154812157154083 0.823843777179718 0.4984816014766693
9 0.97081458568573 0.3857581615447998 0.2529674470424652 0.4350217580795288 0.3532591164112091
5 0.9639824628829956 0.7736150026321411 0.7023812532424927 0.8433666229248047 0.8269180059432983
9 0.9510382413864136 0.1592027097940445 0.6098577380180359 0.22189532220363617 0.7257440686225891
3 0.9458902478218079 0.4635695517063141 0.2687152624130249 0.5102987885475159 0.37445682287216187
7 0.9420343637466431 0.11441167443990707 0.2692811191082001 0.18170073628425598 0.43885067105293274
9 0.92964768409729 0.23186050355434418 0.14050468802452087 0.2846032381057739 0.23943182826042175
9 0.8938905596733093 0.24788853526115417 0.0037717409431934357 0.2972058951854706 0.11106227338314056
10 0.8873412609100342 0.34763920307159424 0.21469125151634216 0.4114680886268616 0.3694818317890167
2 0.8364788293838501 0.5452756285667419 0.04835625737905502 0.5948311686515808 0.17593792080879211
6 0.8291558623313904 0.11959782987833023 0.4097093641757965 0.1785566508769989 0.5407809019088745
