6 0.9989172220230103 0.4466605484485626 0.43427759408950806 0.5048531889915466 0.563018798828125
3 0.9978649616241455 0.3103621304035187 0.4443053901195526 0.36968424916267395 0.558540940284729
9 0.997775137424469 0.18525223433971405 0.10820184648036957 0.24059398472309113 0.21608825027942657
9 0.9973206520080566 0.16978445649147034 0.31276780366897583 0.2284790575504303 0.4265689253807068
11 0.9964662790298462 0.4125329256057739 0.3428053855895996 0.473507821559906 0.46732640266418457
7 0.9754422307014465 0.10402922332286835 0.22981128096580505 0.1709435135126114 0.40983012318611145
3 0.9584352374076843 0.5023337602615356 0.40193846821784973 0.5559724569320679 0.5099269151687622
3 0.9280914068222046 0.4706224799156189 0.620823323726654 0.5242407917976379 0.733633816242218
9 0.7054380774497986 0.29836252331733704 0.48234790563583374 0.35794076323509216 0.598267138004303
1 0.46527692675590515 0.7020596265792847 0.34040147066116333 0.7890563011169434 0.5267097353935242
7 0.3406497836112976 0.17333562672138214 0.3480069041252136 0.24461649358272552 0.49943727254867554
