4 0.9982728958129883 0.5125287771224976 0.2536333203315735 0.574521541595459 0.4121443033218384
3 0.9973911643028259 0.6121476888656616 0.0912729874253273 0.6611471176147461 0.1961592733860016
2 0.993993878364563 0.3598666787147522 0.3205198049545288 0.41325443983078003 0.45305436849594116
3 0.9911085963249207 0.6529608964920044 0.17415881156921387 0.7012361288070679 0.2748658061027527
11 0.9897664189338684 0.18696610629558563 0.7301719188690186 0.244717076420784 0.8463232517242432
9 0.9892721772193909 0.35432490706443787 0.27742525935173035 0.4069463908672333 0.37917354702949524
3 0.9885028004646301 0.6912553310394287 0.40718427300453186 0.7445794343948364 0.5105425119400024
3 0.9864437580108643 0.4344548285007477 0.27003636956214905 0.48226985335350037 0.3796951472759247
8 0.9837468266487122 0.12072911858558655 0.5217692852020264 0.18579724431037903 0.6527125835418701
3 0.9764249324798584 0.44855326414108276 0.010008469223976135 0.4964361786842346 0.11701302230358124
9 0.976390540599823 0.33759984374046326 0.7390751242637634 0.39783188700675964 0.855253279209137
1 0.9761239886283875 0.7475470304489136 0.31590285897254944 0.8279393911361694 0.49891236424446106
5 0.9578297734260559 0.7729948163032532 0.7033897638320923 0.8430065512657166 0.8279281854629517
9 0.9562703967094421 0.15630671381950378 0.6126736402511597 0.21937265992164612 0.7284358739852905
10 0.8979924917221069 0.33844825625419617 0.22451326251029968 0.4032934010028839 0.3814499080181122
9 0.8968237638473511 0.23472712934017181 0.1318053901195526 0.2862396240234375 0.23470917344093323
9 0.8786256909370422 0.23907089233398438 0.0038270987570285797 0.2883949279785156 0.11169826984405518
7 0.8664958477020264 0.11970363557338715 0.2711823582649231 0.18439437448978424 0.4334375262260437
6 0.8514143228530884 0.11886827647686005 0.40568798780441284 0.1774085909128189 0.5365136861801147
11 0.833420991897583 0.17000322043895721 -0.019111353904008865 0.22355498373508453 0.10105837881565094
