5 0.9938130378723145 0.810513436794281 0.7292519807815552 0.8860951066017151 0.8498252630233765
3 0.9929625988006592 0.7555037140846252 0.7642335891723633 0.8121821284294128 0.8747797012329102
11 0.9866833686828613 0.1682146042585373 0.6774083971977234 0.23337151110172272 0.8164854645729065
2 0.9803838133811951 0.7881428599357605 0.5583993792533875 0.8592087626457214 0.6820390820503235
9 0.9774206876754761 0.22148475050926208 0.7145187854766846 0.27886298298835754 0.826249361038208
3 0.9721526503562927 0.6720984578132629 0.4601942300796509 0.7234727740287781 0.5560076236724854
3 0.9587420225143433 0.6737856864929199 0.37607526779174805 0.7238602638244629 0.47237855195999146
3 0.9518924355506897 0.6011607050895691 0.0806308388710022 0.648020327091217 0.18054956197738647
9 0.9387711882591248 0.2368657886981964 0.46871045231819153 0.2912972867488861 0.5714088678359985
1 0.924953818321228 0.74091637134552 0.31692084670066833 0.820339560508728 0.48455610871315
9 0.9211445450782776 0.2518479824066162 0.07124293595552444 0.2999861240386963 0.16721665859222412
9 0.9149066209793091 0.24984866380691528 0.1693522036075592 0.29840564727783203 0.2688296139240265
8 0.9121919274330139 0.153892382979393 0.5626084208488464 0.21264095604419708 0.684786856174469
0 0.9008820652961731 0.7463235259056091 0.44439762830734253 0.8088045716285706 0.5793716311454773
0 0.8949315547943115 0.7350631356239319 0.12964175641536713 0.7834512591362 0.24718929827213287
3 0.8820105791091919 0.6098883748054504 0.17057682573795319 0.656144917011261 0.26760584115982056
2 0.8707534074783325 0.7047010660171509 0.06937819719314575 0.7574822902679443 0.18695098161697388
9 0.8702976107597351 0.22158382833003998 0.6134548187255859 0.2787424325942993 0.7196258306503296
4 0.8292587399482727 0.72476726770401 0.2480991929769516 0.7932538390159607 0.39479494094848633
9 0.8221268057823181 0.2505781054496765 0.3712849020957947 0.30389517545700073 0.4692955017089844
