8 0.9966707825660706 0.2679431140422821 0.4414370656013489 0.32855620980262756 0.5687693953514099
2 0.9871156811714172 0.3326999247074127 0.33930665254592896 0.38654646277427673 0.47097229957580566
3 0.9702072143554688 0.42270439863204956 0.286288857460022 0.47280293703079224 0.3922363519668579
3 0.9651970267295837 0.5990212559700012 0.3695202171802521 0.6507173180580139 0.4758617579936981
4 0.9520426392555237 0.4619332551956177 0.2893264591693878 0.5290533304214478 0.44769391417503357
9 0.947397768497467 0.21551020443439484 0.14986291527748108 0.26777955889701843 0.24810758233070374
9 0.9400753378868103 0.36220142245292664 0.2804589867591858 0.4147200286388397 0.3823924660682678
6 0.9393538236618042 0.35477665066719055 0.5152491331100464 0.420084148645401 0.6542145013809204
9 0.934402585029602 0.18732234835624695 0.5950145721435547 0.24601224064826965 0.7105841636657715
11 0.8669491410255432 0.19766627252101898 0.7121631503105164 0.2586979866027832 0.8403405547142029
9 0.8650894165039062 0.23483608663082123 0.002262268215417862 0.2850072383880615 0.10840985178947449
3 0.852739155292511 0.6000413298606873 0.20719370245933533 0.6486139893531799 0.3144325911998749
7 0.8331725597381592 0.23591646552085876 0.29166215658187866 0.3073867857456207 0.4620387554168701
11 0.8111291527748108 0.16846057772636414 -0.018507424741983414 0.22193226218223572 0.10259342193603516
10 0.7958481907844543 0.3171931803226471 0.2476603090763092 0.37857040762901306 0.3905777037143707
5 0.74727863073349 0.7602993249893188 0.6836143136024475 0.8291958570480347 0.8068282008171082
1 0.6938888430595398 0.6989458799362183 0.41050615906715393 0.7777625322341919 0.5853249430656433
3 0.6202849745750427 0.44573774933815 0.42188623547554016 0.4970346987247467 0.5329720973968506
11 0.6011750102043152 0.5714926719665527 0.6640702486038208 0.6367278099060059 0.8018982410430908
3 0.5092020034790039 0.44507238268852234 0.022558949887752533 0.4922182261943817 0.1293356716632843
