3 0.9919148683547974 0.47883397340774536 0.5132910013198853 0.5331268906593323 0.6247384548187256
3 0.9891537427902222 0.6866872310638428 0.7889233827590942 0.741478681564331 0.9002493619918823
3 0.9887980818748474 0.5550104379653931 0.3290632367134094 0.6061991453170776 0.4363589286804199
9 0.9874082803726196 0.16910307109355927 0.33484312891960144 0.22807051241397858 0.43885478377342224
8 0.9834595322608948 0.17499542236328125 0.767097532749176 0.24370408058166504 0.9168509840965271
9 0.9825915098190308 0.1770237684249878 0.22347454726696014 0.2323961853981018 0.33223116397857666
7 0.9752365946769714 0.09910735487937927 0.2829672694206238 0.1748962104320526 0.4654833674430847
1 0.9579322338104248 0.7262970209121704 0.2751997709274292 0.809104323387146 0.47321927547454834
10 0.930324137210846 0.33172765374183655 0.027608275413513184 0.3902446925640106 0.19101601839065552
9 0.9269357323646545 0.3793550431728363 0.016956280916929245 0.4291471540927887 0.12095479667186737
3 0.9241657853126526 0.4491078555583954 0.6192087531089783 0.502646803855896 0.733093798160553
6 0.9042065143585205 0.28696408867836 0.3421042561531067 0.3461044132709503 0.48921918869018555
6 0.9036717414855957 0.1478031575679779 0.051703423261642456 0.20856806635856628 0.19610264897346497
9 0.8708374500274658 0.2368466854095459 0.07261897623538971 0.2894895076751709 0.17840825021266937
2 0.7701550722122192 0.3909303545951843 0.19174593687057495 0.44678544998168945 0.3263359069824219
1 0.5698831677436829 0.6973861455917358 0.26578783988952637 0.774333119392395 0.4494560956954956
3 0.5243440866470337 0.42724424600601196 0.10192784667015076 0.4769367575645447 0.20127883553504944
3 0.46634840965270996 0.42344337701797485 0.19615435600280762 0.4729786515235901 0.2927734851837158
5 0.38114872574806213 0.4626251459121704 -0.004626337438821793 0.5163701772689819 0.10899126529693604
0 0.36762291193008423 0.4895802140235901 0.05942613631486893 0.5413225293159485 0.19331324100494385
