9 0.9980359673500061 0.18839304149150848 0.11218483746051788 0.24718792736530304 0.2183726280927658
6 0.9967641830444336 0.43799254298210144 0.42515677213668823 0.4984823763370514 0.5541984438896179
9 0.9905455112457275 0.16686376929283142 0.28316551446914673 0.22566136717796326 0.39333266019821167
11 0.9838382005691528 0.41873618960380554 0.2998771071434021 0.48043349385261536 0.4287765622138977
3 0.9769834280014038 0.5447173118591309 0.37801629304885864 0.5962587594985962 0.4879083037376404
7 0.9672752022743225 0.10848347842693329 0.2143632173538208 0.17703236639499664 0.39272892475128174
9 0.9577580094337463 0.3277706205844879 0.4849804937839508 0.384578675031662 0.5912936925888062
3 0.8516601324081421 0.4654795527458191 0.607191264629364 0.5177671909332275 0.7127794623374939
1 0.7242376208305359 0.7252780795097351 0.2651887536048889 0.8093461394309998 0.45944541692733765
10 0.6219854950904846 0.339181512594223 0.03565788269042969 0.40150371193885803 0.19681018590927124
8 0.46476688981056213 0.36810779571533203 0.5739771127700806 0.43650269508361816 0.7180526256561279
7 0.28062158823013306 0.15696823596954346 0.3404079079627991 0.22935187816619873 0.4888917803764343
3 0.22857072949409485 0.37300604581832886 0.478510320186615 0.42631441354751587 0.5889192223548889
9 0.2238871306180954 0.29975807666778564 0.4821793735027313 0.36481451988220215 0.5983828902244568
