9 0.9844487905502319 0.20276272296905518 0.5655354857444763 0.2596018314361572 0.6775242686271667
11 0.9743012189865112 0.551845371723175 0.5904079079627991 0.6153247952461243 0.7304195761680603
6 0.9387200474739075 0.3598904609680176 0.4688636064529419 0.4254082441329956 0.6138461828231812
8 0.9281219244003296 0.28457075357437134 0.4277210235595703 0.34816378355026245 0.5599284172058105
2 0.8875331878662109 0.35673269629478455 0.3355954885482788 0.41472795605659485 0.4710080623626709
9 0.8770976662635803 0.2505227327346802 0.15006005764007568 0.30152273178100586 0.24797046184539795
3 0.8688306212425232 0.6176651120185852 0.35889604687690735 0.6670014262199402 0.46178433299064636
3 0.867399275302887 0.4433143138885498 0.29691120982170105 0.4922471046447754 0.39850881695747375
3 0.8497626185417175 0.6209201812744141 0.24030202627182007 0.6694753170013428 0.34334784746170044
4 0.8289844393730164 0.5193850994110107 0.3215595781803131 0.5870463848114014 0.48158547282218933
1 0.82795250415802 0.6219052076339722 0.4896588921546936 0.6975462436676025 0.6676554083824158
5 0.8105207681655884 0.7946792840957642 0.6994081735610962 0.8740864992141724 0.8323732614517212
10 0.7796274423599243 0.34001657366752625 0.24186469614505768 0.4009702503681183 0.39344340562820435
7 0.7522845268249512 0.24555517733097076 0.2828463315963745 0.3133094906806946 0.4531998038291931
3 0.6851164102554321 0.4735105335712433 0.38877207040786743 0.5239363312721252 0.5016182661056519
9 0.6357879042625427 0.39551419019699097 0.2904406189918518 0.44567543268203735 0.39310961961746216
9 0.5200760960578918 0.27715668082237244 0.02009088546037674 0.3254946172237396 0.12174760550260544
