3 0.9991594552993774 0.4476317763328552 0.3041725754737854 0.4998568296432495 0.41698187589645386
9 0.9949737191200256 0.22241294384002686 0.5824851393699646 0.2814110517501831 0.6945263743400574
6 0.9908810257911682 0.2041563093662262 0.39674443006515503 0.2666871249675751 0.5353050231933594
3 0.9896066188812256 0.6321895122528076 0.27366483211517334 0.6813266277313232 0.3792654871940613
7 0.9728691577911377 0.27468645572662354 0.2804853916168213 0.3386819362640381 0.44764578342437744
9 0.9554553031921387 0.3420274555683136 0.30370742082595825 0.4003623425960541 0.4126151204109192
11 0.9442213177680969 0.17731377482414246 0.25253960490226746 0.24292966723442078 0.3799014389514923
1 0.403839647769928 0.4082641303539276 0.4231468439102173 0.47324493527412415 0.5745266079902649
9 0.2369195520877838 0.22913342714309692 0.05979486182332039 0.2798336148262024 0.1641359180212021
9 0.2113080471754074 0.1998654454946518 0.5712556838989258 0.2613184154033661 0.6914960145950317
