3 0.9902310967445374 0.4372863173484802 0.10622113943099976 0.4876241087913513 0.20409166812896729
3 0.9887034296989441 0.6845624446868896 0.7853807806968689 0.7392086982727051 0.8963685631752014
9 0.9878947138786316 0.18143031001091003 0.2137112319469452 0.23686692118644714 0.3234393894672394
8 0.9857974052429199 0.1680648922920227 0.7610698342323303 0.23614484071731567 0.910078227519989
3 0.9815616011619568 0.46210992336273193 0.4918770492076874 0.5156394243240356 0.6040548086166382
9 0.9676582217216492 0.19446063041687012 0.28038716316223145 0.25134390592575073 0.38913583755493164
7 0.9594758749008179 0.09865975379943848 0.27214086055755615 0.17265570163726807 0.4501495361328125
9 0.9520317912101746 0.3798726201057434 0.015883155167102814 0.42934149503707886 0.11965023726224899
6 0.9409435987472534 0.14368881285190582 0.04674510657787323 0.2033802717924118 0.19088418781757355
1 0.9392930865287781 0.7146989107131958 0.255527526140213 0.796464204788208 0.4476284682750702
6 0.937160849571228 0.3208026587963104 0.25784170627593994 0.38209274411201477 0.404518723487854
2 0.9337418079376221 0.45877936482429504 0.2704096734523773 0.5146486163139343 0.40441885590553284
3 0.9323370456695557 0.4502689838409424 0.6073060035705566 0.5038023591041565 0.7188284397125244
10 0.9232298135757446 0.33189457654953003 0.023172348737716675 0.3896821141242981 0.18517372012138367
9 0.906318724155426 0.22338983416557312 0.0688459575176239 0.2760639488697052 0.17584404349327087
3 0.8955583572387695 0.5277165174484253 0.29908373951911926 0.5784790515899658 0.40473416447639465
3 0.892914891242981 0.4571113884449005 0.19681386649608612 0.5053645968437195 0.2918311357498169
9 0.7248693108558655 0.1938323676586151 0.5935018658638 0.2507818043231964 0.7054733633995056
8 0.6229991316795349 0.33951419591903687 0.21053481101989746 0.39909064769744873 0.3459402322769165
0 0.3382143974304199 0.5037827491760254 0.0686078816652298 0.5573298931121826 0.20671068131923676
