9 0.9933724999427795 0.17548707127571106 0.3182397484779358 0.23490074276924133 0.4260419011116028
3 0.9914613962173462 0.4297470450401306 0.11911766231060028 0.48055529594421387 0.21648038923740387
3 0.9878775477409363 0.6811994314193726 0.7893604040145874 0.7357261180877686 0.9000436067581177
9 0.98673015832901 0.17321664094924927 0.21663305163383484 0.22810029983520508 0.3247590959072113
8 0.983954668045044 0.17522157728672028 0.766904354095459 0.24406538903713226 0.9164373874664307
7 0.9794496893882751 0.1002088189125061 0.26501816511154175 0.17385971546173096 0.44750553369522095
3 0.972862720489502 0.4489196538925171 0.4955523908138275 0.5023643374443054 0.6087841391563416
9 0.9641043543815613 0.3772200345993042 0.020479939877986908 0.4267878532409668 0.12354157119989395
10 0.9476912617683411 0.3306760787963867 0.027975738048553467 0.3892088532447815 0.19320052862167358
6 0.9365727305412292 0.30209171772003174 0.2960563004016876 0.36510854959487915 0.44272467494010925
6 0.9221002459526062 0.14448069036006927 0.048844605684280396 0.20441634953022003 0.19324055314064026
3 0.90267413854599 0.5069178938865662 0.3027194142341614 0.5576081871986389 0.40810829401016235
3 0.9015183448791504 0.44355735182762146 0.6132335066795349 0.4969951808452606 0.7254731059074402
1 0.8983481526374817 0.709298312664032 0.24802127480506897 0.7901657223701477 0.43989548087120056
3 0.8970415592193604 0.43978726863861084 0.2143530547618866 0.48890769481658936 0.3094983398914337
9 0.8823941946029663 0.2332661747932434 0.06980201601982117 0.286329448223114 0.1757647693157196
8 0.7922623753547668 0.3102846145629883 0.24158617854118347 0.3694632053375244 0.37543073296546936
2 0.7283891439437866 0.40560659766197205 0.19965903460979462 0.4633207619190216 0.33251529932022095
2 0.6431950330734253 0.43571868538856506 0.279100626707077 0.4924646317958832 0.41571494936943054
0 0.3723638653755188 0.5016241669654846 0.07249640673398972 0.554591715335846 0.21043366193771362
