9 0.9857279062271118 0.18620651960372925 0.24311542510986328 0.24128776788711548 0.3476729393005371
9 0.9815536737442017 0.2233978509902954 0.0865226686000824 0.27841174602508545 0.1889016330242157
8 0.9806135892868042 0.17410948872566223 0.7659586668014526 0.24296000599861145 0.9152770042419434
3 0.9754168391227722 0.49626827239990234 0.5245099067687988 0.5499981641769409 0.6369789838790894
3 0.9735813140869141 0.535454273223877 0.34731703996658325 0.5866605043411255 0.45600342750549316
1 0.9674094319343567 0.720375120639801 0.27266407012939453 0.7993437647819519 0.4610830545425415
9 0.9530020952224731 0.17859899997711182 0.3563518524169922 0.23626744747161865 0.47296082973480225
7 0.8606630563735962 0.09909255802631378 0.21930545568466187 0.17321370542049408 0.3941771388053894
11 0.8494407534599304 0.16139061748981476 0.03459705412387848 0.22267310321331024 0.17198900878429413
3 0.8417361974716187 0.4752415418624878 0.611088752746582 0.5268533229827881 0.7228069305419922
9 0.8292982578277588 0.2951602339744568 0.5129293203353882 0.35205239057540894 0.623892068862915
2 0.7216325998306274 0.2974227964878082 0.37071141600608826 0.3559698760509491 0.5138860940933228
10 0.6926729083061218 0.34594446420669556 0.0378117561340332 0.40818995237350464 0.19659072160720825
3 0.4433852732181549 0.3886123597621918 0.10448853671550751 0.4372580349445343 0.20582260191440582
5 0.28372031450271606 0.4760400056838989 0.00007224828004837036 0.5335476398468018 0.13479137420654297
1 0.27547410130500793 0.6681392788887024 0.26546740531921387 0.7440788149833679 0.445037841796875
2 0.2522968649864197 0.31689196825027466 0.7619212865829468 0.3954247832298279 0.9079257249832153
5 0.25219184160232544 0.39756277203559875 0.33598124980926514 0.459118515253067 0.4703103303909302
9 0.2289937287569046 0.21780532598495483 0.5558966994285583 0.2733616828918457 0.6808598637580872
2 0.21892611682415009 0.18636903166770935 0.5345320105552673 0.24799427390098572 0.6691277623176575
