2 0.9958388209342957 0.35262367129325867 0.31095439195632935 0.40537628531455994 0.43998193740844727
3 0.9953885674476624 0.6104341149330139 0.09529192745685577 0.6590479016304016 0.1995408982038498
3 0.9942931532859802 0.6599298715591431 0.37442031502723694 0.7130838632583618 0.48106834292411804
3 0.9934821724891663 0.4289248585700989 0.27942484617233276 0.47827786207199097 0.38939911127090454
4 0.9927463531494141 0.4850526452064514 0.25632160902023315 0.547668993473053 0.4146180748939514
3 0.9922637939453125 0.6271271705627441 0.17871233820915222 0.6761412620544434 0.280547171831131
11 0.9891967177391052 0.1902894824743271 0.7223203182220459 0.24886049330234528 0.8410801887512207
9 0.9759557843208313 0.36486703157424927 0.29085779190063477 0.41909313201904297 0.39533042907714844
9 0.9535892605781555 0.20959798991680145 0.15624234080314636 0.2608199119567871 0.25535306334495544
1 0.9527740478515625 0.7368001937866211 0.3136131465435028 0.8155961036682129 0.49847593903541565
5 0.9477153420448303 0.779689610004425 0.7072725892066956 0.8497864603996277 0.831997811794281
3 0.9376603364944458 0.5101966261863708 0.4467509686946869 0.5612167716026306 0.5559207201004028
9 0.9370044469833374 0.3317333161830902 0.73152756690979 0.39203616976737976 0.847687840461731
10 0.9225836396217346 0.3094794452190399 0.24267363548278809 0.37155452370643616 0.3994877338409424
9 0.8814126253128052 0.22678498923778534 0.0015490315854549408 0.2769869565963745 0.1087476909160614
3 0.8320738077163696 0.43279239535331726 0.023529458791017532 0.48024359345436096 0.13020344078540802
8 0.8273714780807495 0.12211591750383377 0.5042448043823242 0.1923832893371582 0.6395025253295898
11 0.7943686246871948 0.16820840537548065 -0.017984401434659958 0.22133953869342804 0.10328616201877594
7 0.7736479640007019 0.22309017181396484 0.2929159104824066 0.2935395836830139 0.4623168408870697
9 0.7458897233009338 0.17920149862766266 0.5832582116127014 0.2395673245191574 0.6949297785758972
