3 0.9901333451271057 0.44902729988098145 0.30429965257644653 0.4973202347755432 0.40888112783432007
9 0.9800239205360413 0.20380373299121857 0.5640767812728882 0.26040059328079224 0.6759358644485474
2 0.9752681255340576 0.37026646733283997 0.3169324994087219 0.42764684557914734 0.44701462984085083
11 0.9710984230041504 0.5449809432029724 0.5893590450286865 0.6087047457695007 0.7294539213180542
6 0.9361335635185242 0.36909687519073486 0.47664862871170044 0.43529558181762695 0.6230154633522034
9 0.9266718029975891 0.39600709080696106 0.2898210287094116 0.44735392928123474 0.39323294162750244
3 0.9236955046653748 0.6175298690795898 0.3910222053527832 0.6684092283248901 0.4948905110359192
10 0.9152513146400452 0.34069880843162537 0.22882689535617828 0.4022156298160553 0.3813095688819885
9 0.8853157162666321 0.2459481805562973 0.15066251158714294 0.29687926173210144 0.24898222088813782
7 0.8694078326225281 0.2378670573234558 0.2793152332305908 0.3066885471343994 0.450732946395874
1 0.8675143122673035 0.6327086687088013 0.478652685880661 0.7073701620101929 0.6553935408592224
3 0.8526483774185181 0.47840678691864014 0.40509146451950073 0.5292658805847168 0.517624020576477
4 0.831568717956543 0.49311357736587524 0.3172547221183777 0.5608218312263489 0.47846072912216187
5 0.8229907155036926 0.7947617173194885 0.6993911266326904 0.8742982745170593 0.8323135375976562
3 0.7279940247535706 0.606717050075531 0.24297624826431274 0.6550539135932922 0.34739238023757935
9 0.5761122107505798 0.26991334557533264 0.020724378526210785 0.31833216547966003 0.12251517921686172
