9 0.9991414546966553 0.15529102087020874 0.5160680413246155 0.2164716124534607 0.6291382908821106
3 0.9964419603347778 0.6159505248069763 0.0882461667060852 0.6640923619270325 0.1857393980026245
3 0.995323896408081 0.6418991684913635 0.7399635910987854 0.6964067816734314 0.8468331694602966
1 0.9900510311126709 0.763175904750824 0.305530309677124 0.8427436947822571 0.48956459760665894
3 0.9893847703933716 0.6375133395195007 0.14612317085266113 0.6845007538795471 0.24144744873046875
3 0.9845651984214783 0.7043951749801636 0.3875928223133087 0.755975604057312 0.49417367577552795
11 0.9844233989715576 0.22015263140201569 0.7234384417533875 0.2799266576766968 0.8466258645057678
9 0.9809719324111938 0.39647385478019714 0.755234956741333 0.4516998827457428 0.8647124767303467
4 0.9803305268287659 0.4854236841201782 0.2286144495010376 0.5474516153335571 0.3831125497817993
9 0.9795811772346497 0.18399839103221893 0.391431599855423 0.24094636738300323 0.493978887796402
8 0.9795502424240112 0.13011187314987183 0.5058862566947937 0.19245612621307373 0.6359795928001404
9 0.9770391583442688 0.3610711097717285 0.2850043773651123 0.4109916687011719 0.3894568681716919
3 0.972815990447998 0.7232198119163513 0.48076194524765015 0.7773428559303284 0.586070716381073
2 0.9700203537940979 0.3625427186489105 0.3364211320877075 0.4207998216152191 0.4737112522125244
0 0.9676675796508789 0.7040428519248962 0.5817093849182129 0.7643787264823914 0.7020118236541748
7 0.9620189070701599 0.11886298656463623 0.2786645293235779 0.18454021215438843 0.44528400897979736
9 0.9481295943260193 0.3615629971027374 0.05623450130224228 0.4111839234828949 0.1580694019794464
9 0.9336593747138977 0.22629059851169586 0.15828904509544373 0.2801661193370819 0.2564305365085602
5 0.9282613396644592 0.7970459461212158 0.7029186487197876 0.8753393888473511 0.8317254781723022
3 0.9120621681213379 0.5993105173110962 0.6425698399543762 0.6524701118469238 0.7483194470405579
