9 0.9983192682266235 0.20468413829803467 0.6212618350982666 0.2664654850959778 0.7403625249862671
3 0.99251389503479 0.6059167385101318 0.3151974678039551 0.6557668447494507 0.4200746417045593
9 0.9699234366416931 0.22230595350265503 0.06415899097919464 0.27479588985443115 0.17546020448207855
11 0.8301118612289429 0.1349116861820221 0.2725123167037964 0.19883832335472107 0.4046279191970825
9 0.8003093004226685 0.38699790835380554 0.31513023376464844 0.4397493898868561 0.4155036211013794
3 0.7825971841812134 0.45655637979507446 0.3412211537361145 0.5054073333740234 0.4423155188560486
9 0.7210748195648193 0.2926280200481415 0.18953339755535126 0.3449040949344635 0.2914043962955475
4 0.6489791870117188 0.504118800163269 0.3232138156890869 0.5696265697479248 0.48868656158447266
1 0.6442601084709167 0.6015705466270447 0.5225483179092407 0.6720803380012512 0.6881581544876099
11 0.5514494180679321 0.5888868570327759 0.7101737260818481 0.6585425138473511 0.8420742750167847
3 0.38620829582214355 0.4582563042640686 0.4670308530330658 0.5098161101341248 0.5779710412025452
7 0.35681042075157166 0.2121831774711609 0.3404882252216339 0.2823251485824585 0.5059922933578491
6 0.30903321504592896 0.16688653826713562 0.34527552127838135 0.23514041304588318 0.5062545537948608
2 0.29974424839019775 0.3312888741493225 0.3799801170825958 0.3922998905181885 0.5224907398223877
