3 0.9938172101974487 0.7531402707099915 0.7698819637298584 0.8099657893180847 0.8810865879058838
5 0.9932538866996765 0.8090909123420715 0.7322295308113098 0.8840367197990417 0.8522405028343201
2 0.9802131652832031 0.7886367440223694 0.5592904090881348 0.8593248724937439 0.6823612451553345
3 0.9770010113716125 0.6706887483596802 0.46139535307884216 0.7221386432647705 0.5572611689567566
11 0.9769371151924133 0.17091672122478485 0.690481424331665 0.23626406490802765 0.8267828226089478
9 0.9686074256896973 0.23712944984436035 0.7198687791824341 0.2944120764732361 0.8296937942504883
3 0.9601436257362366 0.6763813495635986 0.38004428148269653 0.7264187335968018 0.4761740565299988
3 0.9508838653564453 0.5928848385810852 0.07956528663635254 0.639825165271759 0.17965996265411377
9 0.9357984662055969 0.24084164202213287 0.47168129682540894 0.2952169179916382 0.5739590525627136
9 0.9274120926856995 0.24638260900974274 0.17392437160015106 0.29500389099121094 0.27308645844459534
0 0.9223528504371643 0.7455205321311951 0.44289320707321167 0.8078420758247375 0.5772853493690491
0 0.915825605392456 0.7320756316184998 0.1346050500869751 0.7798165678977966 0.2529500126838684
9 0.911867618560791 0.2483292520046234 0.07239314913749695 0.2964257299900055 0.16822269558906555
3 0.9043126106262207 0.5954020619392395 0.17106914520263672 0.6417180895805359 0.2687060832977295
2 0.891660213470459 0.7033023238182068 0.07098301500082016 0.7562010884284973 0.1896320879459381
1 0.8911547064781189 0.7365854382514954 0.33339056372642517 0.8151668906211853 0.49694398045539856
3 0.857973575592041 0.5907517075538635 0.013469498604536057 0.6364218592643738 0.11709161102771759
4 0.8534914255142212 0.7159493565559387 0.2577529549598694 0.7832203507423401 0.40159469842910767
9 0.8333571553230286 0.2519656717777252 0.3727876543998718 0.30520501732826233 0.4706119894981384
8 0.8176135420799255 0.1672225445508957 0.5613341927528381 0.2308529168367386 0.692012369632721
