3 0.9983383417129517 0.3120422959327698 0.4500972330570221 0.37165528535842896 0.5632909536361694
6 0.9979453682899475 0.4499955475330353 0.43722856044769287 0.5089835524559021 0.5652798414230347
11 0.994002103805542 0.41940850019454956 0.3500521183013916 0.4816626310348511 0.4783296585083008
3 0.9552422761917114 0.49431249499320984 0.3889755606651306 0.5474711060523987 0.49559247493743896
3 0.9208504557609558 0.46998468041419983 0.6214175820350647 0.5234530568122864 0.733963668346405
9 0.9184643030166626 0.19662964344024658 0.3368559777736664 0.25365757942199707 0.45446792244911194
5 0.8663191199302673 0.19929713010787964 0.09897355735301971 0.25165557861328125 0.22694571316242218
9 0.7190051674842834 0.2989075481891632 0.484801322221756 0.3585909307003021 0.6008458137512207
1 0.4401874244213104 0.7022305727005005 0.3335484564304352 0.7892087697982788 0.5203239917755127
7 0.4357810914516449 0.17610490322113037 0.35427016019821167 0.24865734577178955 0.5075798034667969
