9 0.9982607960700989 0.17344240844249725 0.1266334503889084 0.23207826912403107 0.23381049931049347
3 0.996198296546936 0.5746363401412964 0.353298544883728 0.6266564130783081 0.4618523120880127
6 0.986354410648346 0.3687891364097595 0.3609659671783447 0.4244101643562317 0.5015133023262024
1 0.98269122838974 0.7141305804252625 0.3002764582633972 0.7965908646583557 0.49500417709350586
3 0.9725821614265442 0.48870614171028137 0.5333991646766663 0.5433799624443054 0.6478334069252014
9 0.9708889722824097 0.15484224259853363 0.2516874372959137 0.21503497660160065 0.3681795299053192
9 0.9694464802742004 0.23493805527687073 0.23936885595321655 0.28884050250053406 0.350466251373291
7 0.9194537401199341 0.11934521794319153 0.222147598862648 0.18582609295845032 0.39186400175094604
8 0.8788703680038452 0.1786322444677353 0.7639782428741455 0.2497010976076126 0.9148430824279785
3 0.877652645111084 0.4539536237716675 0.6245548725128174 0.5066725015640259 0.7330691814422607
10 0.6210819482803345 0.3342146575450897 0.037137821316719055 0.3945542871952057 0.19649945199489594
9 0.5508787631988525 0.2958858013153076 0.492448627948761 0.3501603603363037 0.6029190421104431
2 0.28995802998542786 0.19620418548583984 0.5586676597595215 0.2612774968147278 0.6966426372528076
1 0.2637026607990265 0.6570751070976257 0.28509649634361267 0.73160320520401 0.4620589315891266
2 0.2504841089248657 0.32158660888671875 0.7592689990997314 0.4000347852706909 0.9049215316772461
3 0.22698457539081573 0.3834190368652344 0.09094545245170593 0.4340285062789917 0.1933252513408661
9 0.20588095486164093 0.23498263955116272 0.5948154330253601 0.2908167541027069 0.7125745415687561
