3 0.9943800568580627 0.344075083732605 0.4435119926929474 0.40092504024505615 0.5574110150337219
3 0.9572455286979675 0.49677813053131104 0.4167638421058655 0.5498709678649902 0.5219568610191345
9 0.9486915469169617 0.3359566628932953 0.4684883654117584 0.3909517824649811 0.5796153545379639
9 0.9364868402481079 0.2220287322998047 0.3408219516277313 0.27715855836868286 0.4588961899280548
11 0.8980016112327576 0.42261606454849243 0.3825209438800812 0.48685985803604126 0.5190640687942505
3 0.8868536949157715 0.4705105125904083 0.6185222864151001 0.5232568383216858 0.7290729284286499
6 0.7642449736595154 0.4192512631416321 0.4475698471069336 0.48375004529953003 0.5886529684066772
5 0.6508985757827759 0.2025262713432312 0.07273086905479431 0.25311219692230225 0.2020135223865509
1 0.5183790922164917 0.6986556649208069 0.3398037552833557 0.7853115200996399 0.5250634551048279
7 0.3907175660133362 0.18451666831970215 0.3566882610321045 0.2563823461532593 0.5089533925056458
