3 0.995725691318512 0.6288123726844788 0.19037961959838867 0.678541362285614 0.2935023903846741
2 0.9946179389953613 0.3463869094848633 0.31375181674957275 0.3993645906448364 0.4435655474662781
3 0.993925154209137 0.615263044834137 0.1029062271118164 0.6637226939201355 0.208526611328125
3 0.9928526878356934 0.4310030937194824 0.2751668393611908 0.4805011749267578 0.38461461663246155
4 0.9910314083099365 0.4812646806240082 0.2569802403450012 0.5438098907470703 0.4135560989379883
3 0.9847227334976196 0.6452805995941162 0.3681974411010742 0.6973006725311279 0.4744236469268799
9 0.9722977876663208 0.36882784962654114 0.28840091824531555 0.4229528605937958 0.3924727141857147
3 0.9661096334457397 0.49642637372016907 0.4498950242996216 0.547862708568573 0.5578130483627319
11 0.9535554051399231 0.1938418298959732 0.7204464673995972 0.25392791628837585 0.8468163013458252
9 0.9431571960449219 0.21120072901248932 0.16172035038471222 0.2622728943824768 0.2619515657424927
5 0.929836630821228 0.7790956497192383 0.711316704750061 0.849963903427124 0.8353927135467529
3 0.9239187240600586 0.44433605670928955 0.021714873611927032 0.4917275309562683 0.12815791368484497
10 0.8929994702339172 0.31048089265823364 0.24568921327590942 0.37258225679397583 0.40361422300338745
6 0.8721457719802856 0.36541205644607544 0.5126729011535645 0.43159860372543335 0.6539785861968994
9 0.8686500787734985 0.23324719071388245 0.003777068108320236 0.28333911299705505 0.11057765781879425
9 0.7893967628479004 0.1823880672454834 0.5916417837142944 0.24108171463012695 0.7048813104629517
11 0.7877026796340942 0.1738475263118744 -0.017377160489559174 0.22695520520210266 0.10362275689840317
7 0.7714740037918091 0.2268143743276596 0.29576605558395386 0.29723697900772095 0.46528393030166626
9 0.7496397495269775 0.3516300618648529 0.7233719825744629 0.40987446904182434 0.8360574245452881
1 0.37095966935157776 0.7189032435417175 0.3147997558116913 0.7971888184547424 0.4949859082698822
