2 0.9958829879760742 0.35181158781051636 0.3116850256919861 0.4046666622161865 0.4412451386451721
3 0.9947070479393005 0.6244149208068848 0.19183555245399475 0.6739957332611084 0.29501643776893616
3 0.9944624900817871 0.608995795249939 0.1061660498380661 0.6573387384414673 0.21175135672092438
3 0.9931159615516663 0.43087467551231384 0.2754906415939331 0.4803750813007355 0.3848841190338135
4 0.991458535194397 0.48161569237709045 0.2558731734752655 0.5441327691078186 0.4128023684024811
3 0.9876097440719604 0.6477717161178589 0.37171533703804016 0.6998616456985474 0.47786179184913635
11 0.9841482639312744 0.19069623947143555 0.7286193370819092 0.24933481216430664 0.8496197462081909
9 0.9734628200531006 0.3680989742279053 0.2901187837123871 0.4223017692565918 0.3939044773578644
3 0.9636713266372681 0.4975529611110687 0.44902515411376953 0.5489428043365479 0.5569967031478882
9 0.9382424354553223 0.21270936727523804 0.1607857197523117 0.2637375593185425 0.26081934571266174
3 0.9098166823387146 0.44177699089050293 0.025838810950517654 0.48920947313308716 0.1325318068265915
5 0.907977283000946 0.7791924476623535 0.7116727232933044 0.8502671718597412 0.836122453212738
10 0.8859401941299438 0.31122294068336487 0.24752861261367798 0.3735983073711395 0.4047999382019043
8 0.867059588432312 0.1169670969247818 0.5060182809829712 0.18633417785167694 0.6427475214004517
9 0.8544723987579346 0.23590216040611267 0.004958108067512512 0.2858685553073883 0.11134718358516693
6 0.8452632427215576 0.3654533326625824 0.5080095529556274 0.43188396096229553 0.6513607501983643
9 0.8291840553283691 0.3533537983894348 0.723208487033844 0.41209161281585693 0.8367540240287781
11 0.7800881862640381 0.17553317546844482 -0.016076240688562393 0.22856885194778442 0.10417976975440979
7 0.7684149146080017 0.22249454259872437 0.29474228620529175 0.29291754961013794 0.46406418085098267
9 0.6315369009971619 0.17883211374282837 0.5944902896881104 0.2383028268814087 0.707815408706665
