3 0.9911758303642273 0.4653494656085968 0.3319038450717926 0.5159469246864319 0.43946245312690735
9 0.9419686794281006 0.3009311258792877 0.47105321288108826 0.35810306668281555 0.5874451398849487
3 0.922999382019043 0.43134284019470215 0.32389408349990845 0.48377805948257446 0.4309324026107788
0 0.9138090014457703 0.3903183043003082 0.48126786947250366 0.45220664143562317 0.6198659539222717
3 0.8672034740447998 0.5944810509681702 0.502327561378479 0.6455054879188538 0.6141632795333862
7 0.8619956970214844 0.1549084335565567 0.3044094741344452 0.2283128947019577 0.47848203778266907
0 0.8166917562484741 0.3675292432308197 0.06435038149356842 0.4241670072078705 0.20865832269191742
6 0.7556036710739136 0.44520580768585205 0.03703080862760544 0.5061571002006531 0.1826615333557129
7 0.6036280393600464 0.1981101930141449 0.36309733986854553 0.2753075063228607 0.5166532397270203
9 0.4356892704963684 0.26096028089523315 0.4716339111328125 0.3191075921058655 0.5902931690216064
