6 0.9986586570739746 0.4484908878803253 0.43665075302124023 0.5065843462944031 0.5651763677597046
3 0.9984140992164612 0.309537410736084 0.44787827134132385 0.3695831298828125 0.5631160736083984
11 0.9958996176719666 0.4119489789009094 0.34806370735168457 0.47304844856262207 0.4744427800178528
3 0.9551477432250977 0.501826822757721 0.4039102792739868 0.555578887462616 0.5119372606277466
3 0.9171014428138733 0.47054293751716614 0.6200183629989624 0.524131178855896 0.7327431440353394
9 0.9138455390930176 0.18810078501701355 0.3297249972820282 0.24494335055351257 0.4453484117984772
5 0.7876827120780945 0.19382764399051666 0.10496899485588074 0.24623946845531464 0.22963324189186096
9 0.6896349191665649 0.29922807216644287 0.48216527700424194 0.3590686321258545 0.598604142665863
1 0.5643689632415771 0.7046816945075989 0.34350281953811646 0.7919939160346985 0.5297089219093323
7 0.3904816806316376 0.17575708031654358 0.3517746031284332 0.24747923016548157 0.5040598511695862
7 0.34282130002975464 0.11847890913486481 0.2628991901874542 0.18706761300563812 0.4288395345211029
9 0.3277232348918915 0.1702440083026886 0.09266837686300278 0.21953096985816956 0.2257901132106781
