4 0.44059187173843384 -1.1247568130493164 0.6343513131141663 2.9448585510253906 0.6664655804634094
4 0.4202241003513336 -0.8869678974151611 0.6199384331703186 2.734743118286133 0.6537880301475525
1 0.395658403635025 0.2493932992219925 -7.031447410583496 0.26673346757888794 8.852827072143555
2 0.38465484976768494 0.7463374733924866 0.40962374210357666 0.7693971991539001 0.48138970136642456
4 0.3779257833957672 -0.5254024267196655 0.5873043537139893 2.4276509284973145 0.6194727420806885
2 0.37578487396240234 0.921908438205719 0.370136022567749 0.9468721747398376 0.3900644779205322
2 0.3533097207546234 0.8810034990310669 0.5431943535804749 0.8993539810180664 0.560899555683136
2 0.35308197140693665 0.8389816880226135 0.8402385711669922 0.9272992014884949 1.025641679763794
2 0.3512066602706909 0.6107958555221558 0.8829130530357361 0.7202606201171875 1.0312013626098633
2 0.35100090503692627 0.740128755569458 0.34951984882354736 0.774537205696106 0.4238719344139099
2 0.34312736988067627 0.8053033947944641 0.42606639862060547 0.8822073340415955 0.6482409238815308
2 0.34240472316741943 0.8071789741516113 0.31083548069000244 0.9289162158966064 0.4929381012916565
2 0.3409735858440399 0.7594476938247681 0.3758600652217865 0.8779412508010864 0.562935471534729
4 0.33961278200149536 -0.37053000926971436 0.47019755840301514 2.07560396194458 0.4907805919647217
2 0.3358069658279419 0.859868586063385 0.9090917110443115 0.861138641834259 0.929129958152771
2 0.32971519231796265 0.7334595918655396 0.19890926778316498 0.7691676616668701 0.2657963037490845
2 0.32706937193870544 0.15401998162269592 -2.4880261421203613 0.16058090329170227 4.197468280792236
2 0.3263024389743805 0.842199981212616 0.4123392701148987 0.942562997341156 0.6461935639381409
2 0.323820024728775 0.7290539741516113 0.22219255566596985 0.8622751235961914 0.41916629672050476
2 0.32083940505981445 0.8868248462677002 0.543038010597229 0.9102921485900879 0.5689363479614258
