1 0.48987817764282227 0.2515512704849243 -8.819663047790527 0.26259732246398926 10.669949531555176
1 0.41464298963546753 0.21645167469978333 -6.961827278137207 0.2299666702747345 8.828276634216309
1 0.40042123198509216 0.735248327255249 0.11944267898797989 0.8205938339233398 0.2104019820690155
1 0.3906807005405426 0.7634850144386292 0.16211673617362976 0.833218514919281 0.24835845828056335
1 0.38059860467910767 0.8396280407905579 0.19399473071098328 0.8870471119880676 0.27842041850090027
1 0.3749787211418152 0.20900654792785645 -8.628621101379395 0.2207391858100891 10.48624324798584
2 0.36877354979515076 0.27467986941337585 0.6104654669761658 0.43666908144950867 0.7200931906700134
1 0.36817553639411926 0.041471853852272034 0.8751681447029114 0.29207634925842285 0.9224932789802551
1 0.3669669032096863 0.15923434495925903 -5.189274311065674 0.18298375606536865 7.046969890594482
4 0.3628763258457184 -0.009453348815441132 0.8841727375984192 0.2108476161956787 0.9574772715568542
1 0.36174410581588745 0.2393474131822586 -10.849394798278809 0.2468801587820053 12.68689250946045
2 0.3577443063259125 0.9171563982963562 0.37679585814476013 0.9435859322547913 0.3955618441104889
4 0.35766926407814026 -0.044942066073417664 0.8552103042602539 0.22751758992671967 0.9441893100738525
1 0.3562462627887726 0.7763502597808838 0.07561931014060974 0.8795506954193115 0.16806641221046448
4 0.3544071912765503 -1.1466268301010132 0.572613537311554 2.987894058227539 0.584469735622406
2 0.35337284207344055 0.3990922272205353 0.5253432989120483 0.5581523180007935 0.6448899507522583
1 0.34686630964279175 0.7045324444770813 0.3138063848018646 0.7314090132713318 0.3868098556995392
0 0.3435787558555603 0.17225226759910583 0.2543906569480896 0.733521580696106 0.6887989640235901
2 0.34141096472740173 0.9051881432533264 0.5690950751304626 0.9228199124336243 0.5858621001243591
1 0.3405110239982605 0.7194658517837524 0.08379669487476349 0.8539174795150757 0.1719835251569748
