2 0.4586629271507263 0.04532673954963684 0.8491396307945251 0.26855334639549255 0.9751109480857849
4 0.454731822013855 -1.1195402145385742 0.5707476735115051 2.9893927574157715 0.5918906331062317
2 0.4344865381717682 -0.8975503444671631 0.5259905457496643 2.770576000213623 0.5537446141242981
2 0.4253501296043396 0.17238503694534302 -4.790587425231934 0.192125141620636 6.629034996032715
2 0.41811278462409973 0.2862809896469116 -4.580107688903809 0.30361223220825195 6.3444929122924805
4 0.39267057180404663 -1.0689464807510376 0.5942195057868958 2.95676851272583 0.610072910785675
2 0.38319405913352966 0.2325296252965927 -5.262629508972168 0.2464950829744339 7.061123847961426
2 0.3754730522632599 0.1962379664182663 -5.9951982498168945 0.21015901863574982 7.823936462402344
2 0.31586953997612 0.15223026275634766 0.3358742892742157 0.22066545486450195 0.3951118290424347
3 0.3144356906414032 0.032280050218105316 0.8356848955154419 0.24852904677391052 0.9227544069290161
2 0.3140776455402374 0.1983174830675125 -2.1362667083740234 0.20437346398830414 3.8486099243164062
3 0.31162720918655396 0.4632200300693512 0.7796298861503601 0.8096561431884766 0.916225016117096
1 0.30431896448135376 0.6945903301239014 0.10721789300441742 0.7870898246765137 0.19981904327869415
1 0.3040824830532074 0.8068231344223022 0.37592822313308716 0.8694018125534058 0.44711488485336304
1 0.30129191279411316 0.7149665355682373 0.223533034324646 0.7902940511703491 0.3084365129470825
1 0.2979733943939209 0.7350625395774841 0.24476537108421326 0.8086732029914856 0.3187531530857086
1 0.29737526178359985 0.6006414294242859 0.0630108118057251 0.7182078957557678 0.1481848955154419
1 0.294111043214798 0.7160677313804626 0.21227633953094482 0.7747170329093933 0.2744942903518677
2 0.29184311628341675 0.3014429807662964 -5.42991828918457 0.3135475516319275 7.203149795532227
2 0.29059165716171265 0.1772470325231552 0.3673991560935974 0.2441122680902481 0.42708319425582886
