2 0.46340882778167725 0.1931244134902954 -5.326935768127441 0.219831645488739 7.159454345703125
2 0.4500693380832672 0.22638532519340515 -6.988584518432617 0.24404272437095642 8.839580535888672
0 0.44918662309646606 0.2523137331008911 0.36594682931900024 0.6859062910079956 0.831718385219574
0 0.4105415642261505 0.14244547486305237 0.4408373236656189 0.5811294317245483 0.7760279774665833
4 0.35335272550582886 -0.7213015556335449 0.6103999018669128 2.5633585453033447 0.6368922591209412
4 0.3460730016231537 -0.8237709999084473 0.653633713722229 2.650369644165039 0.6799489259719849
2 0.3440568447113037 0.9230921864509583 0.36555540561676025 0.9512690901756287 0.38310933113098145
4 0.3313487768173218 -0.7055073976516724 0.5847459435462952 2.609287738800049 0.6129820942878723
2 0.32929277420043945 0.8739215731620789 0.5202177166938782 0.8922412991523743 0.5375434756278992
1 0.3249979615211487 0.22371621429920197 -8.427801132202148 0.23666439950466156 10.262537002563477
1 0.3194226622581482 0.6363956332206726 0.2831664979457855 0.666178286075592 0.34648409485816956
2 0.3169470727443695 0.8731362223625183 0.8515787720680237 0.9593988060951233 1.0369302034378052
2 0.3158746361732483 0.8027383089065552 0.34066644310951233 0.9221631288528442 0.524227499961853
4 0.3109608590602875 -1.3250319957733154 0.6238772869110107 3.1716315746307373 0.6462935209274292
3 0.30883485078811646 0.31492769718170166 0.7822338342666626 0.5438507795333862 0.9199877977371216
1 0.307586133480072 0.2374335676431656 -7.458110809326172 0.2544091045856476 9.317804336547852
1 0.30711206793785095 0.7352851629257202 0.37905165553092957 0.7592312097549438 0.43648841977119446
2 0.3064543902873993 0.02677970379590988 0.9056873917579651 0.2205435037612915 0.9701516032218933
2 0.30625274777412415 0.35063281655311584 0.516258716583252 0.5787976980209351 0.863940954208374
1 0.3060123920440674 0.7434445023536682 0.2603357136249542 0.7836647629737854 0.3337602913379669
