0 0.4344619810581207 0.23627492785453796 0.31116968393325806 0.7481502294540405 0.7139745354652405
1 0.43057453632354736 0.7067252397537231 0.22719714045524597 0.792456865310669 0.302849143743515
1 0.4245738685131073 0.7672512531280518 0.3155773878097534 0.8211514949798584 0.3866878151893616
1 0.422463595867157 0.7196482419967651 0.34941837191581726 0.7754817008972168 0.4239743649959564
1 0.42221587896347046 0.7333071231842041 0.32734501361846924 0.7751976251602173 0.39435839653015137
1 0.41664883494377136 0.6998005509376526 0.11985594034194946 0.8230530619621277 0.19478988647460938
4 0.39315757155418396 -1.4023765325546265 0.5752771496772766 3.327627182006836 0.5959544777870178
2 0.39079973101615906 0.2019008845090866 -4.820191860198975 0.22082717716693878 6.651876926422119
1 0.3852911591529846 0.6438641548156738 0.1451321244239807 0.8156290054321289 0.22820258140563965
1 0.3833097517490387 0.6937261819839478 0.40486106276512146 0.7279024124145508 0.46684756875038147
0 0.37236902117729187 0.3236028552055359 0.2608721852302551 0.5961127877235413 0.8384916186332703
3 0.37167689204216003 0.3808978796005249 0.7891157269477844 0.621309757232666 0.9318580031394958
0 0.3584482967853546 0.2259240746498108 0.20579129457473755 0.5445185899734497 0.7571955919265747
2 0.3576746881008148 0.2410946637392044 -6.349997520446777 0.2499357908964157 8.20826244354248
0 0.35453900694847107 0.33090341091156006 0.16634611785411835 0.8032330274581909 0.6605448722839355
4 0.347756952047348 -1.1959669589996338 0.6084027290344238 3.0638973712921143 0.6275644302368164
2 0.3287186324596405 0.12191785871982574 -3.0852999687194824 0.1272359937429428 4.839359760284424
2 0.3263140618801117 0.2686346471309662 -6.846339702606201 0.27521196007728577 8.703682899475098
0 0.32416975498199463 0.10994209349155426 0.547065019607544 0.5596952438354492 0.8359725475311279
0 0.31526362895965576 0.21628397703170776 -8.604334831237793 0.2243322730064392 10.402020454406738
