2 0.4397720396518707 0.17374052107334137 -2.1746482849121094 0.17993895709514618 3.893251419067383
2 0.34235435724258423 0.17867420613765717 0.3242419362068176 0.22289778292179108 0.3820766806602478
2 0.3417750298976898 -0.00850360095500946 0.6574548482894897 0.2019646018743515 0.76366126537323
2 0.3392890393733978 0.21841128170490265 0.37501323223114014 0.2614513635635376 0.4317684769630432
2 0.3364630937576294 0.12775452435016632 0.5466278195381165 0.1615881770849228 0.6470468640327454
2 0.33415350317955017 0.027123019099235535 0.8209159970283508 0.4401438236236572 0.9386624693870544
2 0.3334958255290985 0.29374414682388306 -6.2745585441589355 0.3022506833076477 8.108011245727539
2 0.32867974042892456 0.19571727514266968 0.326051265001297 0.23930346965789795 0.3830573260784149
0 0.3270597457885742 -0.6440479755401611 0.6155554056167603 2.5451173782348633 0.6363234519958496
2 0.3249494731426239 0.19039833545684814 0.26790136098861694 0.23963594436645508 0.32457417249679565
2 0.3216228485107422 0.1881343424320221 0.5591498613357544 0.22371116280555725 0.6560882329940796
2 0.3191313147544861 0.9048250317573547 0.3794161081314087 0.9399039149284363 0.39461982250213623
1 0.3182205855846405 0.611941397190094 0.13761967420578003 0.6756581664085388 0.23176676034927368
1 0.31662648916244507 0.6991208791732788 0.20491667091846466 0.7728222608566284 0.2712494730949402
2 0.3153842091560364 0.25607621669769287 -5.426592826843262 0.2620576024055481 7.1669921875
1 0.3146267533302307 0.5265675783157349 0.8129482269287109 0.8437230587005615 0.9555059671401978
0 0.3132501244544983 -0.5038830041885376 0.589462399482727 2.4362893104553223 0.6155409812927246
1 0.3128684461116791 0.6981913447380066 0.2409128099679947 0.7693950533866882 0.3151404857635498
2 0.31135475635528564 0.2196883112192154 0.2915600836277008 0.26778772473335266 0.34800252318382263
1 0.3076700270175934 0.6565067768096924 0.24164292216300964 0.7035081386566162 0.3192533552646637
