2 0.49602821469306946 0.16413618624210358 -4.6522626876831055 0.17915891110897064 6.520689964294434
2 0.47956186532974243 0.15711213648319244 -1.5275245904922485 0.16483430564403534 3.322950839996338
0 0.460000216960907 -1.5064260959625244 0.575987696647644 3.287548303604126 0.6044007539749146
0 0.4519631564617157 -1.3533751964569092 0.590671718120575 3.104398488998413 0.6150943636894226
2 0.44134780764579773 0.08908317983150482 0.8329001069068909 0.2130689173936844 0.9547032713890076
4 0.4335187077522278 -0.09437918663024902 0.5770977139472961 1.9961731433868408 0.6063711047172546
2 0.39574629068374634 0.11971709877252579 0.8105119466781616 0.3263344466686249 0.8890448808670044
2 0.3928915858268738 0.19861209392547607 -6.847687721252441 0.2134302258491516 8.695967674255371
2 0.3928050994873047 0.8725534677505493 0.8575156927108765 0.9839214086532593 1.0235933065414429
2 0.39160481095314026 0.6471932530403137 0.8900928497314453 0.7766844630241394 1.0307574272155762
2 0.3825194835662842 0.8763233423233032 0.33979880809783936 0.9096983671188354 0.3592354655265808
2 0.38099735975265503 0.8814505338668823 0.9062376022338867 0.8843261003494263 0.9293992519378662
2 0.3806081712245941 0.26251021027565 -5.85981559753418 0.2744229733943939 7.675675392150879
2 0.3799969553947449 0.8981927037239075 0.5560435652732849 0.9204745888710022 0.5725674033164978
0 0.3744184076786041 -1.1681674718856812 0.6217963099479675 2.797518253326416 0.6537269949913025
2 0.36852946877479553 0.2270052134990692 -7.610360145568848 0.2365889847278595 9.461989402770996
2 0.36027055978775024 0.8204353451728821 0.562918484210968 0.9897915720939636 0.716329038143158
2 0.35815879702568054 0.4596741497516632 0.448316752910614 0.5235265493392944 0.5304333567619324
2 0.3571608066558838 0.8483653664588928 0.5990456342697144 0.8998410105705261 0.6416527032852173
2 0.3544672131538391 0.4704893231391907 0.4869053363800049 0.5642133355140686 0.5680145025253296
