4 0.4090065062046051 -0.01874949038028717 0.815830647945404 0.3248733878135681 0.9389733672142029
2 0.39865919947624207 0.16388806700706482 -2.0425686836242676 0.16917350888252258 3.6895861625671387
2 0.3483918011188507 0.9207654595375061 0.5695033669471741 0.9426751732826233 0.5852311253547668
2 0.34194299578666687 0.8835461735725403 0.37336379289627075 0.9174055457115173 0.3916494846343994
1 0.3392583429813385 0.755664587020874 0.088320791721344 0.8662242889404297 0.19688284397125244
1 0.33169683814048767 0.7207990884780884 0.07308392971754074 0.783144474029541 0.16814559698104858
2 0.3312000036239624 0.20112064480781555 0.3359861373901367 0.7647489309310913 0.6959505081176758
4 0.3304128050804138 -0.6023061275482178 0.6378715634346008 2.3369979858398438 0.6670472025871277
4 0.3302812874317169 -1.0981593132019043 0.6127628087997437 2.867748975753784 0.6378536224365234
1 0.32479819655418396 0.8457505702972412 0.1392601579427719 0.8876807689666748 0.22342993319034576
1 0.32139843702316284 0.7825590372085571 0.2939585745334625 0.8118165731430054 0.3614753782749176
3 0.3210497498512268 0.693452000617981 0.7646297812461853 1.004238247871399 0.9106984734535217
1 0.3202764689922333 0.8479394912719727 0.2059098184108734 0.8801194429397583 0.29019322991371155
1 0.3173322081565857 0.8440647125244141 0.2544839084148407 0.8751780986785889 0.3229099214076996
4 0.31637871265411377 0.058702826499938965 0.19651371240615845 0.6006321310997009 0.8593656420707703
2 0.31506040692329407 0.4923665225505829 0.23426878452301025 0.5580710172653198 0.31856387853622437
2 0.3099682927131653 0.8633716106414795 0.8592637777328491 0.945979118347168 1.044918417930603
2 0.3089473843574524 0.23065009713172913 -7.181035995483398 0.24028250575065613 8.969905853271484
3 0.30742737650871277 0.3218018412590027 0.7637079954147339 0.6840662360191345 0.9020193815231323
1 0.3074018657207489 0.2908547818660736 -5.916476249694824 0.3014455735683441 7.720337867736816
