1 0.5955665707588196 -0.04257842153310776 0.8705354332923889 0.20285215973854065 0.9512466788291931
1 0.5657882690429688 0.0022805482149124146 0.8070263862609863 0.31831860542297363 0.8742222785949707
1 0.44987380504608154 -0.016925066709518433 0.832599937915802 0.25953325629234314 0.9199169278144836
4 0.4485521912574768 -0.2969011068344116 0.5780138373374939 2.1355724334716797 0.6223037838935852
4 0.42452889680862427 -0.25687122344970703 0.48428240418434143 1.8106296062469482 0.5156701803207397
2 0.4162919819355011 0.21581913530826569 -6.703360557556152 0.2263048142194748 8.582568168640137
4 0.4135710597038269 -0.4289971590042114 0.6158099174499512 2.1559481620788574 0.655419111251831
2 0.4075958728790283 0.6334570050239563 0.5461799502372742 0.7850291132926941 0.7013054490089417
2 0.4043334722518921 0.22436216473579407 -9.97973918914795 0.23088333010673523 11.847224235534668
4 0.39311447739601135 -0.955441951751709 0.6094430685043335 2.5971107482910156 0.6442481279373169
2 0.3928905427455902 0.6677221655845642 0.3149201273918152 0.855645477771759 0.4631277322769165
2 0.3913685977458954 0.5104935169219971 0.6618126630783081 0.6774312257766724 0.7667609453201294
2 0.3789134919643402 0.6338512897491455 0.8792811036109924 0.7845766544342041 1.0144414901733398
2 0.3786883056163788 0.7924016118049622 0.786650538444519 0.9347280859947205 0.9366937875747681
1 0.37247711420059204 0.09387850761413574 0.3013935089111328 0.6351706981658936 0.7274731397628784
2 0.3695649802684784 0.4238168001174927 0.6873095631599426 0.5890748500823975 0.7832908034324646
2 0.36799120903015137 0.5989495515823364 0.27206647396087646 0.798850417137146 0.42242372035980225
1 0.3673264980316162 -0.1410115510225296 0.8317775726318359 0.3432713747024536 0.9866900444030762
2 0.35711872577667236 0.7186535000801086 0.3444310426712036 0.8591049313545227 0.5094557404518127
2 0.35652169585227966 0.7461267113685608 0.37687477469444275 0.8941414952278137 0.5364140868186951
