2 0.5559788942337036 0.8194741010665894 0.18715006113052368 0.8562583923339844 0.26315540075302124
2 0.5193723440170288 0.8163136839866638 0.25453120470046997 0.8609326481819153 0.32009655237197876
2 0.5025933980941772 0.7736817598342896 0.22559936344623566 0.8208318948745728 0.29535529017448425
2 0.4871363639831543 0.8501073122024536 0.16794896125793457 0.9031467437744141 0.24402081966400146
2 0.48153188824653625 0.7302461266517639 0.2835647165775299 0.7597538828849792 0.3544805943965912
2 0.46039721369743347 0.3106999695301056 0.6000484228134155 0.7271391153335571 0.8311216831207275
2 0.4217793941497803 0.460346519947052 0.7430823445320129 0.6839062571525574 0.9057750105857849
2 0.4093896448612213 0.019842006266117096 0.8688166737556458 0.20775970816612244 0.957072913646698
2 0.4080207049846649 0.8251010775566101 0.39603543281555176 0.8516586422920227 0.4495231509208679
2 0.4074425995349884 0.4018142819404602 0.7312324047088623 0.6269581913948059 0.9463064670562744
2 0.4043292701244354 0.1860603392124176 -2.1671395301818848 0.19293418526649475 3.87451171875
2 0.39661240577697754 0.3831893503665924 0.47457417845726013 0.40977391600608826 0.5787273645401001
2 0.395844429731369 0.3822963237762451 0.45190879702568054 0.4246535301208496 0.5381149053573608
2 0.3958262801170349 0.3810669481754303 0.30683407187461853 0.42968127131462097 0.39396795630455017
2 0.39188408851623535 0.36558741331100464 0.324936181306839 0.4174155592918396 0.41605237126350403
2 0.3906222879886627 0.12284055352210999 0.3226314187049866 0.5669287443161011 0.7709417939186096
2 0.37697523832321167 0.4276998043060303 0.3708277642726898 0.4838564991950989 0.45255473256111145
2 0.3732827603816986 0.26635515689849854 0.748245894908905 0.4798282980918884 0.9391213059425354
2 0.3731219172477722 0.35267022252082825 0.36635634303092957 0.3969254195690155 0.4556644856929779
2 0.3689301311969757 0.41302505135536194 0.33821380138397217 0.46126922965049744 0.41654103994369507
