3 0.4955454468727112 0.23807211220264435 0.773786187171936 0.5476542711257935 0.898883581161499
2 0.48445945978164673 0.296835720539093 -7.076786041259766 0.31179744005203247 8.860241889953613
2 0.46046239137649536 0.2907787561416626 -7.448556423187256 0.3068370819091797 9.238479614257812
3 0.45241573452949524 0.4267553389072418 0.8078104257583618 0.7358177900314331 0.9479339122772217
2 0.4095489978790283 0.8987011313438416 0.5220375657081604 0.9250022768974304 0.5377164483070374
2 0.4036974310874939 0.9135468006134033 0.3726942837238312 0.9509932994842529 0.3920540511608124
2 0.3902207314968109 0.31574806571006775 -5.297757148742676 0.3322131931781769 7.08658504486084
2 0.3840070366859436 0.7841897010803223 0.13039810955524445 0.7970490455627441 0.2035883516073227
2 0.37988001108169556 0.9105879068374634 0.4560033977031708 0.9422042369842529 0.4780706465244293
3 0.36387789249420166 0.05669129639863968 0.8417690396308899 0.2326129674911499 0.9297640919685364
3 0.3612384796142578 0.5762062668800354 0.7604444622993469 0.9496816992759705 0.9010761380195618
2 0.3591045141220093 0.8661300539970398 0.4513544738292694 0.9087617993354797 0.4859403669834137
2 0.35778623819351196 0.8480724692344666 0.48976707458496094 0.8994064927101135 0.5260783433914185
2 0.3577745854854584 0.257560670375824 -7.26114559173584 0.27761971950531006 9.03715991973877
3 0.3536716401576996 0.3795771598815918 0.8250390887260437 0.6070111393928528 0.9143850207328796
2 0.35186684131622314 0.03350002318620682 0.870696485042572 0.26996666193008423 0.9395585656166077
2 0.35037192702293396 0.07064653933048248 0.8326714634895325 0.40036606788635254 0.9036325812339783
2 0.34821435809135437 0.9708797931671143 0.8958032727241516 0.9736049175262451 0.9138781428337097
2 0.34812217950820923 0.20294570922851562 -1.8333264589309692 0.21060711145401 3.5556998252868652
2 0.34631186723709106 0.21839937567710876 -3.4467339515686035 0.2363533079624176 5.2905755043029785
