2 0.5363995432853699 -0.49886834621429443 0.6041884422302246 2.3041343688964844 0.6374653577804565
2 0.4135306775569916 -0.3339618444442749 0.5675382018089294 2.230895519256592 0.6030392050743103
2 0.39188334345817566 0.22204434871673584 -6.373038291931152 0.23102349042892456 8.212713241577148
3 0.3883843421936035 0.25296956300735474 0.7705531716346741 0.6441588997840881 0.8899243474006653
4 0.3845330774784088 -0.04894170165061951 0.8346055746078491 0.29426321387290955 0.929574728012085
2 0.3809066116809845 0.21760182082653046 -7.01546573638916 0.22913558781147003 8.843395233154297
2 0.36250951886177063 0.9027478694915771 0.367495596408844 0.9322140216827393 0.3856932520866394
4 0.3483300507068634 -1.3845417499542236 0.616698145866394 3.195746660232544 0.6436140537261963
2 0.34532174468040466 0.9036433100700378 0.5439611673355103 0.9201400876045227 0.5590218305587769
2 0.3403190076351166 0.019542813301086426 0.6934311389923096 0.21091514825820923 0.805536150932312
3 0.33670860528945923 0.4006474018096924 0.7485283017158508 0.7771223783493042 0.8786010146141052
1 0.3278324604034424 0.7005952596664429 0.2125024050474167 0.7540785074234009 0.2660294771194458
3 0.32478198409080505 0.29585927724838257 0.8181650042533875 0.7023705244064331 0.9229373335838318
1 0.31958046555519104 0.7437477111816406 0.327467143535614 0.7829563617706299 0.37559646368026733
4 0.314423143863678 -1.1276923418045044 0.5998879075050354 2.9299044609069824 0.6211692690849304
2 0.3142634332180023 0.09246954321861267 0.7257610559463501 0.24643799662590027 0.8235610723495483
0 0.3132779598236084 0.18996164202690125 -6.355268478393555 0.19761499762535095 8.201245307922363
3 0.3129426836967468 0.09007133543491364 0.7789076566696167 0.4746438264846802 0.9023281335830688
2 0.3122788071632385 0.8696979880332947 0.8576110601425171 0.9771249890327454 1.026086449623108
2 0.3117208480834961 0.16711488366127014 0.5849296450614929 0.3151431381702423 0.6903589367866516
