4 0.43727755546569824 -0.653476357460022 0.6131962537765503 2.4037280082702637 0.6386255025863647
4 0.41260889172554016 -0.9545043706893921 0.602765679359436 2.7294564247131348 0.6259360313415527
2 0.38338518142700195 0.17566841840744019 -5.317447662353516 0.19280964136123657 7.155176162719727
1 0.3762238025665283 -0.022512629628181458 0.8328071236610413 0.32261717319488525 0.9014336466789246
1 0.3756672739982605 -0.009131163358688354 0.8610934019088745 0.29864874482154846 0.9231359958648682
1 0.3675692081451416 -0.5747500658035278 0.493548184633255 2.233672618865967 0.5112772583961487
2 0.34006789326667786 0.90709388256073 0.38115501403808594 0.9365372657775879 0.398084819316864
2 0.339964359998703 -0.06814925372600555 0.8563365936279297 0.31850123405456543 0.9723293781280518
4 0.3388723134994507 -1.1056256294250488 0.5915869474411011 2.8693149089813232 0.6115027666091919
1 0.33075249195098877 0.5952844023704529 0.36365988850593567 0.6412411332130432 0.4277742803096771
1 0.32010868191719055 0.6894443035125732 0.2730852961540222 0.7659746408462524 0.34453386068344116
2 0.3193082809448242 0.12811791896820068 0.3722865581512451 0.5653632879257202 0.6167514324188232
2 0.31727302074432373 0.1097261905670166 0.3017771244049072 0.24473893642425537 0.41731250286102295
2 0.3168690502643585 0.14216119050979614 -2.5372791290283203 0.14968490600585938 4.273569583892822
2 0.3122609555721283 0.17195072770118713 -7.4392991065979 0.18594053387641907 9.213638305664062
4 0.3106631636619568 0.19939255714416504 -8.07469654083252 0.21268987655639648 9.855772972106934
2 0.31058743596076965 0.8181595206260681 0.27598780393600464 0.9286075234413147 0.4683646559715271
1 0.3091587722301483 0.6738555431365967 0.19814333319664001 0.7401764392852783 0.27369794249534607
2 0.3079715967178345 0.8666023015975952 0.5422910451889038 0.8885403871536255 0.558545708656311
2 0.30774518847465515 0.14319029450416565 0.4072919487953186 0.3877759277820587 0.5073142647743225
