1 0.5705342888832092 0.28752055764198303 -7.096568584442139 0.30234500765800476 8.912748336791992
1 0.40553948283195496 0.22616121172904968 -4.87785530090332 0.24712154269218445 6.699300765991211
2 0.40247413516044617 -1.1743770837783813 0.6630396246910095 2.997702121734619 0.6820222735404968
0 0.39557474851608276 -0.5394605398178101 0.6755695343017578 2.381911277770996 0.6935503482818604
2 0.391437292098999 -0.9256105422973633 0.6347388625144958 2.7527921199798584 0.6568846106529236
1 0.3898535966873169 0.26651710271835327 -6.463540077209473 0.28339093923568726 8.273320198059082
1 0.3891987204551697 0.2280297428369522 -7.72725772857666 0.2565014362335205 9.52025318145752
3 0.3679788410663605 0.524156928062439 0.7714535593986511 0.8981850147247314 0.9118128418922424
2 0.3615395426750183 -0.939628541469574 0.610285758972168 2.7666854858398438 0.634482741355896
1 0.3464029133319855 0.24523991346359253 -8.069242477416992 0.2677803039550781 9.868141174316406
2 0.33253213763237 0.9337378144264221 0.3746490478515625 0.9615208506584167 0.3924657106399536
2 0.3295566141605377 0.3876718282699585 0.2017970234155655 0.4492529630661011 0.2839285731315613
2 0.3255508244037628 0.4244880676269531 0.5301437377929688 0.48025649785995483 0.623815655708313
2 0.3244631886482239 0.9013858437538147 0.523563027381897 0.9204780459403992 0.5407705307006836
2 0.3212210536003113 0.40271109342575073 0.32213646173477173 0.4515448808670044 0.40904611349105835
3 0.31411561369895935 0.3977282643318176 0.7954621315002441 0.7177284359931946 0.9372761249542236
2 0.31361621618270874 0.8469400405883789 0.4256063997745514 0.9728055000305176 0.6080565452575684
2 0.3135930299758911 0.17831918597221375 -2.0171008110046387 0.18923303484916687 3.7651147842407227
2 0.3124798536300659 0.4328521490097046 0.4010869562625885 0.4878518581390381 0.503421425819397
3 0.3120642304420471 -0.005159690976142883 0.8617634773254395 0.21271498501300812 0.9601294994354248
