2 0.432088166475296 0.2009764462709427 -4.876994609832764 0.2240927666425705 6.7165303230285645
0 0.38761106133461 -0.9220776557922363 0.6177232265472412 2.7377119064331055 0.6478176116943359
3 0.38228270411491394 0.5632311701774597 0.8025217652320862 0.8697310090065002 0.9348301291465759
2 0.3616771697998047 0.9162605404853821 0.3923785090446472 0.9435526728630066 0.410682737827301
2 0.3589828908443451 0.7275310754776001 0.40060505270957947 0.8326950073242188 0.5987731218338013
4 0.3588724732398987 0.2323824167251587 -6.687901973724365 0.25326621532440186 8.501441955566406
2 0.35595640540122986 0.1391015350818634 -3.2495694160461426 0.14358898997306824 4.992331027984619
2 0.3544270992279053 -0.058883726596832275 0.8743689656257629 0.26761049032211304 0.9488112330436707
0 0.35324934124946594 -0.8710966110229492 0.5822888612747192 2.780651807785034 0.606940746307373
2 0.3519364595413208 0.7675423622131348 0.38702863454818726 0.881081223487854 0.5772818922996521
1 0.3508923649787903 0.5782793164253235 0.11894138157367706 0.67652827501297 0.2320704311132431
2 0.34564313292503357 0.19791558384895325 -6.181021690368652 0.20934173464775085 7.991066932678223
2 0.3426712155342102 0.06376335769891739 0.3585904836654663 0.18036767840385437 0.5094967484474182
4 0.34105539321899414 -0.694734513759613 0.5921345949172974 2.4678542613983154 0.6302653551101685
2 0.34093573689460754 0.8400136232376099 0.4562597870826721 0.9377061128616333 0.6557567715644836
2 0.3347725570201874 0.8989181518554688 0.5643153190612793 0.9170236587524414 0.5791996717453003
1 0.324523389339447 0.7960830926895142 0.4024507999420166 0.8210591077804565 0.4571862816810608
2 0.3234420716762543 0.8218805193901062 0.346910297870636 0.941655695438385 0.5321441888809204
2 0.3227561116218567 0.8150010704994202 0.3795817494392395 0.8985951542854309 0.5854878425598145
2 0.3187895119190216 0.9142862558364868 0.6106494665145874 0.9355549812316895 0.6343364715576172
