2 0.5373314619064331 -0.6732233762741089 0.5816773772239685 2.354923725128174 0.6045003533363342
2 0.5233713388442993 -0.5492387413978577 0.6389204263687134 2.3058574199676514 0.6682008504867554
1 0.4892958402633667 0.3138003647327423 -5.617371559143066 0.3184727132320404 7.410151481628418
1 0.46702444553375244 0.30522117018699646 -6.349888801574707 0.30920490622520447 8.168408393859863
2 0.45098069310188293 -0.7561241984367371 0.560021698474884 2.5049567222595215 0.582378089427948
2 0.4283156394958496 -0.740321159362793 0.6348662972450256 2.561504602432251 0.6543199419975281
2 0.42373114824295044 0.8065895438194275 0.24423131346702576 0.8500756621360779 0.3184666931629181
1 0.4225897789001465 0.26506876945495605 -4.355862617492676 0.2719994783401489 6.170365333557129
2 0.41470903158187866 0.8764323592185974 0.29218143224716187 0.9545297026634216 0.355571448802948
3 0.4033741056919098 0.13201698660850525 0.7964318990707397 0.5337332487106323 0.911169171333313
1 0.39854878187179565 0.6927050352096558 0.3496364653110504 0.7531074285507202 0.4148317277431488
3 0.3873222768306732 0.027996577322483063 0.8004621863365173 0.23802116513252258 0.9103339314460754
1 0.38166674971580505 0.573706865310669 0.3136180639266968 0.630135178565979 0.40037041902542114
2 0.37392017245292664 0.8818289041519165 0.42170441150665283 0.934730052947998 0.4640704393386841
2 0.37235888838768005 0.8731265068054199 0.4479213058948517 0.9224323034286499 0.48715075850486755
1 0.3668830394744873 0.835591197013855 0.19231775403022766 0.8906441926956177 0.2807539403438568
2 0.3620738089084625 0.8910090923309326 0.3206968903541565 0.9311792850494385 0.3403530716896057
2 0.3613230586051941 0.23977135121822357 -3.3545291423797607 0.24871094524860382 5.197912216186523
3 0.35828840732574463 0.10995714366436005 0.7505321502685547 0.5496149659156799 0.8685920238494873
2 0.35706886649131775 0.8784608244895935 0.47814393043518066 0.9353640675544739 0.5141044855117798
