4 0.6326888203620911 -0.7909270524978638 0.6072775721549988 2.551905632019043 0.6478691697120667
4 0.6103121638298035 -0.9845776557922363 0.5975492596626282 2.765631914138794 0.6315340399742126
2 0.47319892048835754 0.3285740613937378 -4.3533549308776855 0.33926284313201904 6.163644313812256
3 0.4728258550167084 0.33435261249542236 0.8394477963447571 0.6301030516624451 0.948510468006134
2 0.4659073054790497 -1.0047533512115479 0.6260228157043457 2.667128086090088 0.6559767723083496
1 0.4635663628578186 0.0606289803981781 0.8048838376998901 0.29506000876426697 0.8764845132827759
3 0.4437176287174225 0.2414058893918991 0.7840482592582703 0.5235709547996521 0.9039278626441956
3 0.39911994338035583 -0.019412830471992493 0.8625532984733582 0.25328224897384644 0.9609008431434631
2 0.38349518179893494 0.2660093605518341 -6.260704517364502 0.2731260359287262 8.116533279418945
3 0.381808340549469 0.05280841886997223 0.8166903853416443 0.3944163918495178 0.9352379441261292
2 0.3791170120239258 0.3000466823577881 -3.99438738822937 0.30992376804351807 5.7888264656066895
2 0.3772355616092682 0.587087094783783 0.6751894354820251 1.1419930458068848 0.8413253426551819
1 0.3731391131877899 0.6197323799133301 0.24145382642745972 0.711665153503418 0.2911739945411682
1 0.372213751077652 0.6884037852287292 0.1280553787946701 0.7934455275535583 0.18832863867282867
2 0.36770156025886536 0.2363404631614685 -3.407172679901123 0.25329750776290894 5.222086429595947
1 0.35746321082115173 0.6915732026100159 0.27776044607162476 0.7856701016426086 0.3308228850364685
1 0.35514000058174133 0.7568665742874146 0.35496896505355835 0.8442682027816772 0.4107370376586914
1 0.35369428992271423 -0.4631211757659912 0.5205661058425903 2.1093461513519287 0.5393944978713989
3 0.35033008456230164 0.4202471375465393 0.8135000467300415 0.7015079855918884 0.9320898056030273
1 0.3490181267261505 0.6356789469718933 0.21900156140327454 0.7851677536964417 0.26009950041770935
