1 0.7709227800369263 0.016229547560214996 0.8714485168457031 0.2283351719379425 0.9595576524734497
2 0.49097397923469543 0.3044486939907074 -3.1439130306243896 0.31988397240638733 4.98010778427124
4 0.4553443193435669 -1.48106050491333 0.6073212623596191 3.3268051147460938 0.6229372024536133
4 0.43202871084213257 -1.5635918378829956 0.5892389416694641 3.4228157997131348 0.6081487536430359
1 0.4098823070526123 -0.009053453803062439 0.827379047870636 0.3112252354621887 0.9392825961112976
4 0.4097535014152527 -1.2490962743759155 0.5588180422782898 3.1285548210144043 0.5913782715797424
4 0.4085472822189331 -0.5547800064086914 0.4790361821651459 2.2181057929992676 0.49913522601127625
1 0.39396533370018005 0.1619202196598053 0.1803697645664215 0.7102247476577759 0.8653872013092041
0 0.38847365975379944 0.31598833203315735 -7.50840950012207 0.32628270983695984 9.302902221679688
4 0.36581313610076904 0.12736812233924866 0.7814144492149353 0.5057754516601562 0.901827871799469
3 0.35872969031333923 0.30318599939346313 0.801337718963623 0.629639744758606 0.9315353631973267
1 0.3580699563026428 0.34232279658317566 0.10939580202102661 0.6646410226821899 1.000171184539795
1 0.3458489179611206 -1.3755645751953125 0.5952278971672058 3.259713649749756 0.6143484711647034
3 0.3366755545139313 0.4407237470149994 0.8259100914001465 0.7934863567352295 0.9490065574645996
1 0.3363722860813141 0.2910774350166321 -8.249323844909668 0.2960471510887146 10.110320091247559
1 0.33523502945899963 0.28885340690612793 -6.695939064025879 0.2942922115325928 8.577596664428711
1 0.33215034008026123 0.4076350927352905 -0.3789042830467224 0.6981557607650757 1.523453712463379
2 0.3320358097553253 0.1528221070766449 0.40701740980148315 0.3941555321216583 0.5015377998352051
1 0.32819515466690063 0.04162268340587616 0.826473593711853 0.3305220603942871 0.8965803384780884
0 0.3279321491718292 0.7342592477798462 0.2573876678943634 0.874153733253479 0.3199479281902313
