1 0.49922317266464233 0.29022300243377686 -6.5286126136779785 0.2970163822174072 8.351825714111328
1 0.43070998787879944 0.6971027851104736 0.2773532271385193 0.7521877288818359 0.36827778816223145
1 0.4288613498210907 0.8002845048904419 0.16992630064487457 0.8460036516189575 0.2614956200122833
1 0.4199996590614319 0.7306011915206909 0.24305814504623413 0.7979212999343872 0.32532232999801636
1 0.40612462162971497 0.70552659034729 0.2288261502981186 0.756942868232727 0.33012279868125916
1 0.39871346950531006 0.6897275447845459 0.18935059010982513 0.7354642152786255 0.29356494545936584
1 0.39664170145988464 0.8176956176757812 0.3742811977863312 0.8466587066650391 0.4562976658344269
1 0.3877052068710327 0.6735391020774841 0.14905977249145508 0.806516706943512 0.2689957618713379
2 0.38633865118026733 0.07008028775453568 0.8187041878700256 0.28316909074783325 0.9256979823112488
1 0.3835535943508148 0.7819973230361938 0.09755382686853409 0.8481975793838501 0.21339043974876404
1 0.3707796335220337 0.021494634449481964 0.8879588842391968 0.21921312808990479 0.9559392929077148
0 0.36660170555114746 -1.0045576095581055 0.585514485836029 2.7659668922424316 0.6092016100883484
2 0.344228059053421 0.28494542837142944 -5.963906764984131 0.3025531768798828 7.783647060394287
0 0.3363921344280243 0.2300163060426712 -7.179078578948975 0.23763345181941986 8.919421195983887
2 0.3363129496574402 0.49751028418540955 0.33236411213874817 0.6720874309539795 0.46001365780830383
2 0.33622732758522034 0.16445977985858917 -1.7669159173965454 0.1728806346654892 3.4745607376098633
0 0.3290330469608307 -1.7868456840515137 0.5822325348854065 3.6006150245666504 0.6014429926872253
0 0.32512784004211426 -0.9673570394515991 0.5970785021781921 2.8534083366394043 0.6128101944923401
1 0.3241519629955292 0.19152355194091797 0.2717675268650055 0.7120477557182312 0.8191508054733276
1 0.32281365990638733 0.348096638917923 -4.588291645050049 0.3602226674556732 6.415586948394775
