2 0.5848951935768127 0.01358574628829956 0.6691364645957947 1.8327314853668213 0.7240760922431946
2 0.5600539445877075 -0.22768187522888184 0.649924635887146 2.0417122840881348 0.7072081565856934
2 0.5230674743652344 0.532004714012146 0.5292780995368958 0.5657267570495605 0.622588574886322
2 0.46404415369033813 0.6245868802070618 0.46889200806617737 0.6648208498954773 0.5519112944602966
2 0.43975237011909485 0.5857401490211487 0.4266238212585449 0.6336705088615417 0.4976949691772461
2 0.43938517570495605 -0.27834630012512207 0.6250136494636536 2.1167209148406982 0.6769941449165344
2 0.3965533375740051 0.1484471559524536 0.7696371674537659 0.42593467235565186 0.9100896716117859
2 0.392731249332428 0.2892218828201294 0.4133068025112152 0.346452534198761 0.4995270073413849
2 0.39153972268104553 0.35842376947402954 0.3882458806037903 0.408829927444458 0.47319382429122925
2 0.38037407398223877 -0.41948139667510986 0.6145755648612976 2.2357516288757324 0.6549353003501892
2 0.3802894949913025 0.41406679153442383 0.42298007011413574 0.46157628297805786 0.5082368850708008
2 0.3755987882614136 0.18825237452983856 -3.285931348800659 0.2012205868959427 5.126979827880859
2 0.3753669559955597 0.42989856004714966 0.41427046060562134 0.4751688241958618 0.5037545561790466
2 0.3752027153968811 0.40286484360694885 0.4282567501068115 0.44445642828941345 0.5202417373657227
2 0.3733518123626709 0.8202341794967651 0.44368502497673035 0.8526120185852051 0.4899444282054901
2 0.3725033402442932 0.8764652013778687 0.36629945039749146 0.9107621908187866 0.38479048013687134
2 0.3724726438522339 0.41832801699638367 0.42574962973594666 0.587386965751648 0.5474851131439209
2 0.3713628351688385 0.7274115681648254 0.3852335214614868 0.8902005553245544 0.5333472490310669
2 0.36707746982574463 0.7614040374755859 0.33276036381721497 0.8058216571807861 0.39129284024238586
2 0.3631904423236847 0.4239206314086914 0.3670756220817566 0.47662949562072754 0.4655633568763733
