0 0.50684654712677 -0.46017909049987793 0.6178759932518005 2.3405489921569824 0.6420077681541443
0 0.48684802651405334 -0.3053045868873596 0.6340607404708862 2.1279430389404297 0.6536179780960083
2 0.4794114828109741 0.1351807564496994 -2.4799554347991943 0.14263297617435455 4.223089694976807
4 0.4331400394439697 -0.7925703525543213 0.6501612663269043 2.5853359699249268 0.6751446723937988
4 0.4194199740886688 0.01790093630552292 0.8805519938468933 0.19730114936828613 0.9685907959938049
2 0.4075344204902649 0.23764652013778687 -7.115899562835693 0.2448439598083496 8.885080337524414
2 0.3977588713169098 0.21066071093082428 -4.690319061279297 0.22944806516170502 6.468050956726074
2 0.3935748338699341 0.24715079367160797 -5.793863296508789 0.2631422281265259 7.601771354675293
0 0.38299569487571716 -1.1171648502349854 0.6023595333099365 2.8968312740325928 0.6203092336654663
1 0.37835752964019775 0.6324878931045532 0.3861398696899414 0.6821184158325195 0.46052879095077515
4 0.37796932458877563 -1.1139400005340576 0.6251851916313171 2.8861968517303467 0.6452530026435852
3 0.3765321969985962 0.5046176314353943 0.840459942817688 0.8747707009315491 0.9541677236557007
4 0.37445345520973206 0.2400757223367691 0.7513943314552307 0.5810873508453369 0.8844324946403503
0 0.3722464144229889 -0.30822479724884033 0.5118221044540405 1.910713791847229 0.5281978845596313
2 0.3695797920227051 0.27556246519088745 -7.7320756912231445 0.28609806299209595 9.569636344909668
2 0.36670589447021484 0.32345616817474365 0.6827579140663147 0.49520301818847656 0.7903444170951843
3 0.3655703365802765 0.6758939623832703 0.8183119297027588 0.9504671692848206 0.9457933902740479
1 0.36524906754493713 0.7250741124153137 0.5094388127326965 0.7583584189414978 0.5644292235374451
1 0.36047446727752686 0.7971400618553162 0.3404248058795929 0.8581179976463318 0.41050276160240173
2 0.3556798994541168 0.30139216780662537 -6.951888561248779 0.315944105386734 8.784743309020996
