2 0.46926847100257874 0.21009759604930878 -6.805710792541504 0.2241058498620987 8.612776756286621
2 0.4636293351650238 0.1842353641986847 -6.2950005531311035 0.20191678404808044 8.113008499145508
2 0.4183507561683655 0.2392730712890625 -7.954858779907227 0.2515175938606262 9.774005889892578
2 0.41015204787254333 0.15677042305469513 -3.309908390045166 0.16288922727108002 5.058227062225342
2 0.4045290946960449 0.14947974681854248 -5.270314693450928 0.16664862632751465 7.107376575469971
2 0.3697904944419861 0.9195200800895691 0.37618592381477356 0.9432645440101624 0.3945675194263458
2 0.3678987920284271 0.8902188539505005 0.549595296382904 0.9048928022384644 0.5648568272590637
4 0.35838016867637634 -0.04685811698436737 0.8634351491928101 0.2642069458961487 0.9691141843795776
3 0.3580344319343567 0.42517390847206116 0.7358523011207581 0.6768497228622437 0.8947307467460632
0 0.3553789556026459 -1.1361284255981445 0.613067090511322 2.906984329223633 0.6360551714897156
3 0.3490440547466278 0.33877721428871155 0.7804731130599976 0.7501161098480225 0.9165562391281128
2 0.341045618057251 0.8963727355003357 0.5771996974945068 0.9145954251289368 0.5998216867446899
2 0.3378068506717682 0.21949058771133423 -7.884188652038574 0.23467886447906494 9.701638221740723
2 0.3365017771720886 0.8792232275009155 0.8554214835166931 0.9839683771133423 1.0202834606170654
0 0.33214235305786133 -1.5992376804351807 0.5962858200073242 3.3939735889434814 0.6179847717285156
1 0.32674622535705566 0.7105244994163513 0.3932792842388153 0.7614815831184387 0.4613530933856964
1 0.3262968063354492 0.7106854319572449 0.1677735596895218 0.7954264283180237 0.2446705549955368
3 0.3212113380432129 0.5987424850463867 0.7409099340438843 0.8063223361968994 0.8921791315078735
3 0.32112106680870056 0.4830431342124939 0.7925000190734863 0.8071635365486145 0.9290138483047485
2 0.32084938883781433 0.8850650787353516 0.898170530796051 0.8866466283798218 0.912850558757782
