4 0.4774250090122223 -1.2701362371444702 0.5941826105117798 3.1416749954223633 0.6170222759246826
3 0.4740631580352783 0.35914909839630127 0.8352742791175842 0.7418519258499146 0.9617019295692444
3 0.41842445731163025 0.2548624277114868 0.8276106119155884 0.6743158102035522 0.9289649724960327
3 0.4152485728263855 0.07476256787776947 0.7865169644355774 0.47663605213165283 0.9066464304924011
1 0.4030288755893707 0.2993152141571045 -6.983668327331543 0.3087666630744934 8.819206237792969
1 0.377592533826828 0.26037082076072693 -6.55046272277832 0.26986125111579895 8.382950782775879
4 0.3642245829105377 -1.2911505699157715 0.5886854529380798 3.086754322052002 0.6082935929298401
3 0.3605791926383972 0.54316246509552 0.8555302619934082 0.9837770462036133 0.9694236516952515
4 0.35763049125671387 -1.4684057235717773 0.5786271691322327 3.272209644317627 0.5973603129386902
1 0.3532368242740631 0.2828286588191986 -7.555713653564453 0.290642648935318 9.393264770507812
1 0.3455743193626404 0.2485189288854599 -6.369306564331055 0.2612608075141907 8.180596351623535
4 0.3402256965637207 -1.3448740243911743 0.6051918268203735 3.121835231781006 0.6266061067581177
1 0.33947351574897766 0.27202025055885315 -6.278289318084717 0.2821562588214874 8.086579322814941
1 0.33791783452033997 -0.6987662315368652 0.5112907886505127 2.370835065841675 0.534372091293335
4 0.33378633856773376 -1.0433785915374756 0.624057948589325 2.8834567070007324 0.6433269381523132
1 0.3311258554458618 0.20629017055034637 0.12903425097465515 0.6008722186088562 0.701360821723938
2 0.3305998742580414 0.9335505962371826 0.3778526484966278 0.9645040035247803 0.39721259474754333
1 0.328632652759552 0.032960787415504456 0.8611491918563843 0.2566686272621155 0.9572571516036987
2 0.32831689715385437 0.23607555031776428 -4.206160068511963 0.2472265064716339 6.04498815536499
2 0.3272756338119507 0.1648956686258316 -2.1757869720458984 0.1765407770872116 3.9105372428894043
