2 0.555809736251831 0.24227923154830933 -6.447633266448975 0.2543725371360779 8.246121406555176
2 0.4291067123413086 0.27431368827819824 0.4596152603626251 0.7287390232086182 0.7888286113739014
2 0.42025694251060486 0.24984420835971832 -6.896409034729004 0.2593734562397003 8.688777923583984
2 0.4190739691257477 0.24884659051895142 -7.566519260406494 0.2686437964439392 9.398856163024902
1 0.38910841941833496 0.7373901009559631 0.30622780323028564 0.7881118655204773 0.35218000411987305
2 0.3866685628890991 0.22216038405895233 -7.554221153259277 0.23129262030124664 9.38621997833252
1 0.3820236921310425 0.7880749702453613 0.3108929991722107 0.840114951133728 0.35848385095596313
1 0.3810001015663147 0.767713725566864 0.30864042043685913 0.8160460591316223 0.3486860394477844
1 0.3807617425918579 0.8146026730537415 0.2926556468009949 0.8845987915992737 0.34339582920074463
1 0.3677046298980713 0.7391636371612549 0.28085848689079285 0.7830629348754883 0.3227461278438568
1 0.36731746792793274 0.7588987946510315 0.31461209058761597 0.8089048266410828 0.36241692304611206
2 0.3640565872192383 0.21897992491722107 -6.01308536529541 0.2364872395992279 7.847329139709473
1 0.3621627688407898 0.7615000009536743 0.21551483869552612 0.8275600671768188 0.2632485628128052
2 0.35872507095336914 0.29620593786239624 0.31236952543258667 0.747842013835907 0.641802191734314
1 0.3582824766635895 -0.5363579988479614 0.4590016007423401 2.1693620681762695 0.4731822609901428
1 0.3560793101787567 0.6157994866371155 0.2415669858455658 0.7164108157157898 0.30747273564338684
2 0.35578975081443787 -0.038343191146850586 0.8685650825500488 0.27730506658554077 0.9577810764312744
2 0.3365614414215088 0.16385996341705322 -2.8293051719665527 0.17012333869934082 4.650227069854736
2 0.33484745025634766 0.9184887409210205 0.41009730100631714 0.9510374069213867 0.42565399408340454
2 0.3321040868759155 0.20844045281410217 0.4302127957344055 0.6723417043685913 0.6799406409263611
