2 0.5060345530509949 0.8121486902236938 0.4384172260761261 0.835079550743103 0.48400208353996277
2 0.4663181006908417 0.7214716672897339 0.3243115246295929 0.7688823938369751 0.38948389887809753
2 0.44821006059646606 0.605141818523407 0.37762486934661865 0.6505120396614075 0.45749008655548096
2 0.4478389024734497 0.8700894713401794 0.6265485286712646 0.8892565369606018 0.6678107976913452
2 0.43947461247444153 0.7724835276603699 0.4089522957801819 0.8103788495063782 0.4795435070991516
2 0.4129333794116974 0.20591771602630615 -4.070496559143066 0.23011046648025513 5.919402122497559
2 0.40664201974868774 0.24239829182624817 -7.219298362731934 0.2602337896823883 9.049546241760254
2 0.39263203740119934 0.23619213700294495 -5.8191752433776855 0.253250390291214 7.661439418792725
2 0.3776778280735016 0.8771083950996399 0.5352946519851685 0.9135348200798035 0.5758012533187866
2 0.36986035108566284 0.8715113401412964 0.44929760694503784 0.9067319631576538 0.49445641040802
2 0.369688481092453 0.8766921162605286 0.4314142167568207 0.9109601378440857 0.4823228418827057
2 0.3670542538166046 0.8790806531906128 0.547970712184906 0.9240607023239136 0.5864532589912415
2 0.3573762774467468 0.8803746700286865 0.4814232289791107 0.9189978837966919 0.5301532745361328
2 0.3467743992805481 0.3987457752227783 0.7514612078666687 0.6626017093658447 0.9057396054267883
2 0.3393086791038513 0.8428335785865784 0.5152680277824402 0.8649488091468811 0.5300337672233582
2 0.33777427673339844 0.9109128713607788 0.336883544921875 0.9422289133071899 0.3551298975944519
2 0.3368817865848541 0.8892991542816162 0.5159757733345032 0.9449584484100342 0.5561080574989319
2 0.3333597779273987 0.5531275272369385 0.36040374636650085 0.711175799369812 0.5057673454284668
3 0.33213821053504944 0.7270785570144653 0.7940804958343506 0.9823353290557861 0.9547529220581055
2 0.32583364844322205 0.1590738445520401 -3.2594480514526367 0.16592048108577728 5.012871742248535
