2 0.5636842846870422 0.13466517627239227 -4.83689546585083 0.16076703369617462 6.642457485198975
2 0.5253499746322632 0.19154122471809387 -8.91759967803955 0.20458588004112244 10.74400806427002
2 0.5186959505081177 0.16895772516727448 -2.608160972595215 0.17491666972637177 4.3400397300720215
2 0.449429988861084 -0.2510479688644409 0.5651483535766602 1.954675555229187 0.588554859161377
2 0.44248759746551514 0.22882786393165588 -6.610992908477783 0.23551294207572937 8.333516120910645
2 0.425080269575119 0.20722097158432007 -10.707592964172363 0.21629828214645386 12.55916690826416
2 0.4184470474720001 0.08520077913999557 0.8786665797233582 0.3107396960258484 0.9356067776679993
2 0.39328733086586 0.25274214148521423 -9.958610534667969 0.2614407241344452 11.812705993652344
2 0.3899100720882416 0.07984122633934021 0.8941218852996826 0.24153068661689758 0.9609935283660889
2 0.3847077488899231 -0.19393318891525269 0.4924626052379608 1.9924283027648926 0.5232072472572327
2 0.37924110889434814 0.9042659401893616 0.31878361105918884 0.9400421977043152 0.33741429448127747
2 0.37587133049964905 0.8503108024597168 0.5097650289535522 0.8784637451171875 0.5658924579620361
2 0.37521886825561523 0.8871740698814392 0.523474931716919 0.9396561980247498 0.5582245588302612
2 0.37386560440063477 0.03063829243183136 0.8565289974212646 0.33482825756073 0.9086012840270996
3 0.36944714188575745 0.6228663325309753 0.7799968123435974 0.8718945384025574 0.9227526783943176
3 0.36618614196777344 0.5247730612754822 0.8072161674499512 1.0257585048675537 0.9120430946350098
2 0.36498257517814636 0.8924161791801453 0.5138062238693237 0.9552236199378967 0.5514459609985352
2 0.362600177526474 0.8897393941879272 0.49039900302886963 0.9692162275314331 0.5276018381118774
2 0.36008426547050476 0.7710565328598022 0.09376075863838196 0.9527759552001953 0.5343912839889526
3 0.359968900680542 0.5413091778755188 0.8613552451133728 0.798531711101532 0.9333122372627258
