4 0.5519375205039978 -1.3697645664215088 0.5629361867904663 3.1880452632904053 0.5893841981887817
4 0.4709225296974182 -1.56947922706604 0.5300538539886475 3.3684170246124268 0.551688551902771
2 0.4115247130393982 0.25329992175102234 -4.621420860290527 0.27239790558815 6.4568071365356445
2 0.40897539258003235 0.22430072724819183 -4.147395133972168 0.25078845024108887 5.987384796142578
1 0.40222617983818054 0.7475137710571289 0.21452583372592926 0.7935832738876343 0.31092989444732666
1 0.3976837992668152 0.6724095344543457 0.17464131116867065 0.7138519287109375 0.2647402882575989
1 0.38985180854797363 0.7662331461906433 0.3133171796798706 0.8062806725502014 0.4032318592071533
4 0.3880511522293091 -1.4038326740264893 0.5056449174880981 3.202608823776245 0.5268977880477905
2 0.3804057836532593 0.17077091336250305 -2.4860947132110596 0.17883941531181335 4.23682975769043
3 0.37543657422065735 0.2502954304218292 0.7695615291595459 0.5999906063079834 0.9132347106933594
1 0.37078070640563965 0.6980404853820801 0.15974675118923187 0.7474346160888672 0.2398291975259781
2 0.3659789562225342 -0.006399214267730713 0.8681450486183167 0.3541402816772461 0.9268574118614197
2 0.36159762740135193 0.9205918312072754 0.3239653408527374 0.9467563629150391 0.3442237079143524
4 0.34573814272880554 -0.7228407859802246 0.5745536088943481 2.6149728298187256 0.6026202440261841
1 0.3348657786846161 0.7481721639633179 0.19375422596931458 0.7929960489273071 0.26546862721443176
1 0.33081549406051636 0.6516011953353882 0.1844777911901474 0.7584006786346436 0.26388975977897644
3 0.32240983843803406 -0.02286657691001892 0.772605299949646 0.3603176772594452 0.9128316640853882
2 0.3191416263580322 0.18751031160354614 0.38433244824409485 0.38710516691207886 0.5040643811225891
3 0.3191016912460327 0.3821192979812622 0.7486203908920288 0.7147325277328491 0.891194224357605
2 0.31882113218307495 -0.11195553839206696 0.8526624441146851 0.37482398748397827 1.019213080406189
