4 0.4586333930492401 -0.7274263501167297 0.6178669333457947 2.5306925773620605 0.6421754956245422
2 0.43096107244491577 0.006284698843955994 0.8526350259780884 0.3150549530982971 0.934418797492981
2 0.38186708092689514 0.15068256855010986 -2.136082172393799 0.15624576807022095 3.8849143981933594
4 0.36892348527908325 0.23252753913402557 -6.704885959625244 0.24110974371433258 8.492222785949707
2 0.34001317620277405 0.04461708664894104 0.6847538948059082 0.18199041485786438 0.8232055902481079
2 0.3280019164085388 0.05860789120197296 0.7777763605117798 0.3303280472755432 0.9364962577819824
4 0.32420873641967773 0.001338854432106018 0.8864020705223083 0.22089450061321259 0.962365448474884
3 0.32415199279785156 0.5398008823394775 0.7979212999343872 0.85834801197052 0.9407494068145752
2 0.3233940899372101 0.12693281471729279 0.7322330474853516 0.24040965735912323 0.8442733287811279
4 0.31982579827308655 0.19573631882667542 -6.361654758453369 0.20062437653541565 8.137248992919922
2 0.3191470205783844 0.5349004864692688 0.3617928624153137 0.5651417374610901 0.42451685667037964
2 0.31904900074005127 0.9294857978820801 0.33758771419525146 0.9577308893203735 0.3548465967178345
2 0.31450355052948 0.539789617061615 0.33826950192451477 0.566593587398529 0.39175018668174744
2 0.31309744715690613 0.5401261448860168 0.311677485704422 0.5648652911186218 0.36806777119636536
4 0.3120807409286499 -0.291435182094574 0.6105442643165588 2.0657665729522705 0.6339516043663025
2 0.307193398475647 0.7789884209632874 0.3717993497848511 0.910389244556427 0.5320616364479065
2 0.30603840947151184 0.7889208793640137 0.4405868649482727 0.9196537733078003 0.5924434065818787
1 0.3054162859916687 0.5521228313446045 0.18138602375984192 0.6231527328491211 0.26077601313591003
2 0.3020574450492859 0.8514750003814697 0.8744749426841736 0.9759014844894409 1.0138511657714844
4 0.3020114004611969 -0.4227489233016968 0.5415582060813904 2.1758432388305664 0.5625428557395935
