2 0.588182806968689 0.7961533665657043 0.4801982641220093 0.8049852252006531 0.5282920598983765
2 0.5855293869972229 0.7041592001914978 0.4182143807411194 0.7160505652427673 0.4815325140953064
2 0.4964464008808136 0.23972991108894348 -3.1673929691314697 0.2594105303287506 4.990365982055664
2 0.4850885570049286 0.7354879379272461 0.3437871038913727 0.7559874057769775 0.40583279728889465
2 0.4695451855659485 0.27642226219177246 -5.791464805603027 0.2928367853164673 7.621366500854492
3 0.4642471671104431 0.48119354248046875 0.750368058681488 0.7951664924621582 0.8809121251106262
3 0.4524160325527191 0.36528193950653076 0.8063527345657349 0.6502175331115723 0.9373592138290405
2 0.4416823387145996 0.14130590856075287 -2.145451545715332 0.14797867834568024 3.896022319793701
2 0.41685670614242554 0.03264772891998291 0.8272267580032349 0.37526291608810425 0.8827760219573975
2 0.40196847915649414 0.7816913723945618 0.29239127039909363 0.8086723685264587 0.3510574400424957
2 0.39671510457992554 0.04054039716720581 0.8787438869476318 0.35083240270614624 0.9597988128662109
2 0.3819126784801483 0.11196297407150269 0.8550110459327698 0.35685139894485474 0.9098002314567566
3 0.3746741712093353 0.07187949120998383 0.7999497652053833 0.392897367477417 0.9364491701126099
2 0.3739979565143585 -0.1271672248840332 0.8641214370727539 0.38046061992645264 0.9926848411560059
2 0.3719238042831421 0.9245125651359558 0.514594554901123 0.9395566582679749 0.528605580329895
0 0.3610881268978119 -0.30700063705444336 0.5953561663627625 2.197793960571289 0.6198275685310364
2 0.3605611324310303 0.788947582244873 0.3034736216068268 0.8237564563751221 0.3594847023487091
2 0.35297641158103943 0.3654487133026123 0.42040422558784485 0.7240122556686401 0.6401684880256653
2 0.34695225954055786 0.4650086760520935 0.48065096139907837 0.5220496654510498 0.5534219145774841
2 0.34682348370552063 0.4468981921672821 0.28994375467300415 0.7637732028961182 0.6384952068328857
