2 0.4266316890716553 0.29114553332328796 -6.883450508117676 0.30436602234840393 8.71274185180664
2 0.423452764749527 0.26857802271842957 -6.935575485229492 0.28140148520469666 8.782492637634277
1 0.4142396152019501 -0.4543313980102539 0.46276935935020447 2.10506534576416 0.48321422934532166
2 0.4104054868221283 0.8594461679458618 0.2748558819293976 0.8903292417526245 0.34692898392677307
1 0.40168139338493347 0.3238205909729004 -8.607988357543945 0.3317958116531372 10.43062973022461
2 0.3864368796348572 0.8265089392662048 0.2876627743244171 0.8602097630500793 0.34908947348594666
2 0.3820389211177826 0.03976047784090042 0.8566713929176331 0.27469462156295776 0.9552420973777771
0 0.3799336850643158 -0.4937627911567688 0.573357343673706 2.41678786277771 0.597772479057312
2 0.35622742772102356 0.2339266836643219 -5.64534854888916 0.24670836329460144 7.478363037109375
2 0.3544817268848419 0.126907080411911 0.3406824767589569 0.39817002415657043 0.435259610414505
2 0.35079750418663025 0.15676191449165344 0.5297384262084961 0.28313741087913513 0.6645865440368652
2 0.34889522194862366 0.28068721294403076 0.25410234928131104 0.34310972690582275 0.3506896495819092
1 0.3408353924751282 0.8402507901191711 0.207729309797287 0.8985900282859802 0.28802570700645447
2 0.3385239839553833 0.31137168407440186 0.23595978319644928 0.3641892671585083 0.32892557978630066
3 0.33650118112564087 0.5519566535949707 0.8239632844924927 0.9367313385009766 0.9633755683898926
2 0.33633261919021606 0.21758224070072174 0.572562038898468 0.4275432825088501 0.6888067126274109
2 0.33327198028564453 0.29853761196136475 0.19961343705654144 0.3457756042480469 0.29800888895988464
1 0.3322966992855072 0.24048489332199097 -7.261593818664551 0.2533666491508484 9.100743293762207
2 0.3322814106941223 0.06856975704431534 0.3646867871284485 0.24541905522346497 0.48332756757736206
2 0.3297930061817169 0.3926929235458374 0.37344440817832947 0.4733084440231323 0.46145346760749817
