4 0.4493037164211273 -0.4530167579650879 0.5717161893844604 2.3689353466033936 0.6060382127761841
0 0.4475366175174713 -1.0111881494522095 0.6078954935073853 2.8233261108398438 0.6364129781723022
2 0.42669010162353516 0.18042868375778198 -3.1605184078216553 0.20036637783050537 5.008919715881348
2 0.3962216079235077 0.1745799332857132 -2.130262613296509 0.17834262549877167 3.8915579319000244
2 0.3738408088684082 0.7365075349807739 0.38006898760795593 0.8800208568572998 0.5584837198257446
2 0.36564555764198303 0.8388099074363708 0.8549209237098694 0.9627215266227722 1.0172371864318848
2 0.3637567460536957 0.9127189517021179 0.3761334717273712 0.9484110474586487 0.3929966986179352
4 0.36226239800453186 -0.6688879728317261 0.5895972847938538 2.5233592987060547 0.6192232966423035
2 0.3574894070625305 0.7703255414962769 0.500768780708313 0.9402753114700317 0.6725877523422241
2 0.34511303901672363 0.2468862235546112 -5.624509811401367 0.251053124666214 7.402261734008789
0 0.3431299030780792 0.10649694502353668 0.4256492257118225 0.5590834617614746 0.8089484572410583
0 0.3427964746952057 -0.7815549373626709 0.632157564163208 2.5898237228393555 0.658273458480835
2 0.34254738688468933 0.7759668827056885 0.3094105124473572 0.944866418838501 0.47404056787490845
2 0.34030580520629883 0.8692814707756042 0.5328548550605774 0.8917160630226135 0.5476511120796204
2 0.33939793705940247 0.0977056473493576 0.5518816113471985 0.3575975298881531 0.8358362317085266
4 0.33659759163856506 -0.4365733861923218 0.47570979595184326 2.0204596519470215 0.4964858889579773
2 0.3365667462348938 0.20866768062114716 -5.60682487487793 0.21969570219516754 7.463137626647949
2 0.3352181017398834 0.7828021049499512 0.41731131076812744 0.9579751491546631 0.5858564376831055
1 0.32102569937705994 0.7159771919250488 0.39846011996269226 0.7476829290390015 0.4619956314563751
0 0.31796127557754517 -0.037589192390441895 0.2995772957801819 0.6948270797729492 0.7945472598075867
