2 0.5115487575531006 0.1792527437210083 -5.751773357391357 0.19634300470352173 7.607905864715576
2 0.4196035861968994 0.2341056615114212 -11.271294593811035 0.24535851180553436 13.128670692443848
2 0.4152750074863434 0.20877103507518768 -7.759336948394775 0.22263188660144806 9.593037605285645
2 0.41097012162208557 0.20196126401424408 -8.15910530090332 0.21235312521457672 10.00802230834961
2 0.3967137336730957 0.2142236828804016 -9.442686080932617 0.22465282678604126 11.271417617797852
2 0.3836611211299896 0.24381983280181885 -7.026461124420166 0.2576141953468323 8.860870361328125
0 0.36764609813690186 -0.9231094121932983 0.6344177722930908 2.6916580200195312 0.6532690525054932
1 0.3606205880641937 0.8021965622901917 0.2888936698436737 0.8420433402061462 0.3443584740161896
1 0.3553600609302521 0.7808392643928528 0.28290557861328125 0.8261892199516296 0.3471243977546692
1 0.3438754975795746 0.7763351202011108 0.29718297719955444 0.8075815439224243 0.360778272151947
2 0.3401663899421692 0.2546687126159668 0.06512367725372314 0.3091890811920166 0.12787926197052002
2 0.33659932017326355 0.18724945187568665 -1.9959543943405151 0.19600072503089905 3.800466537475586
2 0.3363737165927887 0.23248928785324097 0.07416444271802902 0.28949034214019775 0.12814044952392578
2 0.33554720878601074 0.9288832545280457 0.3871648907661438 0.9573755860328674 0.40427905321121216
1 0.3354834020137787 0.8159766793251038 0.2540103793144226 0.8510592579841614 0.3154039978981018
2 0.332913339138031 0.8975987434387207 0.5316104292869568 0.9178571701049805 0.5475085377693176
2 0.3260180652141571 0.19917064905166626 0.07872982323169708 0.2629725933074951 0.13333915174007416
0 0.32540613412857056 -1.0711854696273804 0.6230219006538391 2.8552613258361816 0.6415547728538513
2 0.3241118788719177 0.22120791673660278 0.09967591613531113 0.26849645376205444 0.1718536913394928
2 0.3197266459465027 0.27204716205596924 -8.217479705810547 0.29006117582321167 10.034879684448242
