4 0.6228049397468567 -0.890142560005188 0.6256691217422485 2.6891403198242188 0.6496933698654175
4 0.5940827131271362 -1.1490890979766846 0.6195744872093201 2.9638545513153076 0.6400159001350403
4 0.4702642560005188 -0.8087679147720337 0.5513967275619507 2.7112278938293457 0.5774016380310059
4 0.4470210373401642 -0.8103959560394287 0.5932549238204956 2.6663904190063477 0.6147091388702393
1 0.43773719668388367 0.044951289892196655 0.8768731951713562 0.30887261033058167 0.9343999028205872
3 0.4229707717895508 0.5413244962692261 0.8019254207611084 0.8312828540802002 0.9372086524963379
1 0.3896133601665497 -0.027297034859657288 0.8407415747642517 0.3497798442840576 0.9122311472892761
4 0.3804432451725006 -0.63416588306427 0.46834760904312134 2.3331809043884277 0.4868662357330322
2 0.35201704502105713 0.15143126249313354 -5.119515895843506 0.17906957864761353 6.966319561004639
1 0.3508736491203308 0.043520838022232056 0.9020028114318848 0.19271501898765564 0.9783927202224731
3 0.3498019576072693 0.3617897033691406 0.8080635070800781 0.6916959285736084 0.9387670755386353
1 0.34722065925598145 0.7152504324913025 0.08750151097774506 0.8412008881568909 0.18437565863132477
2 0.3449801504611969 0.9322194457054138 0.37916621565818787 0.9609835743904114 0.39779362082481384
1 0.3345717191696167 0.826982855796814 0.22918790578842163 0.8875905275344849 0.3118221163749695
0 0.33302438259124756 0.31886374950408936 0.29553109407424927 0.8058531284332275 0.7996729016304016
2 0.3283475935459137 0.9136320948600769 0.5244793891906738 0.933441698551178 0.5412561893463135
1 0.32826003432273865 0.7381929755210876 0.17610424757003784 0.7973328232765198 0.26214802265167236
2 0.32577672600746155 0.8568636178970337 0.8594025373458862 0.9600831270217896 1.0291632413864136
1 0.3116801679134369 0.7805553674697876 0.2025793492794037 0.8450580835342407 0.2752455770969391
1 0.31124502420425415 0.810822069644928 0.22385257482528687 0.8620020747184753 0.30324751138687134
