0 0.47113075852394104 -0.18072044849395752 0.6369333267211914 1.9527026414871216 0.681069016456604
1 0.4337555170059204 0.09613300114870071 0.7962252497673035 0.31856316328048706 0.8670364022254944
1 0.4313504993915558 0.040888845920562744 0.7719336748123169 0.34965360164642334 0.8599848747253418
3 0.40968963503837585 0.6521660089492798 0.7986289858818054 0.9403121471405029 0.9252248406410217
1 0.40385356545448303 0.79326331615448 0.15058264136314392 0.8558717966079712 0.21456119418144226
1 0.39411449432373047 0.6668069362640381 0.17697399854660034 0.7304415702819824 0.2384103536605835
3 0.3894960880279541 0.7471994757652283 0.7344608306884766 0.9980526566505432 0.868356466293335
1 0.3757803440093994 0.8928859233856201 0.15634804964065552 0.9519574642181396 0.21896010637283325
2 0.3725574016571045 0.3077389597892761 0.23675061762332916 0.6993562579154968 0.7335659265518188
1 0.3680300712585449 0.8262466788291931 0.17392072081565857 0.890324056148529 0.24012383818626404
1 0.35835111141204834 0.05431843549013138 0.8197291493415833 0.3001299500465393 0.9343307614326477
1 0.3535614013671875 0.7422720789909363 0.17355133593082428 0.9102728962898254 0.23381642997264862
1 0.3486741781234741 0.8570998907089233 0.20973992347717285 0.9437400102615356 0.2555789351463318
2 0.3407631516456604 0.26969578862190247 -7.008179664611816 0.2777363359928131 8.82717227935791
2 0.33654218912124634 0.7506046295166016 0.24231433868408203 0.94012451171875 0.402468204498291
1 0.3354426622390747 -0.1355169415473938 0.8050417900085449 0.37523317337036133 1.0029034614562988
1 0.33269691467285156 0.7937631607055664 0.22719597816467285 0.872734785079956 0.263666033744812
4 0.32930514216423035 0.13183066248893738 0.7777218222618103 0.6051348447799683 0.8921683430671692
1 0.32830488681793213 0.8610503673553467 0.32053229212760925 0.9031753540039062 0.3507421910762787
3 0.32787591218948364 0.6565614938735962 0.5666064023971558 0.924201488494873 0.8720531463623047
