0 0.49988704919815063 -1.0320156812667847 0.6011142134666443 2.7780466079711914 0.6317787766456604
0 0.44419965147972107 -0.7537760734558105 0.5865357518196106 2.6323750019073486 0.6202661395072937
2 0.4297393560409546 0.44370535016059875 0.6453960537910461 0.4834434688091278 0.6927880644798279
2 0.42318034172058105 0.21257995069026947 -6.729188919067383 0.22590847313404083 8.565401077270508
2 0.412714421749115 0.22960643470287323 -6.579402446746826 0.2450728565454483 8.40063762664795
2 0.4110568165779114 0.19958610832691193 -7.6780548095703125 0.20811037719249725 9.526025772094727
2 0.40608295798301697 0.7460543513298035 0.5865471363067627 0.7897573113441467 0.6490648984909058
2 0.395594984292984 0.19985513389110565 -2.6294891834259033 0.20761479437351227 4.445833683013916
2 0.3954840302467346 0.2022189199924469 -3.996556043624878 0.22457876801490784 5.818355560302734
0 0.36431804299354553 0.27559903264045715 -5.666775703430176 0.28772297501564026 7.4506940841674805
2 0.35880011320114136 0.7417986989021301 0.5903432965278625 0.7978292107582092 0.6249530911445618
2 0.35673582553863525 0.838642418384552 0.33422648906707764 0.8741902709007263 0.3497444987297058
0 0.35394829511642456 0.25813329219818115 -6.890427112579346 0.2652721405029297 8.64522933959961
2 0.3453581929206848 0.8427813649177551 0.5063320994377136 0.900467574596405 0.5419511198997498
0 0.3431178629398346 -0.43132054805755615 0.47259286046028137 1.9627431631088257 0.4938448965549469
3 0.3425220847129822 0.17984679341316223 0.7321389317512512 0.4336061179637909 0.8742179274559021
4 0.3373095989227295 -1.2325021028518677 0.6132169365882874 2.835935592651367 0.640669047832489
0 0.33459171652793884 -1.1117825508117676 0.6231117844581604 2.7655069828033447 0.6469846367835999
2 0.3342503011226654 0.21993646025657654 -7.315192699432373 0.229690283536911 9.159025192260742
4 0.332915335893631 -0.05614975094795227 0.8729145526885986 0.23192480206489563 0.9523975849151611
