2 0.5791954398155212 0.23464126884937286 -4.613468170166016 0.25368908047676086 6.476022720336914
2 0.517918586730957 0.13584956526756287 -2.545656204223633 0.14357373118400574 4.293033123016357
2 0.47649022936820984 0.29722705483436584 -6.669928073883057 0.3083573281764984 8.446151733398438
0 0.46453219652175903 -0.922895073890686 0.5783860683441162 2.834644317626953 0.61128830909729
2 0.43539413809776306 0.2261878103017807 -6.781778335571289 0.23434193432331085 8.551766395568848
3 0.4110085070133209 0.2776992619037628 0.8064377903938293 0.6337472200393677 0.933169424533844
0 0.4070231318473816 -0.6280639171600342 0.48016297817230225 2.3230583667755127 0.502873957157135
0 0.3893604278564453 -1.1551787853240967 0.6021127700805664 3.000575304031372 0.6289339065551758
2 0.3834006190299988 0.27966195344924927 -7.267521858215332 0.294516384601593 9.134556770324707
3 0.3816772699356079 0.7106516361236572 0.8243349194526672 0.971142053604126 0.963614284992218
2 0.37304162979125977 0.2887263298034668 -7.066958904266357 0.3024493455886841 8.925835609436035
1 0.370418518781662 0.7434736490249634 0.32658910751342773 0.808722972869873 0.41002339124679565
1 0.3699894845485687 0.7637264132499695 0.3577425479888916 0.8250465989112854 0.44359999895095825
2 0.3685940206050873 0.3187926709651947 -6.888065814971924 0.3321434557437897 8.737906455993652
2 0.36831164360046387 0.2619726061820984 -7.689235210418701 0.27485984563827515 9.559613227844238
0 0.3681418001651764 -0.5965086221694946 0.5903191566467285 2.35646390914917 0.6150987148284912
3 0.3674742877483368 0.5755046606063843 0.7480389475822449 0.8460313081741333 0.8974633812904358
3 0.3670891225337982 0.15143541991710663 0.8375666737556458 0.48571985960006714 0.9762203097343445
2 0.3654230237007141 0.2673999071121216 -7.8137125968933105 0.2803094983100891 9.68942642211914
1 0.36430624127388 0.7888255715370178 0.22830432653427124 0.8767289519309998 0.31395846605300903
