4 0.5932961702346802 -0.5103781223297119 0.5895546674728394 2.453577995300293 0.6486905813217163
4 0.569804847240448 -0.30323290824890137 0.6349473595619202 2.197802782058716 0.6815027594566345
4 0.5625580549240112 -0.1641925573348999 0.5236635804176331 1.8548156023025513 0.5702294707298279
4 0.5618500113487244 -0.5342279672622681 0.685205340385437 2.328878879547119 0.7165969610214233
4 0.485860675573349 -0.6871575117111206 0.6753135323524475 2.4852027893066406 0.7070687413215637
2 0.368401437997818 0.9052721858024597 0.31256765127182007 0.9430593848228455 0.3305460810661316
3 0.368364542722702 -0.05086669325828552 0.8360845446586609 0.24444279074668884 0.9792553782463074
3 0.3661717474460602 0.4502330422401428 0.7943734526634216 0.7094215750694275 0.9402201771736145
4 0.36475563049316406 0.6157227754592896 0.7476081848144531 1.1352027654647827 0.8273442983627319
2 0.35694873332977295 0.1907077580690384 -3.4729623794555664 0.2162574976682663 5.29833984375
2 0.35644277930259705 0.8620820045471191 0.4836250841617584 0.8901801109313965 0.5011860132217407
3 0.3349272608757019 0.27506449818611145 0.8169827461242676 0.6545233726501465 0.9399803876876831
4 0.33412352204322815 0.008451990783214569 0.8620991706848145 0.2408527135848999 0.9491167068481445
2 0.3289029598236084 0.200198233127594 -1.677935242652893 0.2075423002243042 3.4123048782348633
3 0.32397031784057617 0.37823420763015747 0.7095788717269897 0.6393892168998718 0.8522381782531738
0 0.32279321551322937 0.6899891495704651 0.2096901684999466 0.7764090895652771 0.24990378320217133
3 0.3201947808265686 0.510029673576355 0.7620567679405212 0.8170192241668701 0.8920009732246399
2 0.31636515259742737 0.3299224376678467 -5.777692794799805 0.34039849042892456 7.555919647216797
1 0.3161284327507019 0.6054069995880127 0.16627690196037292 0.6752239465713501 0.2057836949825287
0 0.3142460584640503 0.6906296610832214 0.23738422989845276 0.7790805697441101 0.28809604048728943
