0 0.4823238253593445 0.1424877643585205 0.32970792055130005 0.734208345413208 0.8228012919425964
0 0.4822525680065155 -0.9002957344055176 0.4972934126853943 2.7523703575134277 0.522519052028656
0 0.43420177698135376 -0.7600163221359253 0.5093643665313721 2.5934181213378906 0.5393540859222412
2 0.43182894587516785 0.3153945505619049 -6.447361946105957 0.32678964734077454 8.269614219665527
2 0.428871214389801 0.09590015560388565 0.8673133254051208 0.2663396894931793 0.9612361788749695
1 0.3973585069179535 0.7130407691001892 0.1058771014213562 0.8203949332237244 0.17525160312652588
1 0.3865102529525757 0.7288479208946228 0.12577207386493683 0.8160517811775208 0.2007727473974228
2 0.3816724121570587 0.16843703389167786 -2.320732831954956 0.17404523491859436 4.0921125411987305
2 0.37930524349212646 0.2828332483768463 -5.5953264236450195 0.2924959361553192 7.394451141357422
2 0.37362927198410034 0.2905306816101074 -6.145636081695557 0.30037856101989746 7.956784725189209
4 0.37000152468681335 -0.7371559143066406 0.5528611540794373 2.661432981491089 0.5864216685295105
4 0.3647065758705139 -0.9700624942779541 0.5721736550331116 2.8343493938446045 0.5993934273719788
2 0.3640134632587433 0.6959723830223083 0.35936763882637024 0.8524081110954285 0.5237696170806885
1 0.3481261730194092 0.6898982524871826 0.13201220333576202 0.7588433027267456 0.2115495651960373
2 0.34247732162475586 0.9025360345840454 0.28876376152038574 1.009907603263855 0.4714641571044922
0 0.3320986032485962 0.3376827538013458 0.6587575674057007 0.7839415073394775 0.9170299768447876
2 0.3309551775455475 0.7700791954994202 0.31237173080444336 0.8862244486808777 0.5034152865409851
2 0.3285742700099945 0.220754936337471 -6.978854179382324 0.23177550733089447 8.820237159729004
2 0.3235507309436798 0.4835258424282074 0.3913227915763855 0.6917217969894409 0.5339289307594299
2 0.3145175576210022 0.7945122122764587 0.2782618999481201 0.919708788394928 0.44620656967163086
