1 0.39540302753448486 0.21834249794483185 -8.528314590454102 0.23054765164852142 10.343902587890625
3 0.3683388829231262 0.47989338636398315 0.7475345134735107 0.7277215123176575 0.9145212173461914
1 0.36017856001853943 0.20361480116844177 -8.190642356872559 0.2162005603313446 10.008931159973145
2 0.35796546936035156 0.13171879947185516 -2.2957262992858887 0.14121372997760773 4.026673316955566
1 0.34946107864379883 0.23028071224689484 -7.934473514556885 0.24063025414943695 9.756638526916504
2 0.3480381369590759 0.9190505743026733 0.3566741347312927 0.9428704977035522 0.3751724362373352
2 0.34149521589279175 0.05766034126281738 0.5997838377952576 0.19578534364700317 0.7352185845375061
1 0.33883193135261536 0.6748334169387817 0.31421682238578796 0.7053829431533813 0.3859459459781647
1 0.3340834379196167 0.7387458682060242 0.27060455083847046 0.7715690732002258 0.33405572175979614
2 0.33400943875312805 0.23415422439575195 0.3867507576942444 0.6787568926811218 0.6236949563026428
0 0.322543740272522 -0.5217543840408325 0.574938952922821 2.4394149780273438 0.6057036519050598
2 0.3217828869819641 0.3587417006492615 0.7687771916389465 0.6269306540489197 0.9234548211097717
3 0.32151755690574646 0.132850781083107 0.7763959169387817 0.40062040090560913 0.9316009283065796
1 0.3214137852191925 0.719147801399231 0.32831987738609314 0.7564862966537476 0.40141406655311584
3 0.3188515305519104 0.6287641525268555 0.7741965651512146 0.8646090030670166 0.9412699341773987
2 0.3170323073863983 -0.855927586555481 0.657746434211731 2.639416217803955 0.6844654083251953
1 0.3137100636959076 0.6760208606719971 0.16942429542541504 0.7194435596466064 0.24586445093154907
2 0.31345075368881226 0.8746528625488281 0.5170279145240784 0.8889889717102051 0.5329273343086243
2 0.30895963311195374 0.22596386075019836 0.30256950855255127 0.7062381505966187 0.5192521810531616
2 0.3088872730731964 0.8532808423042297 0.8391934633255005 0.9443132281303406 1.0259586572647095
