2 0.4270724654197693 0.2626766562461853 -8.481890678405762 0.2828156352043152 10.332592964172363
2 0.4180296063423157 0.15638099610805511 -2.409695625305176 0.16264666616916656 4.179989337921143
2 0.3999151885509491 0.27165094017982483 -8.184786796569824 0.2882789075374603 10.021834373474121
4 0.39526474475860596 0.25550687313079834 0.24865710735321045 0.7443634867668152 0.6662649512290955
2 0.3917287290096283 0.22614310681819916 -6.01169490814209 0.2330992966890335 7.777131080627441
3 0.3885982036590576 0.4541580080986023 0.8026509881019592 0.7077667117118835 0.947689950466156
2 0.38591334223747253 0.2581999599933624 -7.12233304977417 0.26867541670799255 8.994588851928711
4 0.37049561738967896 -1.0519189834594727 0.6143421530723572 2.8637607097625732 0.6362543702125549
1 0.36707139015197754 -1.7275701761245728 0.5487645268440247 3.563066005706787 0.5616984963417053
1 0.36326301097869873 -1.1561026573181152 0.5600787997245789 3.0274581909179688 0.5717052817344666
1 0.35861313343048096 0.7287072539329529 0.21339307725429535 0.7823916077613831 0.2853124737739563
4 0.3581385612487793 -1.1950442790985107 0.5531504154205322 3.0660059452056885 0.5674084424972534
1 0.3581048548221588 0.6939455270767212 0.27368494868278503 0.7626852989196777 0.33749595284461975
2 0.35717329382896423 0.27958130836486816 -6.784348487854004 0.29002153873443604 8.574760437011719
2 0.3525233268737793 0.9205340147018433 0.3512956500053406 0.9509850740432739 0.3690674304962158
1 0.3496890962123871 -0.011437848210334778 0.8794535994529724 0.2401939183473587 0.942816436290741
2 0.34467369318008423 0.200905904173851 -4.402160167694092 0.2184612900018692 6.215895175933838
1 0.3434848487377167 0.6443350315093994 0.24435901641845703 0.7011336088180542 0.3047875165939331
3 0.3356912136077881 0.33692049980163574 0.8446019887924194 0.7295678853988647 0.9666744470596313
4 0.3237905502319336 0.2153191864490509 -7.427238464355469 0.22804680466651917 9.232099533081055
