4 0.48105764389038086 -1.7970519065856934 0.5433982610702515 3.6549415588378906 0.5640692710876465
2 0.4550269544124603 0.233395054936409 -5.12583065032959 0.24401460587978363 6.868005752563477
4 0.44122421741485596 -0.8757920265197754 0.6121503114700317 2.712217092514038 0.6339597702026367
4 0.4409700334072113 -1.5226860046386719 0.5913410186767578 3.335277557373047 0.6137068271636963
2 0.4340709149837494 0.30199411511421204 -4.97137975692749 0.3253360092639923 6.735636234283447
4 0.4339364469051361 -1.6349401473999023 0.565437912940979 3.470949649810791 0.5903638601303101
2 0.41625863313674927 0.16608066856861115 -2.2517971992492676 0.17289195954799652 3.988402843475342
0 0.38767313957214355 0.2780681848526001 0.2966859042644501 0.8564037084579468 0.8117368221282959
2 0.3576436936855316 0.044683270156383514 0.8883713483810425 0.2749788761138916 0.9421290159225464
2 0.35054853558540344 0.18620285391807556 -4.5490007400512695 0.19266578555107117 6.378535270690918
2 0.3418561518192291 0.8337022066116333 0.3950232267379761 0.9514356851577759 0.592022716999054
2 0.3339104652404785 0.6579881906509399 0.31782108545303345 1.1126888990402222 0.47354376316070557
2 0.3254927396774292 0.7168959379196167 0.5476641058921814 0.9915221929550171 0.7713239789009094
2 0.3250899910926819 0.9243530631065369 0.38222283124923706 0.9565896391868591 0.3994733691215515
2 0.32237181067466736 0.21103350818157196 0.19730281829833984 0.6849231123924255 0.7274514436721802
2 0.30963975191116333 -0.04585754871368408 0.7902335524559021 0.3201102018356323 0.9175525307655334
2 0.30859315395355225 0.5726184844970703 0.5203644037246704 1.199390172958374 0.7228386402130127
2 0.3077613413333893 0.5332162380218506 0.025520212948322296 1.2410593032836914 0.2751297354698181
4 0.3076573610305786 0.22585135698318481 -7.569283485412598 0.2309296727180481 9.420960426330566
2 0.30633312463760376 0.2185335010290146 0.5498889088630676 0.6970020532608032 0.7823585867881775
