4 0.5366990566253662 -1.1957465410232544 0.583179771900177 3.0319995880126953 0.6053034663200378
4 0.49069732427597046 -1.856760025024414 0.5705457329750061 3.68264102935791 0.5919285416603088
2 0.4219436049461365 0.13321131467819214 -2.4470155239105225 0.14179760217666626 4.201003074645996
2 0.39903154969215393 0.22134312987327576 -9.979015350341797 0.2349843680858612 11.820018768310547
4 0.3929154872894287 -0.7879178524017334 0.5623241662979126 2.6538095474243164 0.5930534601211548
2 0.36656835675239563 0.02112799882888794 0.8805801272392273 0.265982985496521 0.9361208081245422
3 0.35894274711608887 0.5154416561126709 0.7294508814811707 0.8177759647369385 0.8940399289131165
2 0.34366974234580994 0.17444275319576263 -8.293200492858887 0.18222035467624664 10.059760093688965
2 0.34064438939094543 0.9247013926506042 0.34529945254325867 0.9571846127510071 0.3621339499950409
3 0.33436119556427 0.41263121366500854 0.7428879141807556 0.6556854844093323 0.8973255753517151
3 0.33008942008018494 0.6818397641181946 0.7478334903717041 0.9555782675743103 0.9275882244110107
4 0.3211931884288788 -0.9014915227890015 0.5493606925010681 2.7984609603881836 0.5767268538475037
1 0.31322771310806274 0.606293797492981 0.487373948097229 0.6554697751998901 0.5651990175247192
4 0.31174859404563904 -0.284464955329895 0.472957044839859 1.982465386390686 0.4964663088321686
2 0.3111203908920288 0.28980910778045654 0.5665233731269836 0.46574509143829346 0.6746373772621155
2 0.3075781762599945 0.12295328080654144 0.31999635696411133 0.548469066619873 0.6394827961921692
4 0.2998316287994385 -0.7495396137237549 0.5338897705078125 2.6502115726470947 0.5674166679382324
0 0.29746508598327637 0.15156301856040955 0.3435693681240082 0.7084702253341675 0.847831130027771
0 0.29648834466934204 0.25927048921585083 -7.041638374328613 0.2718750834465027 8.858964920043945
0 0.29320842027664185 0.3202527165412903 0.30936896800994873 0.5954591631889343 0.5198589563369751
