2 0.6089587211608887 0.21104055643081665 -3.6808884143829346 0.2297990322113037 5.488619327545166
3 0.3977372348308563 0.053603097796440125 0.8617361783981323 0.22519554197788239 0.9610967636108398
2 0.38673916459083557 0.21171365678310394 -7.260952472686768 0.22011812031269073 9.090051651000977
3 0.381571501493454 0.22324275970458984 0.8248814940452576 0.5458043813705444 0.9605301022529602
2 0.37958046793937683 0.2947803735733032 -6.695981025695801 0.31660544872283936 8.531572341918945
2 0.3767593502998352 0.8943800330162048 0.3857460618019104 0.9290469288825989 0.40711158514022827
1 0.37631678581237793 -0.3483457565307617 0.5859016180038452 2.1858510971069336 0.624467134475708
2 0.37059271335601807 0.33679431676864624 0.2565479874610901 0.7938098311424255 0.7429738640785217
1 0.36827829480171204 -0.6337921023368835 0.5432316660881042 2.5147781372070312 0.5802374482154846
1 0.3664330840110779 -0.24562573432922363 0.4451386630535126 1.917898416519165 0.4666058123111725
2 0.355263352394104 0.887407660484314 0.3985470235347748 0.9387232065200806 0.4375479519367218
1 0.35257914662361145 0.27962231636047363 -6.307717323303223 0.2983189821243286 8.102018356323242
2 0.3461977243423462 0.8982436656951904 0.37751540541648865 0.9558403491973877 0.4161647856235504
2 0.3444851040840149 0.3104996979236603 -6.608502388000488 0.32598432898521423 8.440163612365723
3 0.3434518575668335 -0.0008875206112861633 0.8399448394775391 0.19760364294052124 0.9321112632751465
3 0.3421148657798767 0.2607543170452118 0.7668615579605103 0.5348457098007202 0.9128601551055908
2 0.3401463031768799 0.8928956389427185 0.3595808446407318 0.9438837170600891 0.4018334448337555
2 0.3370685577392578 0.8744328022003174 0.4704485535621643 0.9403983354568481 0.5061864256858826
2 0.3333682119846344 0.04957691580057144 0.8147116899490356 0.2909863293170929 0.8684259653091431
3 0.3275314271450043 0.425564169883728 0.2956371307373047 0.7132090330123901 0.6816798448562622
