1 0.43667396903038025 0.26652559638023376 -8.458139419555664 0.2753233015537262 10.286653518676758
2 0.3931393623352051 0.30780327320098877 -5.6688690185546875 0.3182494640350342 7.45368766784668
2 0.3930395841598511 0.22539161145687103 -8.356260299682617 0.24067999422550201 10.175485610961914
1 0.390583336353302 0.7804290056228638 0.36013683676719666 0.8215724229812622 0.4342639744281769
2 0.38239747285842896 0.21634440124034882 -7.57421875 0.23608948290348053 9.384237289428711
1 0.37154537439346313 0.8410945534706116 0.3061050772666931 0.8853917717933655 0.38534456491470337
2 0.3708588480949402 0.24127605557441711 -4.655639171600342 0.2605809271335602 6.481348514556885
3 0.36643800139427185 0.5471879243850708 0.7826117873191833 0.8561559915542603 0.898963987827301
1 0.36301133036613464 0.7638874053955078 0.23804908990859985 0.8170535564422607 0.31589823961257935
3 0.3608977794647217 0.5493271350860596 0.8279483914375305 0.8844830989837646 0.9518854022026062
2 0.3561702370643616 0.32509690523147583 -6.48377799987793 0.33891040086746216 8.315217018127441
3 0.3492017686367035 0.040963202714920044 0.7598419189453125 0.33624789118766785 0.9107263088226318
1 0.34375953674316406 0.7723436951637268 0.3368726074695587 0.8007342219352722 0.4175669848918915
2 0.343093603849411 0.8819387555122375 0.8348364233970642 0.971343457698822 1.0218148231506348
1 0.338739812374115 0.773391604423523 0.12273672223091125 0.8387364149093628 0.20858171582221985
3 0.33681297302246094 -0.01973116397857666 0.8675469160079956 0.20563620328903198 0.9460264444351196
1 0.32825708389282227 0.7195908427238464 0.34305307269096375 0.7520752549171448 0.41415420174598694
2 0.32655736804008484 0.09151193499565125 0.3823169469833374 0.20058926939964294 0.5257716774940491
1 0.3210499584674835 0.8208819031715393 0.3483204245567322 0.8569428324699402 0.40892457962036133
2 0.3207174241542816 0.2480040341615677 -6.278909683227539 0.2685011029243469 8.101091384887695
