2 0.48364606499671936 0.16878755390644073 -2.1062591075897217 0.18124262988567352 3.8960988521575928
2 0.4791656732559204 0.2657940983772278 0.8016433715820312 0.5778866410255432 0.9294925928115845
0 0.44365426898002625 -1.3181158304214478 0.6494578123092651 3.1254234313964844 0.6722195148468018
2 0.4417036175727844 0.2501698434352875 -6.589601516723633 0.25830963253974915 8.36227035522461
0 0.4317856729030609 -1.5968077182769775 0.6243351697921753 3.3932607173919678 0.6455874443054199
0 0.4117051661014557 -1.4835069179534912 0.6084977984428406 3.280872106552124 0.6293426156044006
2 0.40670642256736755 0.043015897274017334 0.6177073121070862 0.3026992082595825 0.8519065976142883
2 0.4033741354942322 0.40853074193000793 0.43484774231910706 0.45461663603782654 0.5232694149017334
2 0.40144169330596924 0.18864057958126068 0.18630775809288025 0.6512405276298523 0.7678507566452026
2 0.39925894141197205 0.3960351049900055 0.40716832876205444 0.45194682478904724 0.495474636554718
2 0.39291512966156006 0.41237911581993103 0.45748424530029297 0.4626877009868622 0.5430768728256226
2 0.3893401622772217 0.4123634994029999 0.3712567985057831 0.47304651141166687 0.45611271262168884
2 0.38902753591537476 0.3786415457725525 0.4520927965641022 0.43416470289230347 0.5337911248207092
2 0.38717249035835266 0.3722746968269348 0.40372201800346375 0.43808501958847046 0.48669466376304626
2 0.3856280744075775 0.39449846744537354 0.6088119149208069 0.4199399948120117 0.684163510799408
1 0.383779376745224 0.7470417022705078 0.31880033016204834 0.8321566581726074 0.37527668476104736
3 0.37395724654197693 0.5134307742118835 0.7770061492919922 0.83111172914505 0.9126729965209961
0 0.37369754910469055 -1.4345810413360596 0.5916609764099121 3.2070248126983643 0.6161918640136719
1 0.372833251953125 0.6860224008560181 0.2853057384490967 0.7675278186798096 0.3387836813926697
2 0.37112295627593994 0.31964635848999023 -4.982366561889648 0.3302417993545532 6.781347274780273
