1 0.3832990527153015 0.8339965343475342 0.3457852005958557 0.883063793182373 0.4123275876045227
1 0.3825642168521881 0.830072283744812 0.3623397648334503 0.8631794452667236 0.4356880486011505
1 0.3750852346420288 0.769716739654541 0.24748916923999786 0.8018698692321777 0.31742194294929504
1 0.3727059066295624 0.8485695123672485 0.3954470753669739 0.8766714334487915 0.4621931314468384
2 0.37146633863449097 -0.008086249232292175 0.8585234880447388 0.2931819558143616 0.9513193368911743
2 0.36359384655952454 0.20785824954509735 0.5411528944969177 0.620994508266449 0.7818713784217834
2 0.3581303656101227 0.9259229302406311 0.38598233461380005 0.9544782042503357 0.4048779606819153
2 0.357934832572937 0.016570165753364563 0.6527721881866455 0.1809992641210556 0.7802326679229736
3 0.3572706878185272 0.44086048007011414 0.7912813425064087 0.9074447154998779 0.9068480730056763
4 0.3547697961330414 0.2587198317050934 -5.660919189453125 0.2727530896663666 7.480510711669922
2 0.3517930507659912 0.864311933517456 0.4578590393066406 0.9714972972869873 0.6353973150253296
1 0.34885135293006897 0.7427257299423218 0.28511637449264526 0.8020085096359253 0.360298216342926
2 0.34751051664352417 0.9202827215194702 0.5663823485374451 0.9386519193649292 0.582419216632843
1 0.3457571566104889 0.2768280506134033 -6.4846391677856445 0.2903585433959961 8.28969669342041
2 0.3436294496059418 0.2743324637413025 0.3033357262611389 0.7706950306892395 0.6843700408935547
2 0.3419276177883148 -0.06164082884788513 0.8209555745124817 0.3158573806285858 1.04837167263031
2 0.33362454175949097 0.29389214515686035 0.6752876043319702 0.500755250453949 0.805641770362854
0 0.33283019065856934 -0.6556565165519714 0.6151421666145325 2.433119297027588 0.6302726864814758
0 0.3322034776210785 -0.3164416551589966 0.5914638638496399 2.070169448852539 0.6068903803825378
2 0.3288305103778839 0.882919192314148 0.8672546148300171 0.976945161819458 1.0322189331054688
