2 0.7656517624855042 0.1910983920097351 -5.294535160064697 0.206260085105896 7.144047260284424
2 0.5204676985740662 0.2022014856338501 -6.537906646728516 0.2135753035545349 8.364666938781738
3 0.4651973247528076 0.23083198070526123 0.7858086824417114 0.6020189523696899 0.921967625617981
3 0.44446155428886414 0.5175727605819702 0.7917395830154419 0.9013488292694092 0.9329842329025269
1 0.39675599336624146 0.2699853777885437 0.07067012786865234 0.675849974155426 0.8776195645332336
3 0.38608863949775696 -0.046043261885643005 0.8087245225906372 0.3934769034385681 0.9358183145523071
2 0.38335120677948 -0.574006199836731 0.5232910513877869 2.3718271255493164 0.557383120059967
0 0.3570711612701416 -0.24773502349853516 0.8010937571525574 0.41857123374938965 1.0402889251708984
2 0.3413814604282379 0.9097120761871338 0.38706687092781067 0.9452688694000244 0.40508702397346497
4 0.34058207273483276 -0.6467522382736206 0.5549347400665283 2.49324369430542 0.5800374746322632
1 0.33879369497299194 0.25000134110450745 0.22945231199264526 0.5460712909698486 0.7988184094429016
2 0.33855435252189636 0.6442618370056152 0.3435742259025574 0.8148876428604126 0.5007007122039795
2 0.3376845121383667 0.8304025530815125 0.8431626558303833 0.9424231648445129 0.9880228042602539
2 0.33528512716293335 -0.010918796062469482 0.8670071959495544 0.3012552261352539 0.9560429453849792
2 0.3302818834781647 0.18047605454921722 -2.196913242340088 0.18449319899082184 3.982456684112549
2 0.3293360769748688 0.2357359230518341 -6.444086074829102 0.24839213490486145 8.269097328186035
2 0.3272238075733185 0.38810664415359497 0.29989850521087646 0.8040154576301575 0.7639127969741821
2 0.32173165678977966 0.5836981534957886 0.5811085104942322 0.7263485193252563 0.7442710995674133
0 0.32065773010253906 -1.2177648544311523 0.5883384943008423 2.9477524757385254 0.6066851615905762
3 0.3192345201969147 0.32394883036613464 0.8556916117668152 0.5554332733154297 0.9449196457862854
