1 0.43781617283821106 0.237424835562706 -6.380919456481934 0.24993588030338287 8.200072288513184
3 0.3938272297382355 0.5891464352607727 0.7538370490074158 0.9305493235588074 0.8749580979347229
3 0.38349828124046326 0.5758474469184875 0.798480212688446 0.8735187649726868 0.9241226315498352
2 0.3750876486301422 0.9000900983810425 0.38075897097587585 0.9257887601852417 0.39959511160850525
1 0.37095850706100464 0.7135427594184875 0.3178636431694031 0.7546884417533875 0.3852989077568054
1 0.3549889922142029 0.73146653175354 0.29695624113082886 0.802166223526001 0.34924930334091187
2 0.34648042917251587 0.8558587431907654 0.8689454793930054 0.948466956615448 1.0344434976577759
2 0.34639155864715576 0.9327406883239746 0.5278305411338806 0.9483027458190918 0.5435414910316467
1 0.3439946174621582 0.7479559779167175 0.4186093807220459 0.7800629734992981 0.49233710765838623
1 0.3349789083003998 0.22249862551689148 -6.210729122161865 0.2441159188747406 8.028078079223633
1 0.33440715074539185 -1.065042495727539 0.6190190315246582 2.888690233230591 0.6378341913223267
3 0.3313397169113159 0.41848164796829224 0.8237825632095337 0.595113217830658 0.905393123626709
1 0.3310246765613556 -1.7882084846496582 0.5977799892425537 3.620969295501709 0.6165627241134644
2 0.33085307478904724 0.15934264659881592 -1.8737196922302246 0.16770732402801514 3.6304659843444824
2 0.32809555530548096 0.7862265706062317 0.36256083846092224 0.8823217749595642 0.5690916776657104
1 0.3261333405971527 0.7498819231987 0.21089571714401245 0.8395224213600159 0.30108100175857544
1 0.32338181138038635 0.7264174818992615 0.20056834816932678 0.7653855681419373 0.28219518065452576
1 0.32230353355407715 0.7806365489959717 0.3458687365055084 0.850543737411499 0.39089104533195496
1 0.31975722312927246 -0.662749171257019 0.4748178720474243 2.328990936279297 0.4951499104499817
1 0.3186793029308319 0.7304242849349976 0.3490099012851715 0.7606164216995239 0.4264179766178131
