2 0.4755151867866516 0.21994458138942719 0.7670280337333679 0.5402706861495972 0.9067519307136536
2 0.4697834253311157 -0.015864461660385132 0.8306309580802917 0.2753812372684479 1.0045708417892456
2 0.42430779337882996 0.7858816981315613 0.17323170602321625 0.8378549218177795 0.26972150802612305
2 0.3914884328842163 0.22593054175376892 -4.028927803039551 0.24846753478050232 5.842922210693359
2 0.37492379546165466 0.8911830186843872 0.5102869272232056 0.9268568754196167 0.5271936655044556
2 0.3722030818462372 0.8722761869430542 0.4122016131877899 0.9165409803390503 0.43375536799430847
2 0.36732038855552673 0.04471816122531891 0.7887453436851501 0.44677138328552246 0.9274014830589294
2 0.3538074493408203 0.16150672733783722 -5.242705345153809 0.1799088567495346 7.046669960021973
3 0.35257112979888916 0.5076999068260193 0.7401658892631531 0.7835224270820618 0.8985560536384583
2 0.3499321937561035 0.37537574768066406 0.6144794225692749 0.5378730297088623 0.716750979423523
2 0.3348628580570221 0.19653642177581787 0.34694939851760864 0.40839052200317383 0.45191019773483276
2 0.3337135314941406 0.4573499262332916 0.37581193447113037 0.5134671926498413 0.4630749225616455
2 0.3309047520160675 0.7783783674240112 0.2484273910522461 0.9759176969528198 0.39433664083480835
2 0.3299042582511902 0.4195946455001831 0.3747139871120453 0.468220055103302 0.47267434000968933
2 0.3297728896141052 0.5070042610168457 0.3746733069419861 0.5555787086486816 0.4715539216995239
2 0.3297639489173889 0.7572773098945618 0.2885572016239166 0.915675699710846 0.46374937891960144
2 0.329674631357193 0.17081978917121887 -6.939999580383301 0.1830594837665558 8.760204315185547
2 0.32890549302101135 0.09479323774576187 0.8187709450721741 0.34424880146980286 0.9256700873374939
2 0.3286280035972595 0.49913156032562256 0.6105875968933105 0.5390658378601074 0.7106871604919434
2 0.325595498085022 0.9138140082359314 0.5065317153930664 0.961123526096344 0.5280919075012207
