2 0.5111929178237915 0.7835392951965332 0.5037523508071899 0.8006594181060791 0.5844482183456421
2 0.4972516596317291 0.661444902420044 0.6026580333709717 0.6919863224029541 0.6726140975952148
2 0.4817003309726715 0.6669776439666748 0.5791090726852417 0.6881263256072998 0.6638840436935425
2 0.4757014513015747 0.7046383023262024 0.537079393863678 0.739034116268158 0.6172426342964172
2 0.4480927586555481 0.7638589143753052 0.5431487560272217 0.7845339775085449 0.6175757646560669
2 0.44089964032173157 0.7318819761276245 0.5231507420539856 0.7526794672012329 0.5811582207679749
2 0.38157907128334045 0.45433157682418823 0.7109418511390686 0.7051538825035095 0.8820714354515076
2 0.3738996982574463 0.09004062414169312 0.5126720666885376 0.22446399927139282 0.6315826177597046
2 0.3715062141418457 0.880045473575592 0.3450963497161865 0.9139241576194763 0.36254870891571045
2 0.37111082673072815 0.8847100138664246 0.5377645492553711 0.9056220650672913 0.5528867244720459
2 0.3688281774520874 0.7108281254768372 0.4626803398132324 0.7779679894447327 0.7163444757461548
2 0.3683099150657654 0.26095765829086304 0.5903856754302979 0.389129102230072 0.719538688659668
2 0.36536046862602234 0.7508611083030701 0.46047693490982056 0.8277316689491272 0.6920773386955261
2 0.3623898923397064 0.20957495272159576 0.5971462726593018 0.3347231149673462 0.7239121198654175
2 0.3610396087169647 0.298555850982666 0.6373710036277771 0.4374280571937561 0.7617630362510681
2 0.3598991632461548 0.09625595062971115 0.6904658079147339 0.19723260402679443 0.8192702531814575
2 0.35947856307029724 0.8886979818344116 0.4948608875274658 0.9328951835632324 0.5390621423721313
2 0.35582470893859863 0.9043962359428406 0.5416374802589417 0.932222306728363 0.5636712908744812
2 0.3554488718509674 0.872908890247345 0.47922927141189575 0.9175350069999695 0.5174955129623413
2 0.3551836311817169 0.661287248134613 0.2683374285697937 0.8033350110054016 0.4422253966331482
