2 0.5115684866905212 0.14556215703487396 -3.0872349739074707 0.1510440856218338 4.870406627655029
4 0.4930890202522278 -1.752814769744873 0.6051872968673706 3.464113235473633 0.6260479688644409
4 0.4894959032535553 -1.9947948455810547 0.6154316663742065 3.6947011947631836 0.6364496946334839
4 0.4511730372905731 -2.1352500915527344 0.5925574898719788 3.8505191802978516 0.6144842505455017
2 0.44639191031455994 0.22049081325531006 -6.204021453857422 0.2267301082611084 7.975253105163574
4 0.4032554030418396 -1.0110477209091187 0.5684335231781006 2.873499870300293 0.5956534147262573
2 0.40028294920921326 0.25729984045028687 -7.116660118103027 0.2636421322822571 8.920437812805176
4 0.3994308412075043 -1.3354029655456543 0.5985399484634399 3.033186435699463 0.6203433275222778
4 0.39873313903808594 -1.6403847932815552 0.5872434973716736 3.3444480895996094 0.60609370470047
2 0.3809507191181183 0.22288765013217926 -3.9915432929992676 0.2405584305524826 5.796772480010986
1 0.35311219096183777 0.7264173626899719 0.37582623958587646 0.8041896224021912 0.4403858780860901
1 0.3485867977142334 0.7482872605323792 0.40326640009880066 0.8287785649299622 0.46124139428138733
1 0.345458060503006 -0.03792715072631836 0.8569461703300476 0.31307244300842285 0.9058817028999329
1 0.34544995427131653 -0.05778762698173523 0.8294780254364014 0.3487115204334259 0.8859138488769531
1 0.3394191861152649 0.6928695440292358 0.4065735340118408 0.7614012956619263 0.46303045749664307
2 0.3355211615562439 0.9102330207824707 0.36648988723754883 0.9385836124420166 0.3843151330947876
1 0.3325684666633606 0.687721848487854 0.4250408113002777 0.7472617626190186 0.4822860062122345
1 0.32998886704444885 0.7238063216209412 0.32947447896003723 0.7816978096961975 0.386152058839798
2 0.3266884386539459 0.8168795704841614 0.8714298605918884 0.9614614844322205 1.002145767211914
1 0.3260882496833801 0.5812435150146484 0.22500991821289062 0.735356330871582 0.28556668758392334
