4 0.40466323494911194 -1.0615496635437012 0.5325823426246643 2.9458470344543457 0.5595118403434753
2 0.39058437943458557 0.22794558107852936 -5.888949394226074 0.2484562247991562 7.677812576293945
2 0.37267330288887024 0.02284824848175049 0.35809558629989624 0.751593828201294 0.712920606136322
2 0.36591407656669617 0.2623414397239685 -4.816952705383301 0.2751966714859009 6.58790397644043
3 0.35125845670700073 0.5942806005477905 0.8102829456329346 0.9235547780990601 0.9309790134429932
1 0.34185945987701416 -1.7739746570587158 0.580724835395813 3.5865399837493896 0.6048426628112793
2 0.34092026948928833 0.10258114337921143 0.44981837272644043 0.6747708320617676 0.8073973655700684
2 0.33978918194770813 0.18039444088935852 -4.54845666885376 0.19856521487236023 6.385927677154541
2 0.3359616994857788 -0.023255586624145508 0.7472383975982666 0.32227587699890137 0.9122064113616943
2 0.33255305886268616 0.8056318759918213 0.3854861855506897 0.9020283222198486 0.5750970840454102
2 0.3318873643875122 0.1491544097661972 -2.090522289276123 0.1553151160478592 3.8665757179260254
2 0.3315194845199585 0.2268734723329544 -4.732788562774658 0.23432837426662445 6.5092644691467285
2 0.32352232933044434 0.11153494566679001 0.6879202127456665 0.23767691850662231 0.8040395975112915
2 0.3187085688114166 0.21331879496574402 -6.690101623535156 0.23726817965507507 8.478140830993652
4 0.31833696365356445 -0.994917094707489 0.5692418813705444 2.8288803100585938 0.5953978300094604
2 0.31772539019584656 0.8741778135299683 0.8410094976425171 0.989991307258606 1.0047980546951294
2 0.31750422716140747 0.9360980987548828 0.3558216691017151 0.9679334163665771 0.375358521938324
1 0.3165820240974426 -1.5288662910461426 0.5905279517173767 3.3307547569274902 0.6144900918006897
2 0.3163291811943054 0.7124594449996948 0.2883928716182709 0.8558517694473267 0.43293753266334534
2 0.31324994564056396 0.24184001982212067 0.5754601955413818 0.3785315155982971 0.6974093914031982
