2 0.42185086011886597 0.14072105288505554 -4.901081085205078 0.17085930705070496 6.734621047973633
1 0.417599081993103 0.31903547048568726 0.1450600028038025 0.8134811520576477 0.7036336660385132
2 0.3951381742954254 0.20002147555351257 -5.725507736206055 0.2351653277873993 7.554949760437012
1 0.3924843966960907 0.7828508615493774 0.41285234689712524 0.8079777956008911 0.47092705965042114
1 0.39108413457870483 0.7880414724349976 0.30181726813316345 0.82984459400177 0.37874332070350647
1 0.38818225264549255 0.7699669003486633 0.21364614367485046 0.8131265044212341 0.29491570591926575
2 0.38467100262641907 0.14858673512935638 -2.3910672664642334 0.15766669809818268 4.124297142028809
0 0.382138729095459 0.10562977194786072 0.22388127446174622 0.642280101776123 0.7618407011032104
2 0.38195332884788513 0.23719286918640137 -6.731338024139404 0.26185518503189087 8.553436279296875
1 0.38042670488357544 0.8165273666381836 0.24533692002296448 0.8701162338256836 0.32801565527915955
2 0.3659633696079254 -0.02771131694316864 0.8664631247520447 0.22174040973186493 0.9723846316337585
1 0.3653727173805237 0.8053784370422363 0.23197497427463531 0.8355218172073364 0.3128441572189331
2 0.3572515845298767 0.2730076014995575 -6.051129341125488 0.2974145710468292 7.881375312805176
2 0.34715333580970764 0.29241371154785156 -4.277720928192139 0.31487953662872314 6.082784175872803
1 0.33472689986228943 0.7327529191970825 0.18290048837661743 0.7729932069778442 0.26002824306488037
2 0.3332739472389221 0.2668350040912628 -5.362804412841797 0.28664156794548035 7.179174423217773
4 0.33162763714790344 0.3443101942539215 0.3165041506290436 0.7539775371551514 0.647884726524353
1 0.324699729681015 0.6213870048522949 0.19244307279586792 0.6915407180786133 0.28348296880722046
2 0.3243994414806366 0.20881180465221405 -6.44229793548584 0.21826548874378204 8.186613082885742
2 0.31895455718040466 0.028056904673576355 0.8776355981826782 0.27853482961654663 0.9293712377548218
