3 0.4467487633228302 0.2949525713920593 0.7652958631515503 0.594870388507843 0.8978852033615112
4 0.4287484288215637 -1.067513108253479 0.6170482039451599 2.7495293617248535 0.6370078921318054
4 0.42055797576904297 -1.0072946548461914 0.5982170701026917 2.8474795818328857 0.6184683442115784
4 0.3961088955402374 -1.3038103580474854 0.5870612859725952 3.007772207260132 0.6069642305374146
2 0.392117440700531 0.15066735446453094 -2.2425851821899414 0.15839709341526031 3.964416980743408
2 0.38947969675064087 0.20013462007045746 -4.4475507736206055 0.21698464453220367 6.305109977722168
3 0.38206297159194946 0.4497550129890442 0.7655179500579834 0.8395258784294128 0.8931671380996704
3 0.3668784499168396 0.5906543135643005 0.7825627326965332 0.9924394488334656 0.9057440757751465
2 0.34562060236930847 0.9089481830596924 0.38879087567329407 0.9411747455596924 0.4082584083080292
1 0.34003254771232605 -0.5819705128669739 0.49956586956977844 2.2468817234039307 0.5190358757972717
3 0.33945873379707336 0.20400600135326385 0.8035738468170166 0.44505929946899414 0.9437782764434814
0 0.32319900393486023 0.09787479043006897 0.39530807733535767 0.5911741256713867 0.7600864768028259
4 0.31932806968688965 -0.05352441966533661 0.84927898645401 0.2586107850074768 0.9721196293830872
2 0.3189263343811035 0.03182607889175415 0.8247789144515991 0.36341190338134766 0.9060695171356201
2 0.31888890266418457 0.8961341977119446 0.5709311366081238 0.9171474575996399 0.5866839289665222
2 0.3185174763202667 0.7615658044815063 0.321001797914505 0.9149352312088013 0.4757862389087677
1 0.3164171278476715 0.674167275428772 0.30420079827308655 0.7106602191925049 0.37220898270606995
2 0.31523358821868896 0.8716424107551575 0.8892124891281128 0.8744623064994812 0.9081701040267944
2 0.31419089436531067 0.23549774289131165 -6.216002464294434 0.2537088096141815 8.074091911315918
0 0.31415727734565735 0.3084102272987366 0.3397294580936432 0.777400553226471 0.7501143217086792
