3 0.4514915347099304 0.5678284764289856 0.83061683177948 1.0655092000961304 0.9516657590866089
2 0.43200820684432983 0.3056500554084778 -6.796785354614258 0.3186303973197937 8.609395980834961
2 0.4092180132865906 0.2248682975769043 -2.1773996353149414 0.2343258261680603 3.8973307609558105
2 0.40272846817970276 0.3472212255001068 -4.933403015136719 0.35948505997657776 6.687387466430664
3 0.39364150166511536 0.07990157604217529 0.8770931959152222 0.3120253086090088 0.9490443468093872
2 0.3835880160331726 0.24994300305843353 -2.927320957183838 0.2674446403980255 4.737914085388184
3 0.38210049271583557 0.30435001850128174 0.32234370708465576 0.7212172746658325 0.7644751071929932
4 0.3819029629230499 -0.8838710784912109 0.49949800968170166 2.7994816303253174 0.5222097635269165
3 0.3667285740375519 0.15239770710468292 0.8552013635635376 0.40822547674179077 0.9190477132797241
3 0.3628125786781311 0.438427209854126 0.8511063456535339 0.7084958553314209 0.9336315989494324
1 0.36153143644332886 0.7878950238227844 0.16726772487163544 0.8593913912773132 0.2469549924135208
4 0.36033546924591064 0.05003587156534195 0.8680397868156433 0.2053162157535553 0.9574978947639465
2 0.3597595989704132 0.3293863534927368 -5.169480800628662 0.3390582799911499 6.892242908477783
1 0.3501829504966736 0.7773698568344116 0.10775457322597504 0.8431400060653687 0.19318462908267975
3 0.34692755341529846 0.0949171781539917 0.7232553362846375 0.4047189950942993 0.8502898812294006
1 0.34514886140823364 0.8196135759353638 0.23166978359222412 0.898837685585022 0.3023233413696289
3 0.3444887101650238 0.3114296495914459 -5.621954441070557 0.3245804011821747 7.461857318878174
2 0.34187257289886475 0.2890552580356598 -7.443455219268799 0.3004201352596283 9.289131164550781
3 0.34059152007102966 0.1877676099538803 0.7781822085380554 0.5056871175765991 0.9067533612251282
1 0.3381718695163727 0.8002887964248657 0.052684057503938675 0.8843179941177368 0.1661185771226883
