4 0.4327743947505951 -0.8216888308525085 0.6203495860099792 2.6329851150512695 0.6549943089485168
4 0.4070170521736145 -0.6817896366119385 0.5677348971366882 2.5636343955993652 0.6108847260475159
3 0.4032581150531769 0.27751046419143677 0.792079746723175 0.5541343092918396 0.9356927275657654
3 0.3989061713218689 0.3705894351005554 0.7882197499275208 0.6609659790992737 0.9346709847450256
2 0.3966447412967682 0.6390894651412964 0.3556240499019623 0.7689656019210815 0.5208767056465149
1 0.3828480839729309 0.24497835338115692 -8.881872177124023 0.26386386156082153 10.703611373901367
4 0.3793651759624481 -0.3699476718902588 0.4461139738559723 1.9080431461334229 0.4697466790676117
2 0.37535029649734497 0.18404000997543335 -2.2743310928344727 0.18912678956985474 4.053364276885986
4 0.36927422881126404 -0.989999532699585 0.6524308919906616 2.812922716140747 0.6837867498397827
2 0.3663240969181061 0.5681870579719543 0.4088902175426483 0.7088407874107361 0.5678445100784302
2 0.3639622926712036 0.8813680410385132 0.4086052477359772 0.9241827726364136 0.4594305455684662
4 0.35937872529029846 -0.6250509023666382 0.5891734957695007 2.4390692710876465 0.6293992400169373
2 0.3561844825744629 0.9162741899490356 0.32655778527259827 0.951055645942688 0.34508755803108215
2 0.35383841395378113 0.42832785844802856 0.4176759421825409 0.5779047608375549 0.5404236912727356
2 0.35029101371765137 0.8868246078491211 0.4880408048629761 0.9062056541442871 0.5053294897079468
2 0.34855762124061584 0.8428663015365601 0.4222180247306824 0.8817211389541626 0.4733547568321228
2 0.34677302837371826 0.5430773496627808 0.3257538080215454 0.6714451313018799 0.48833346366882324
2 0.3419378101825714 0.8720481991767883 0.4560880661010742 0.9229466319084167 0.4995579719543457
2 0.3394848704338074 0.8722046613693237 0.4716365933418274 0.9292831420898438 0.5144163370132446
2 0.3383204936981201 0.3464545011520386 0.6039021015167236 0.49840331077575684 0.7272478342056274
