2 0.4502320885658264 0.2939229905605316 -3.0676629543304443 0.30993303656578064 4.870855331420898
2 0.40114304423332214 0.3249625861644745 -4.372255802154541 0.3400372564792633 6.177675724029541
3 0.3981054425239563 0.028647251427173615 0.844591498374939 0.2535795569419861 0.9499560594558716
3 0.38670802116394043 0.4408593773841858 0.7315827012062073 0.7036224007606506 0.8783556818962097
2 0.37810271978378296 0.3361300826072693 -6.814074993133545 0.3480985164642334 8.635202407836914
3 0.3755747377872467 0.5782411098480225 0.7886159420013428 0.8821930885314941 0.9349991083145142
2 0.36799076199531555 0.4815916121006012 0.2741548418998718 0.8610817193984985 0.6798450946807861
3 0.3560156524181366 0.5119518041610718 0.8187833428382874 0.8373532295227051 0.9618745446205139
2 0.34300801157951355 0.9303026795387268 0.3733401894569397 0.9586731791496277 0.3910906910896301
3 0.3408735394477844 0.3432566523551941 0.7852409482002258 0.6081233620643616 0.9256544709205627
2 0.3398231863975525 0.38319551944732666 0.29042932391166687 0.4622573256492615 0.38771381974220276
2 0.33867719769477844 0.9047724604606628 0.5143580436706543 0.9233630299568176 0.5305486917495728
3 0.33089473843574524 0.4050687551498413 0.855004072189331 0.6442502737045288 0.9484120607376099
2 0.3299348056316376 0.36754274368286133 0.3931155204772949 0.4298270344734192 0.48741400241851807
2 0.32682740688323975 0.19348497688770294 0.3830665349960327 0.4582388997077942 0.4942074418067932
0 0.3222970962524414 -0.7295365333557129 0.6198517084121704 2.562666177749634 0.6418852806091309
2 0.3212367296218872 0.13524815440177917 0.18515576422214508 0.5248808860778809 0.6331575512886047
1 0.3195209205150604 0.7988615036010742 0.12752318382263184 0.8710887432098389 0.2203385829925537
2 0.31943222880363464 0.1082247793674469 0.1530468761920929 0.3906267583370209 0.4649120271205902
2 0.31887897849082947 0.17003217339515686 -2.4822869300842285 0.18000653386116028 4.198205947875977
