2 0.43638768792152405 0.16053977608680725 -5.182827472686768 0.19440367817878723 7.014144420623779
2 0.40098968148231506 0.16266953945159912 -1.8393110036849976 0.17043042182922363 3.5809683799743652
2 0.385297566652298 0.23154500126838684 -4.854516983032227 0.24188169836997986 6.607542991638184
2 0.3808996081352234 0.2872018814086914 0.2299567461013794 0.7986493110656738 0.708304762840271
1 0.37751588225364685 -0.42512011528015137 0.49091583490371704 2.1189916133880615 0.5126699805259705
1 0.3491085469722748 -0.014090560376644135 0.8839892745018005 0.20921751856803894 0.9550960659980774
2 0.3475016951560974 0.9227466583251953 0.38796424865722656 0.9567458629608154 0.4058365821838379
1 0.34706413745880127 0.24748238921165466 -7.322730541229248 0.27167418599128723 9.160929679870605
1 0.34472694993019104 -0.8911243677139282 0.5757055282592773 2.7431812286376953 0.5987797975540161
2 0.3378603458404541 0.8944846987724304 0.40087980031967163 0.9478176236152649 0.4448012113571167
2 0.3351777195930481 0.9029179215431213 0.40941399335861206 0.9571163058280945 0.45821309089660645
2 0.3251456618309021 0.9136465191841125 0.5199300050735474 0.9373952746391296 0.5373610258102417
2 0.3224126994609833 0.044895805418491364 0.8731211423873901 0.2868064343929291 0.9364689588546753
2 0.3139575123786926 0.2247271090745926 0.40743595361709595 0.6815877556800842 0.6616930365562439
4 0.30950498580932617 -1.1602075099945068 0.5945184826850891 3.0078041553497314 0.6204035878181458
2 0.3083057701587677 0.020043551921844482 0.8511554002761841 0.33645540475845337 0.9210754632949829
2 0.3077428638935089 0.23345401883125305 -8.29721450805664 0.25117215514183044 10.105113983154297
1 0.30761227011680603 0.7730861902236938 0.16019904613494873 0.8604754209518433 0.2475849986076355
2 0.30734214186668396 0.1455875188112259 0.2585427165031433 0.5689441561698914 0.71207195520401
1 0.3047952353954315 -1.3680347204208374 0.5513184070587158 3.234032154083252 0.5750013589859009
