3 0.40152058005332947 0.6297605037689209 0.7839441895484924 0.9223723411560059 0.9166244864463806
4 0.39364850521087646 -1.2187087535858154 0.6399622559547424 3.033569574356079 0.6652749180793762
2 0.37803199887275696 0.16704729199409485 0.36314430832862854 0.6712307929992676 0.726357102394104
4 0.3697110712528229 -0.8020129203796387 0.6147465109825134 2.7181999683380127 0.6464861035346985
3 0.3643311560153961 0.2607446312904358 0.741614580154419 0.5216197371482849 0.8695458173751831
3 0.3605882525444031 0.7206813097000122 0.8110473155975342 0.9622942209243774 0.9499952793121338
2 0.35792210698127747 0.14764760434627533 -2.4083776473999023 0.1551351100206375 4.158217430114746
4 0.3556051254272461 -0.6884733438491821 0.6307744383811951 2.5444231033325195 0.6596851944923401
2 0.3549030125141144 0.26253995299339294 -5.571388244628906 0.27828291058540344 7.380301475524902
1 0.348844438791275 -0.5139939188957214 0.5155236721038818 2.242469549179077 0.5428109169006348
3 0.3380398750305176 0.5038321018218994 0.7991080284118652 0.7861838340759277 0.9258160591125488
4 0.3335593044757843 -0.05861608684062958 0.8452326655387878 0.3363577127456665 0.9377675652503967
2 0.3330687880516052 0.9114389419555664 0.5086309313774109 0.9283590316772461 0.5247127413749695
2 0.33103641867637634 0.932575523853302 0.3402043282985687 0.9580678343772888 0.35945311188697815
2 0.3281245529651642 0.2537636160850525 0.6810373663902283 0.5207350850105286 0.8376510739326477
3 0.31944540143013 0.17536507546901703 0.7691793441772461 0.49218207597732544 0.9004330635070801
2 0.3175959587097168 0.19514968991279602 0.568044126033783 0.6440111398696899 0.7436521649360657
2 0.30680978298187256 0.04651063680648804 0.6773604154586792 0.33036041259765625 0.8202722072601318
2 0.29998812079429626 0.909704327583313 0.5388270616531372 0.9300564527511597 0.5630600452423096
2 0.2978117763996124 0.87436842918396 0.8426160216331482 0.9484304189682007 1.0342634916305542
