2 0.4614349603652954 0.30192074179649353 0.3212440013885498 0.8237483501434326 0.7358217239379883
3 0.39945176243782043 0.3671119809150696 0.7585145235061646 0.7508452534675598 0.8852032423019409
2 0.39554160833358765 0.21927498281002045 0.40569114685058594 0.7015434503555298 0.818432092666626
2 0.38326066732406616 0.20858941972255707 0.3408541679382324 0.587848424911499 0.7003452777862549
2 0.3746449649333954 0.12589801847934723 0.25472307205200195 0.5364487171173096 0.49664950370788574
2 0.3697202801704407 0.19387884438037872 -4.130436897277832 0.21306739747524261 5.921713829040527
2 0.36779192090034485 0.2089114934206009 -5.63187837600708 0.22882013022899628 7.4204840660095215
4 0.36691030859947205 -0.08793765306472778 0.8441552519798279 0.3087931275367737 0.95216304063797
3 0.3620559573173523 0.46805763244628906 0.7907485961914062 0.8497626781463623 0.9371122121810913
2 0.35165199637413025 0.18534928560256958 -6.290477752685547 0.20609116554260254 8.080662727355957
2 0.3507574796676636 0.2626970410346985 0.6500559449195862 0.6621711850166321 0.88011234998703
2 0.3466840386390686 0.014212459325790405 0.8798331022262573 0.22053316235542297 0.9620002508163452
3 0.3438800871372223 0.7493299245834351 0.7977319955825806 0.9729689359664917 0.9464551210403442
2 0.3386872410774231 0.1791435331106186 -2.02244234085083 0.18905766308307648 3.7817230224609375
1 0.3295249342918396 0.8258700370788574 0.104335717856884 0.9375205039978027 0.17741799354553223
1 0.3284604549407959 0.7753384709358215 0.19137448072433472 0.8860201239585876 0.27599817514419556
1 0.3255574107170105 0.8331595063209534 0.22309255599975586 0.9481416344642639 0.3119957447052002
2 0.32250675559043884 0.9339511394500732 0.37139394879341125 0.9648058414459229 0.3882010877132416
2 0.32231777906417847 0.04514303803443909 0.8585283756256104 0.3111874759197235 0.9128620624542236
2 0.3213290572166443 0.009561493992805481 0.8278132677078247 0.35229986906051636 0.8906018733978271
