0 0.5214465260505676 -0.0102958083152771 0.6008176207542419 1.9152443408966064 0.6530359387397766
2 0.4572621285915375 0.20535242557525635 0.8221918344497681 0.5890830755233765 0.9394924640655518
2 0.43679553270339966 0.20353952050209045 -1.9736613035202026 0.21087482571601868 3.7902398109436035
2 0.4222307503223419 0.6973344087600708 0.5697947144508362 0.7295138835906982 0.6539121270179749
0 0.4141044020652771 -0.8633566498756409 0.5788779854774475 2.652972459793091 0.6321668028831482
2 0.40188103914260864 0.5723510384559631 0.43908435106277466 0.5911814570426941 0.5037543773651123
2 0.39246848225593567 0.5305437445640564 0.3759836256504059 0.5542934536933899 0.4411180913448334
2 0.3787219524383545 0.8737258911132812 0.329832524061203 0.9249579906463623 0.34959176182746887
2 0.37729087471961975 0.21075746417045593 0.4273685812950134 0.2530193626880646 0.510269284248352
2 0.37696388363838196 0.5539016127586365 0.4622655510902405 0.5774672627449036 0.5198479890823364
3 0.36653023958206177 0.49427133798599243 0.7278180122375488 0.8032657504081726 0.8575652837753296
2 0.36605268716812134 0.0836697518825531 0.4607626497745514 0.5399088859558105 0.754507303237915
2 0.36228135228157043 0.4029811918735504 0.5603024959564209 0.4474136531352997 0.6307100057601929
2 0.3622035086154938 0.4888434112071991 0.4479421377182007 0.5495272874832153 0.5508282780647278
3 0.3545292019844055 0.6952042579650879 0.8204985857009888 0.8889694213867188 0.9503649473190308
2 0.3510564863681793 0.119841068983078 0.6405189037322998 0.3898563086986542 0.838395357131958
2 0.34893667697906494 0.13474830985069275 0.4380255341529846 0.17203465104103088 0.528570830821991
2 0.3488272726535797 0.13911865651607513 0.3069554567337036 0.5823562741279602 0.7186204195022583
2 0.3474120795726776 0.07556652277708054 0.847514271736145 0.30093663930892944 0.9106358289718628
0 0.3473289906978607 0.0912243127822876 0.4567793607711792 1.4999035596847534 0.486746609210968
