4 0.37942928075790405 -1.9273830652236938 0.5747705698013306 3.7499194145202637 0.604324221611023
2 0.37503179907798767 0.2090100646018982 -7.0419721603393555 0.22136777639389038 8.912364959716797
4 0.36812537908554077 -1.0712950229644775 0.52305668592453 2.9831697940826416 0.5538926720619202
1 0.3518315255641937 0.7321865558624268 0.2353619486093521 0.8097575902938843 0.3226741552352905
1 0.34539830684661865 0.582627534866333 0.14072167873382568 0.6762804985046387 0.23399394750595093
1 0.3422011435031891 0.7021540403366089 0.2486424446105957 0.7795261144638062 0.3385469913482666
1 0.33880650997161865 0.6823839545249939 0.11859124898910522 0.7921182513237 0.21862471103668213
2 0.3310094475746155 0.24075648188591003 -7.09316349029541 0.2544805109500885 8.956940650939941
2 0.32963889837265015 0.2047557234764099 -6.3070268630981445 0.21758884191513062 8.174446105957031
1 0.32627418637275696 -0.7240837812423706 0.4441433250904083 2.416909694671631 0.46783778071403503
1 0.32607969641685486 0.7503637075424194 0.17574156820774078 0.8208471536636353 0.26515597105026245
1 0.3260553777217865 0.7238829135894775 0.16682857275009155 0.7937028408050537 0.2577606439590454
2 0.3179067373275757 0.9319050312042236 0.35871800780296326 0.9653418064117432 0.3773583471775055
1 0.31567296385765076 0.765645444393158 0.28644564747810364 0.8192736506462097 0.3763267695903778
2 0.31378716230392456 0.1885794997215271 -4.0621232986450195 0.2044370174407959 5.928953170776367
4 0.3092205226421356 -0.03165777027606964 0.8774314522743225 0.22457875311374664 0.9519438147544861
1 0.3037494421005249 0.27740180492401123 -6.5102458000183105 0.29146939516067505 8.347387313842773
2 0.29940056800842285 0.1482667773962021 -2.6290979385375977 0.15398205816745758 4.405831336975098
3 0.29938605427742004 0.38759443163871765 0.7769380211830139 0.6527197360992432 0.9198710322380066
1 0.28849780559539795 0.5223433971405029 0.8047873377799988 0.868445873260498 0.9413288235664368
