1 0.47704824805259705 0.7727750539779663 0.150868222117424 0.8235788345336914 0.21537692844867706
1 0.47322526574134827 0.8086752891540527 0.15584352612495422 0.8727192878723145 0.22532913088798523
1 0.45128676295280457 0.8662899136543274 0.19951258599758148 0.9195932745933533 0.2667335569858551
1 0.4452495872974396 0.7961425185203552 0.20280659198760986 0.8326612114906311 0.27120739221572876
1 0.44509366154670715 0.27171215415000916 -6.779448509216309 0.29015830159187317 8.603852272033691
1 0.4337068498134613 0.2544114589691162 -7.095785140991211 0.27704644203186035 8.937080383300781
1 0.4283527433872223 0.749017059803009 0.10452976077795029 0.8039548993110657 0.17057886719703674
0 0.4098990559577942 0.15512079000473022 0.3460005819797516 0.653160035610199 0.7694423198699951
3 0.3979356586933136 0.40818098187446594 0.7564876675605774 0.703770637512207 0.9032954573631287
1 0.38425353169441223 0.8312695026397705 0.28666239976882935 0.8582135438919067 0.33879345655441284
4 0.38218894600868225 -0.058924347162246704 0.8451268672943115 0.29715147614479065 0.9409705400466919
1 0.3637787103652954 0.674558162689209 0.17552116513252258 0.8254702091217041 0.236809641122818
3 0.363229900598526 0.5844619274139404 0.7522394061088562 0.8549379110336304 0.9095142483711243
3 0.36096927523612976 0.43347442150115967 0.8066481351852417 0.7481784820556641 0.957412600517273
0 0.36070680618286133 -0.7551268339157104 0.6428918242454529 2.5244784355163574 0.6666602492332458
0 0.34825488924980164 -1.1042003631591797 0.6351246237754822 2.8878655433654785 0.6584987044334412
1 0.34216877818107605 0.2301858812570572 -6.893066883087158 0.2501658797264099 8.73574447631836
2 0.33611947298049927 0.24881121516227722 0.6881862282752991 0.43653932213783264 0.8406180739402771
4 0.33544933795928955 -0.5890138149261475 0.59967440366745 2.47829270362854 0.6263467669487
1 0.32677868008613586 0.26341512799263 -6.5439629554748535 0.2803817689418793 8.363093376159668
