4 0.5681443810462952 -1.2033711671829224 0.6178276538848877 3.050530433654785 0.646888017654419
4 0.553257942199707 -0.7790733575820923 0.6269268989562988 2.65147066116333 0.6542469263076782
4 0.5201106071472168 -0.06937146186828613 0.8451287746429443 0.30782514810562134 0.94618821144104
4 0.5104568600654602 -0.9418685436248779 0.5947079658508301 2.8404428958892822 0.6180969476699829
4 0.5024966597557068 -1.1902329921722412 0.6088078618049622 3.048224687576294 0.6363639235496521
4 0.47845259308815 -1.2911663055419922 0.5889185667037964 3.1352133750915527 0.6102559566497803
3 0.36908698081970215 0.5262936353683472 0.7719544768333435 0.7897837162017822 0.9222498536109924
2 0.3682287335395813 0.1255565583705902 0.36830979585647583 0.6270730495452881 0.7722590565681458
2 0.36396414041519165 0.02141663432121277 0.8839473128318787 0.3224445879459381 0.9406483769416809
2 0.35516834259033203 0.02451898157596588 0.617672324180603 0.17599456012248993 0.7425495386123657
4 0.3526788055896759 0.26470261812210083 -0.10952949523925781 0.7652613520622253 1.2012401819229126
2 0.34344393014907837 0.19770275056362152 -4.903226852416992 0.21366681158542633 6.730766296386719
2 0.34059563279151917 0.21287177503108978 -6.8319854736328125 0.22463591396808624 8.661592483520508
1 0.3357134163379669 0.7662503719329834 0.22518035769462585 0.8258635997772217 0.2941114008426666
1 0.3319832682609558 0.7096401453018188 0.13641051948070526 0.772836446762085 0.22529061138629913
2 0.32859909534454346 0.2511270344257355 -7.224379539489746 0.26026806235313416 9.059981346130371
1 0.32275858521461487 0.30031776428222656 0.7744813561439514 0.5796456933021545 0.9114294648170471
2 0.3220069706439972 0.15921969711780548 -2.828956365585327 0.1649908870458603 4.596930503845215
1 0.31890156865119934 0.645078182220459 0.18460388481616974 0.6831281185150146 0.2661973536014557
1 0.3176948130130768 0.6328241229057312 0.2423699051141739 0.6719110608100891 0.31658652424812317
