4 0.4379846751689911 -0.03166086971759796 0.8607730269432068 0.2613598108291626 0.9448373913764954
2 0.4123210310935974 0.19084122776985168 -6.007575035095215 0.21142789721488953 7.848435401916504
2 0.36801666021347046 0.46703121066093445 0.4429779648780823 0.5147309303283691 0.5394964218139648
4 0.3677073121070862 -0.9411680698394775 0.5560331344604492 2.83772873878479 0.5855765342712402
2 0.3592049777507782 0.9269888401031494 0.35786351561546326 0.9559381008148193 0.37686702609062195
2 0.3478487432003021 0.465252548456192 0.3755163252353668 0.5154860615730286 0.46303239464759827
4 0.33995968103408813 0.5807203054428101 0.7707553505897522 0.8782942295074463 0.9268264174461365
2 0.33332598209381104 0.8862735033035278 0.5443733930587769 0.9045418500900269 0.5612764358520508
2 0.3235924243927002 0.8614607453346252 0.8379255533218384 0.9519609808921814 1.0200625658035278
2 0.31207898259162903 0.4785386621952057 0.5139139890670776 0.5490899682044983 0.6012908220291138
2 0.31046274304389954 0.14413423836231232 -3.46905779838562 0.14903812110424042 5.254322052001953
1 0.3103983402252197 0.2303105741739273 -7.616934776306152 0.24438707530498505 9.448161125183105
2 0.30836063623428345 0.43699219822883606 0.45402464270591736 0.48435041308403015 0.5460218191146851
1 0.30759933590888977 0.6776556372642517 0.29217883944511414 0.7296237349510193 0.36298075318336487
2 0.3031170666217804 0.14225777983665466 0.4413498342037201 0.32994046807289124 0.5407710671424866
1 0.30274972319602966 0.6551284193992615 0.31013235449790955 0.7037884593009949 0.37784644961357117
2 0.296392023563385 0.8959644436836243 0.5603589415550232 0.9167043566703796 0.5839198231697083
1 0.29435113072395325 0.7014349699020386 0.3964294195175171 0.741112470626831 0.4656662940979004
4 0.2942827045917511 0.38912808895111084 0.7732706665992737 0.755102276802063 0.9118372797966003
4 0.2935110628604889 -1.1783576011657715 0.6102421283721924 2.97957181930542 0.6330031156539917
