3 0.41254499554634094 0.413909375667572 0.797466516494751 0.7102345824241638 0.9382405281066895
1 0.3752119839191437 0.7971143126487732 0.2964335083961487 0.85906583070755 0.3463910222053528
2 0.3707025647163391 -1.0298408269882202 0.5351099371910095 2.8232436180114746 0.555306613445282
1 0.36574846506118774 0.6152063608169556 0.2951851487159729 0.6772360801696777 0.3576447367668152
4 0.3516063392162323 -0.007150009274482727 0.8673514127731323 0.24872376024723053 0.9408441781997681
4 0.3515927791595459 0.25115421414375305 0.31711673736572266 0.6820169687271118 0.6402995586395264
1 0.3466343283653259 0.26805055141448975 -6.261788845062256 0.27861589193344116 8.115921974182129
4 0.33902013301849365 -0.9171358346939087 0.43731197714805603 2.612813949584961 0.4590859115123749
1 0.3343198597431183 0.28708192706108093 -7.044891357421875 0.29965296387672424 8.899170875549316
2 0.32928135991096497 0.41491609811782837 0.8219758868217468 0.5811848044395447 0.9225960373878479
4 0.32782238721847534 -0.9890878796577454 0.5131579637527466 2.8466947078704834 0.5320683717727661
2 0.324765682220459 0.18433289229869843 0.6939924955368042 0.493699848651886 0.913854718208313
2 0.3235273063182831 0.0321069210767746 0.6381415724754333 0.20152874290943146 0.7635219693183899
2 0.32088732719421387 0.15423701703548431 0.5759752988815308 0.5873619914054871 0.7729479074478149
1 0.3208347260951996 0.7395724654197693 0.2867794930934906 0.7879758477210999 0.34528347849845886
4 0.3191753327846527 -1.0123329162597656 0.563791036605835 2.848205089569092 0.5840809345245361
2 0.31320643424987793 0.257593035697937 0.6231566071510315 0.4145958423614502 0.721089780330658
2 0.30720892548561096 0.17553891241550446 0.39727944135665894 0.5710282921791077 0.6665722727775574
1 0.3053179383277893 0.7422058582305908 0.16519293189048767 0.7915668487548828 0.24070671200752258
1 0.30448785424232483 0.6437891125679016 0.25363069772720337 0.6878439784049988 0.3239554762840271
