2 0.47646600008010864 0.1936715841293335 -4.542564392089844 0.20303356647491455 6.395481109619141
2 0.4670726954936981 0.16442297399044037 -2.995636463165283 0.17142684757709503 4.775566577911377
0 0.4511256515979767 -1.220137596130371 0.6557638049125671 2.969771385192871 0.6748937964439392
0 0.44681066274642944 -0.5567571520805359 0.6694398522377014 2.2964775562286377 0.6940800547599792
2 0.4255758821964264 0.2506554126739502 -6.223593711853027 0.2607230544090271 7.980790138244629
2 0.4247306287288666 0.2062579095363617 0.36391228437423706 0.8178611993789673 0.7491239905357361
0 0.4231416881084442 -1.3737125396728516 0.6499754190444946 3.122466564178467 0.6682834625244141
0 0.41882145404815674 -1.231211543083191 0.6353363990783691 2.9968600273132324 0.6543569564819336
3 0.40428709983825684 0.4971446990966797 0.791572630405426 0.7683485746383667 0.9307840466499329
0 0.4040467143058777 -1.1270167827606201 0.5805082321166992 2.898216485977173 0.6028281450271606
3 0.4040369391441345 0.46889984607696533 0.7247422933578491 0.7373502254486084 0.854951024055481
2 0.3947610855102539 0.3942985236644745 0.2924787998199463 0.7932546138763428 0.6698169708251953
2 0.39046522974967957 0.21549275517463684 -6.439889430999756 0.22417572140693665 8.28027057647705
2 0.3712151348590851 0.04615962132811546 0.6832237243652344 0.14796948432922363 0.8136191368103027
2 0.36024144291877747 0.2306753247976303 -5.657583236694336 0.2368796020746231 7.4237213134765625
2 0.3570430278778076 0.36740103363990784 0.6116299629211426 0.6823065280914307 0.8710383176803589
3 0.3499113619327545 0.45006534457206726 0.867799699306488 0.6316796541213989 0.9558823704719543
2 0.3483566343784332 0.05001922696828842 0.8661048412322998 0.26010408997535706 0.9476895332336426
3 0.34570077061653137 0.30876046419143677 0.8660032153129578 0.5884813070297241 0.931201159954071
2 0.3448479473590851 0.11419324576854706 0.6986384391784668 0.22676058113574982 0.804818868637085
