2 0.47437548637390137 0.7880323529243469 0.4797011911869049 0.8100864291191101 0.5731339454650879
2 0.4706486463546753 0.7776716947555542 0.4105437994003296 0.8035699129104614 0.4877880811691284
2 0.45394375920295715 0.8217490315437317 0.47289204597473145 0.8410394787788391 0.5354510545730591
2 0.4281572699546814 0.24100711941719055 -3.101468324661255 0.2616024911403656 4.945030212402344
2 0.4070274829864502 0.0020914971828460693 0.872011125087738 0.3105691373348236 0.9656315445899963
2 0.39353832602500916 0.8361164927482605 0.45893704891204834 0.850344717502594 0.5206130146980286
2 0.39343154430389404 0.8900298476219177 0.43324774503707886 0.9080892205238342 0.4944921135902405
3 0.38446423411369324 -1.1088882684707642 0.529288649559021 2.9139351844787598 0.5568742752075195
2 0.3742730915546417 0.8915953040122986 0.5153645873069763 0.9203727841377258 0.5532699227333069
3 0.37238720059394836 0.33291393518447876 0.7921034097671509 0.6626233458518982 0.9131942987442017
2 0.37188178300857544 0.8940775394439697 0.34985241293907166 0.9222047328948975 0.370559960603714
2 0.37022703886032104 0.8979212641716003 0.5290312767028809 0.9138152003288269 0.5456457138061523
2 0.36338120698928833 0.395328164100647 0.3338165283203125 0.4297291040420532 0.4417682886123657
2 0.36301499605178833 0.8849520683288574 0.5016981363296509 0.9150954484939575 0.5423799753189087
2 0.36121660470962524 0.8604744672775269 0.36714744567871094 0.937671422958374 0.5759412050247192
2 0.3608141541481018 0.9158790707588196 0.5286856293678284 0.943722665309906 0.5635401606559753
2 0.35754257440567017 0.40475067496299744 0.37292104959487915 0.44861915707588196 0.48449474573135376
1 0.35432660579681396 0.2701098620891571 -5.3928070068359375 0.2893810570240021 7.210138320922852
2 0.3529856503009796 0.7993110418319702 0.32889848947525024 0.8981367349624634 0.5130383372306824
2 0.3518920838832855 0.9070727825164795 0.5648080706596375 0.9407594203948975 0.6022931933403015
