1 0.4425160586833954 -0.009765490889549255 0.8306463956832886 0.29301291704177856 0.8886600732803345
1 0.41403862833976746 -0.7671033143997192 0.6015039086341858 2.582056999206543 0.6400284171104431
2 0.4075007438659668 0.19839784502983093 0.2599382996559143 0.7388514280319214 0.6922937631607056
3 0.39637020230293274 0.6057752370834351 0.7852575182914734 0.915890097618103 0.9252715706825256
3 0.38963884115219116 0.5341541767120361 0.8146641850471497 0.8415732383728027 0.9490301012992859
1 0.3866480886936188 0.2580665349960327 -8.035320281982422 0.2729487419128418 9.856098175048828
2 0.3806934952735901 0.7431495189666748 0.34852030873298645 0.8861621618270874 0.518500566482544
2 0.3627462685108185 0.2631925046443939 -6.67397403717041 0.2795083820819855 8.508753776550293
2 0.362572580575943 0.1402146965265274 0.5387109518051147 0.5738427639007568 0.7838077545166016
1 0.3556256890296936 0.24392585456371307 -7.851943016052246 0.262127548456192 9.671570777893066
2 0.34427404403686523 0.8567679524421692 0.4373549818992615 1.0098323822021484 0.6007960438728333
2 0.3376046121120453 0.35423946380615234 0.1816360354423523 0.8423033952713013 0.6585223078727722
2 0.33731576800346375 0.9283305406570435 0.36600780487060547 0.951441764831543 0.3832145929336548
2 0.33674296736717224 0.2193206250667572 0.37803536653518677 0.4456435739994049 0.49841171503067017
3 0.3342883288860321 0.2106168568134308 0.7782962322235107 0.5920026302337646 0.8966548442840576
2 0.3321414291858673 0.787443995475769 0.5018045902252197 0.948768138885498 0.6591274738311768
1 0.33072206377983093 -0.7716807126998901 0.6216214895248413 2.5782012939453125 0.655685544013977
2 0.328768253326416 0.6716119050979614 0.25159594416618347 0.9033001661300659 0.39086201786994934
1 0.32762110233306885 0.7084661722183228 0.19757185876369476 0.7508217096328735 0.2788916826248169
1 0.3248737156391144 0.2508942186832428 -7.311131000518799 0.26667520403862 9.14140510559082
