2 0.386399507522583 -0.041281163692474365 0.8344310522079468 0.4069066643714905 0.9069691896438599
2 0.3661041259765625 0.8921785950660706 0.32283642888069153 0.9211131930351257 0.3415994346141815
2 0.36599019169807434 0.860145628452301 0.8379266262054443 0.964626133441925 1.0143494606018066
2 0.35774660110473633 0.2115456610918045 -4.703461647033691 0.23270277678966522 6.536585807800293
2 0.35576221346855164 0.7380013465881348 0.19422805309295654 0.7964062690734863 0.2636675238609314
2 0.35410234332084656 0.7531408071517944 0.37640389800071716 0.8907203674316406 0.5454329252243042
2 0.3510368764400482 0.2029789388179779 -6.432416915893555 0.21604833006858826 8.25053596496582
2 0.34247100353240967 0.7982420921325684 0.9189301133155823 0.8009111881256104 0.9379920363426208
2 0.34111490845680237 0.6492062211036682 0.16423380374908447 0.7164873480796814 0.2296311855316162
2 0.33864328265190125 0.1966448724269867 -7.4002203941345215 0.207302063703537 9.217829704284668
3 0.3361046612262726 0.4846916198730469 0.7441558241844177 0.8071588277816772 0.8838022351264954
2 0.3356180489063263 0.5969961881637573 0.2660764455795288 0.6434603929519653 0.3395000696182251
2 0.33325690031051636 0.47802814841270447 0.31226056814193726 0.5477219820022583 0.3921663165092468
2 0.3332323729991913 0.6600540280342102 0.33562883734703064 0.7988912463188171 0.4878847897052765
3 0.32930874824523926 0.6606860756874084 0.7670173645019531 0.9370893836021423 0.9272093772888184
2 0.3289516866207123 0.7611215710639954 0.8891586661338806 0.8850722908973694 1.0291767120361328
2 0.3245214521884918 0.16733171045780182 -2.6402926445007324 0.17354409396648407 4.402854919433594
2 0.323861688375473 0.9089113473892212 0.5337030291557312 0.9276794195175171 0.5491545796394348
2 0.32223695516586304 0.8538610935211182 0.48233044147491455 0.9045815467834473 0.5275156497955322
4 0.32034188508987427 0.2604130804538727 -6.787226676940918 0.2689461410045624 8.591541290283203
