2 0.4222054183483124 0.14598610997200012 -2.7943825721740723 0.15671005845069885 4.563351631164551
1 0.4089055359363556 0.19498252868652344 0.1140451729297638 0.8664026260375977 0.7349640130996704
1 0.40066781640052795 0.6725375056266785 0.20794039964675903 0.773582398891449 0.27428460121154785
1 0.4004420340061188 0.7958241701126099 0.18403246998786926 0.8825210332870483 0.25950387120246887
1 0.387292742729187 0.7802262902259827 0.1665426343679428 0.8446715474128723 0.24813701212406158
1 0.37621793150901794 0.7503795623779297 0.15033788979053497 0.8303682804107666 0.23224900662899017
3 0.3734007775783539 0.7218453884124756 0.774911105632782 1.0188826322555542 0.927367627620697
2 0.3652651011943817 0.33506137132644653 -5.84232234954834 0.3556661009788513 7.6729326248168945
1 0.36207661032676697 0.6851149797439575 0.2587020993232727 0.7935471534729004 0.3216264247894287
2 0.3605300784111023 0.018369629979133606 0.8923218846321106 0.21564064919948578 0.9690191149711609
3 0.3594845235347748 0.5328272581100464 0.7841538190841675 0.8798784017562866 0.9214681386947632
4 0.3591415286064148 -1.3545036315917969 0.6033430099487305 3.177422523498535 0.616513729095459
2 0.35841643810272217 0.24814003705978394 -6.622884750366211 0.2595807909965515 8.39260196685791
4 0.3578800559043884 -0.9499605894088745 0.6245817542076111 2.7494359016418457 0.6406901478767395
2 0.3562280237674713 -0.9807776212692261 0.5210696458816528 2.871133327484131 0.5425537824630737
1 0.34736233949661255 0.03292703628540039 0.13381972908973694 0.6058515310287476 0.7238608598709106
1 0.3461836576461792 0.6037915349006653 0.1474987119436264 0.6951910853385925 0.23539705574512482
2 0.34538137912750244 0.9186318516731262 0.3610828220844269 0.947713315486908 0.3774431645870209
2 0.3369893729686737 -0.060078829526901245 0.880060076713562 0.2362576425075531 0.9908186197280884
4 0.33475586771965027 0.2134908139705658 -7.017833232879639 0.23780962824821472 8.813920974731445
