2 0.5559477806091309 0.8036755323410034 0.5041678547859192 0.8146322965621948 0.5584364533424377
2 0.5037556886672974 0.8602343797683716 0.42931973934173584 0.8754278421401978 0.5100358128547668
2 0.49236351251602173 0.8512154221534729 0.28875216841697693 0.8726090788841248 0.38458696007728577
2 0.49158090353012085 0.8094959259033203 0.4986042082309723 0.8246729373931885 0.5620145201683044
2 0.4346427023410797 0.7683367133140564 0.27233147621154785 0.7909486889839172 0.35324299335479736
2 0.40701723098754883 -0.01774531602859497 0.8474346399307251 0.38247209787368774 0.9026584625244141
2 0.40021204948425293 0.1300535798072815 -3.8915555477142334 0.15702545642852783 5.708789825439453
3 0.39416369795799255 0.6847426891326904 0.7878108024597168 0.9745256900787354 0.9398994445800781
2 0.3842923939228058 0.8640429377555847 0.8909903764724731 0.8654776215553284 0.9141595363616943
2 0.37890011072158813 0.9096863269805908 0.5453954935073853 0.9308793544769287 0.561260461807251
2 0.3787091076374054 0.8920082449913025 0.48411378264427185 0.9248818755149841 0.5343143939971924
0 0.37456098198890686 -0.5101081132888794 0.6196905970573425 2.2784571647644043 0.6630205512046814
2 0.3732978105545044 0.8713750243186951 0.3359883427619934 0.9050949215888977 0.35510367155075073
2 0.371991366147995 0.17527742683887482 -2.993607521057129 0.18041418492794037 4.751649856567383
2 0.3706364035606384 0.9287696480751038 0.5351701974868774 0.9521645903587341 0.5587224960327148
3 0.37045761942863464 0.03896127641201019 0.8619187474250793 0.23447854816913605 0.9467892050743103
2 0.3690636157989502 0.9244168996810913 0.5530688166618347 0.9589849710464478 0.5925926566123962
2 0.3657607436180115 0.879493772983551 0.536858320236206 0.9171461462974548 0.5785378217697144
2 0.36326864361763 -0.1363833248615265 0.8625357151031494 0.3669004738330841 1.0012640953063965
3 0.3607097864151001 0.7625444531440735 0.68706876039505 1.0643671751022339 0.8302951455116272
