4 0.5194103717803955 -0.8593977093696594 0.5713273286819458 2.665299892425537 0.604218602180481
2 0.4497906565666199 0.7085099220275879 0.5248293280601501 0.7314869165420532 0.585117757320404
2 0.4401460289955139 0.7684917449951172 0.47865134477615356 0.8009666204452515 0.5518919825553894
2 0.434228777885437 0.5441937446594238 0.31047487258911133 0.5793819427490234 0.40773582458496094
2 0.41144683957099915 0.7627783417701721 0.36685067415237427 0.7856852412223816 0.42906010150909424
1 0.4070245027542114 0.19214236736297607 -7.50825309753418 0.20306754112243652 9.344705581665039
4 0.4031089246273041 -1.572512149810791 0.5396384000778198 3.294076442718506 0.569217324256897
2 0.3599127531051636 0.19457416236400604 0.32588258385658264 0.6862544417381287 0.7177987098693848
1 0.35493549704551697 0.05397120863199234 0.8787919282913208 0.28744563460350037 0.9366289377212524
1 0.35465356707572937 -0.005845189094543457 0.8493815064430237 0.32809358835220337 0.9136558175086975
2 0.35265934467315674 0.8187556862831116 0.44731029868125916 0.8599385619163513 0.4935981333255768
2 0.3494347929954529 0.920839786529541 0.3373386859893799 0.9534103870391846 0.3561805486679077
0 0.34722110629081726 -0.55645352602005 0.582736074924469 2.4275999069213867 0.6279284358024597
2 0.34384506940841675 0.8629106283187866 0.469014972448349 0.9093674421310425 0.5101021528244019
2 0.3380550742149353 0.8609382510185242 0.4201076030731201 0.9055936932563782 0.45945680141448975
2 0.3375295400619507 0.8890268206596375 0.4810708463191986 0.9145901799201965 0.49785056710243225
2 0.33701053261756897 0.7434290647506714 0.3848579227924347 0.8261481523513794 0.6152389049530029
2 0.33461713790893555 0.2858474850654602 0.5642749071121216 0.7041670680046082 0.8262535333633423
2 0.3295958936214447 0.42743462324142456 0.6500243544578552 0.8667499423027039 0.7957659363746643
2 0.3288954198360443 0.4242899417877197 0.41931843757629395 0.4775875210762024 0.5188179016113281
