2 0.4995705485343933 0.2490808665752411 -9.999789237976074 0.2609000504016876 11.839818000793457
2 0.43456393480300903 0.24012213945388794 -9.758358001708984 0.25262248516082764 11.608024597167969
4 0.4134294092655182 -1.2881075143814087 0.5542148351669312 3.1952619552612305 0.57477867603302
1 0.3920128345489502 0.7167070508003235 0.18548306822776794 0.8117961287498474 0.2682814300060272
3 0.38673317432403564 0.011573269963264465 0.8745092153549194 0.19019608199596405 0.9635030031204224
1 0.3840481638908386 0.7449192404747009 0.17485246062278748 0.8404179215431213 0.26178011298179626
2 0.38371992111206055 0.2605423033237457 -9.349859237670898 0.26994433999061584 11.169340133666992
1 0.38176068663597107 0.6242788434028625 0.14407046139240265 0.7315415740013123 0.23149935901165009
2 0.38001373410224915 0.1620418280363083 -2.605454921722412 0.16927017271518707 4.345434665679932
1 0.3785952925682068 0.6658455729484558 0.20373260974884033 0.8048725724220276 0.295865535736084
1 0.37626367807388306 0.646715521812439 0.16965316236019135 0.7600207328796387 0.24922384321689606
4 0.3586227595806122 -1.3821830749511719 0.583676815032959 3.175750732421875 0.5986180305480957
4 0.355514258146286 0.3536423444747925 0.8647378087043762 0.7980505228042603 0.9744349122047424
4 0.3525882065296173 0.5237786769866943 0.827807605266571 0.9084763526916504 0.9420885443687439
2 0.3523283898830414 0.43959569931030273 0.4305148422718048 0.48427218198776245 0.5229558944702148
2 0.3460865318775177 0.42265814542770386 0.4304199814796448 0.4633641839027405 0.5136688947677612
3 0.34548917412757874 -0.021360203623771667 0.8303930759429932 0.2984636425971985 0.9589521884918213
2 0.3421553671360016 0.23373495042324066 -7.253955841064453 0.25076717138290405 9.08358383178711
1 0.3412322998046875 0.6735875010490417 0.22844024002552032 0.7354405522346497 0.3050696551799774
4 0.33592864871025085 -0.8361693620681763 0.47838711738586426 2.512375831604004 0.49538087844848633
