4 0.4530337154865265 -1.3191367387771606 0.5277947783470154 3.2037787437438965 0.5569135546684265
4 0.4136233627796173 -1.0602670907974243 0.5989940166473389 2.824186325073242 0.6252135038375854
1 0.3966086804866791 -0.024058863520622253 0.8703137040138245 0.2406681627035141 0.9383324980735779
1 0.37740185856819153 -2.0510711669921875 0.5596525073051453 3.89754056930542 0.5785863995552063
1 0.36543887853622437 -2.021484613418579 0.5425430536270142 3.858020067214966 0.5617700815200806
4 0.3606732189655304 0.24297858774662018 0.8082531690597534 0.5587171316146851 0.9342290163040161
1 0.3576567769050598 -1.896286964416504 0.5924272537231445 3.7125415802001953 0.6122686862945557
1 0.34577348828315735 0.6864916682243347 0.25325632095336914 0.8089842200279236 0.31020331382751465
4 0.3366003632545471 -0.9869398474693298 0.45194703340530396 2.6217801570892334 0.47058016061782837
1 0.33542412519454956 0.12695083022117615 0.23996032774448395 0.6449511051177979 0.691092312335968
2 0.3271889090538025 0.16460449993610382 -2.2572553157806396 0.17477868497371674 3.987088918685913
2 0.3229812681674957 0.8753425478935242 0.8091955184936523 0.9862342476844788 0.9777203798294067
1 0.322040855884552 0.8314634561538696 0.20498570799827576 0.9332102537155151 0.2661353647708893
1 0.32056406140327454 0.28700417280197144 -8.28350830078125 0.3002726435661316 10.112297058105469
3 0.31927841901779175 0.5198844075202942 0.7643834948539734 0.7786374688148499 0.923434317111969
1 0.3143511712551117 0.5342299938201904 0.26250043511390686 0.6384577751159668 0.3257625997066498
2 0.30687054991722107 0.22887298464775085 -6.6486616134643555 0.2398792803287506 8.485241889953613
4 0.30411291122436523 -0.037462279200553894 0.8891922831535339 0.2673954367637634 0.9595525860786438
1 0.30208271741867065 0.5198743939399719 0.15051375329494476 0.5766915678977966 0.22638364136219025
2 0.3013266921043396 0.2075866311788559 -7.422563552856445 0.2247958928346634 9.24162483215332
