0 0.5695511698722839 -0.48297685384750366 0.666617751121521 2.212313175201416 0.692649245262146
0 0.547832727432251 -0.3572040796279907 0.6543211340904236 2.1786317825317383 0.68170565366745
0 0.46438145637512207 -1.0889804363250732 0.62924724817276 2.7328743934631348 0.6534115672111511
2 0.42924535274505615 0.23889616131782532 0.4264829158782959 0.7409833669662476 0.8457190990447998
2 0.4168139100074768 0.168634295463562 -2.8713841438293457 0.17442238330841064 4.62144136428833
4 0.3828390836715698 -0.6659640669822693 0.6112517714500427 2.542261838912964 0.6333104968070984
2 0.3677826225757599 0.22445426881313324 -8.08725643157959 0.23665209114551544 9.914278984069824
2 0.35907265543937683 0.23132915794849396 -6.905640602111816 0.24820177257061005 8.729494094848633
0 0.35707107186317444 0.2408210188150406 -6.738765716552734 0.24731068313121796 8.494513511657715
2 0.3435681164264679 0.04810316860675812 0.6589174270629883 0.20130746066570282 0.7780358791351318
2 0.3321462571620941 0.26083534955978394 0.5028687715530396 0.44366663694381714 0.6148062944412231
4 0.32661208510398865 0.20487959682941437 -9.232498168945312 0.2129867523908615 11.064464569091797
2 0.3235912322998047 0.7629192471504211 0.8506377339363098 0.9008840918540955 0.9995461106300354
4 0.32093727588653564 0.2014218419790268 -8.04251480102539 0.21009083092212677 9.869401931762695
2 0.3195631206035614 0.24178446829319 0.6449523568153381 0.6682212352752686 0.9001287817955017
2 0.31948578357696533 0.6415606737136841 0.45639023184776306 0.8058217763900757 0.6057748794555664
2 0.3173198997974396 0.6870707273483276 0.9015727043151855 0.8560599088668823 1.0316250324249268
2 0.31655582785606384 0.18190686404705048 0.77159184217453 0.45564693212509155 0.9152525067329407
2 0.3120129108428955 0.8580300211906433 0.38901960849761963 0.8909698128700256 0.40695393085479736
2 0.3087204098701477 0.5860632658004761 0.5156619548797607 0.7613567113876343 0.656486988067627
