4 0.4538863003253937 -0.017056182026863098 0.8768090009689331 0.19072087109088898 0.9617726802825928
2 0.4265366792678833 0.8455298542976379 0.3894938826560974 0.8696618676185608 0.46405357122421265
4 0.3762267231941223 -0.04002031683921814 0.8600738048553467 0.29676714539527893 0.9525694847106934
2 0.37411975860595703 0.24969859421253204 -5.800290584564209 0.2636513113975525 7.649623394012451
2 0.37202829122543335 0.9078807234764099 0.3549431562423706 0.9344905018806458 0.37474697828292847
2 0.37184572219848633 0.8689718246459961 0.3741539716720581 0.8956089019775391 0.44404423236846924
2 0.36944305896759033 0.9105426669120789 0.5418076515197754 0.9267798066139221 0.5587350130081177
2 0.36508265137672424 0.7439215779304504 0.3470216989517212 0.7803104519844055 0.4333209991455078
2 0.3641321361064911 0.046695977449417114 0.8502146601676941 0.3245851695537567 0.9006832242012024
3 0.3571493327617645 0.6021348834037781 0.80884850025177 0.9311190247535706 0.9427913427352905
2 0.35295069217681885 0.19209225475788116 0.3784288763999939 0.6183742880821228 0.8219918608665466
2 0.3393557071685791 0.8531572818756104 0.38976162672042847 0.8805971145629883 0.46660810708999634
1 0.33728158473968506 -0.42153239250183105 0.4854448437690735 2.0520451068878174 0.5070058107376099
2 0.3348084092140198 0.04834386706352234 0.2698286473751068 0.5039782524108887 0.616008996963501
2 0.33297377824783325 0.9139717221260071 0.5526182055473328 0.9340495467185974 0.5780177712440491
2 0.33056551218032837 0.8987969756126404 0.8690764904022217 1.000872254371643 1.027369499206543
2 0.3292182385921478 0.9079437255859375 0.5910282135009766 0.9429361820220947 0.6359096765518188
3 0.3288058042526245 0.354789674282074 0.8356152176856995 0.7125737071037292 0.9621447920799255
2 0.3222831189632416 0.8656441569328308 0.4561082124710083 0.9667730927467346 0.6562129259109497
2 0.3212255835533142 0.8875011801719666 0.9125227928161621 0.8891792893409729 0.9293844699859619
