2 0.5495443344116211 0.8123751878738403 0.22696810960769653 0.8495665788650513 0.3423615097999573
3 0.4956885874271393 0.3015827536582947 0.7637947797775269 0.667834997177124 0.8942424058914185
2 0.4452296793460846 0.7378977537155151 0.09801019728183746 0.7795331478118896 0.23280899226665497
2 0.4360293447971344 0.8245285749435425 0.26055559515953064 0.8697208166122437 0.37127456068992615
0 0.42573726177215576 -0.6220766305923462 0.6092629432678223 2.48543119430542 0.6474034786224365
0 0.397441029548645 -0.42562031745910645 0.6244436502456665 2.325438976287842 0.6588560342788696
3 0.39296388626098633 0.452122300863266 0.7766240835189819 0.8431580066680908 0.8986138105392456
2 0.38559868931770325 0.5997400283813477 0.14085030555725098 0.639575719833374 0.26555728912353516
2 0.3847939670085907 0.895939290523529 0.6171252727508545 0.9123849272727966 0.633430004119873
2 0.3803916871547699 0.42601072788238525 0.6690665483474731 0.6790733337402344 0.8061221837997437
2 0.3775426745414734 0.8965222835540771 0.43865665793418884 0.925407886505127 0.4580326974391937
2 0.36144116520881653 0.8030562996864319 0.37622585892677307 0.915789783000946 0.5604560375213623
2 0.35983726382255554 0.5231325626373291 0.36938974261283875 0.5353279113769531 0.43093886971473694
2 0.35700270533561707 0.688395082950592 0.288331001996994 0.8054741024971008 0.47368887066841125
2 0.3532768785953522 0.2610386312007904 -5.349063396453857 0.28263601660728455 7.186736583709717
2 0.3485000729560852 0.7267101407051086 0.24539417028427124 0.8537663817405701 0.4290974736213684
2 0.3469308018684387 0.8738386034965515 0.828825831413269 0.9800522923469543 0.9992903470993042
2 0.34396374225616455 0.5313292741775513 0.34900638461112976 0.6894806623458862 0.4783637821674347
2 0.34390905499458313 0.2673608362674713 -4.676840782165527 0.29011115431785583 6.511410713195801
2 0.34362509846687317 0.41826295852661133 0.41065505146980286 0.6149052381515503 0.551851749420166
