2 0.531663715839386 0.18406380712985992 -2.773744583129883 0.1928793042898178 4.568791389465332
0 0.46357104182243347 -1.0277820825576782 0.5443294048309326 2.7592716217041016 0.5831648111343384
0 0.43829938769340515 -0.17114979028701782 0.5920234322547913 1.9070606231689453 0.6384252905845642
1 0.42327943444252014 0.012526251375675201 0.884687066078186 0.23989680409431458 0.9566433429718018
2 0.41750115156173706 0.2527763247489929 -4.5297722816467285 0.2687729001045227 6.362054347991943
1 0.4093152582645416 0.030453160405158997 0.8252867460250854 0.3414832353591919 0.882201075553894
4 0.38304951786994934 -0.15728086233139038 0.5243962407112122 1.5751376152038574 0.5591786503791809
0 0.37958431243896484 0.3379056453704834 -5.93190336227417 0.35315120220184326 7.714502811431885
1 0.36396026611328125 0.07623552531003952 0.8434107899665833 0.30233460664749146 0.8978394865989685
1 0.35894322395324707 -0.08694107830524445 0.8599787354469299 0.2966856360435486 0.974680483341217
2 0.3579631745815277 0.29156067967414856 -7.306455612182617 0.30436500906944275 9.143989562988281
3 0.3537679612636566 0.16818521916866302 0.7903169989585876 0.5108808279037476 0.901569664478302
0 0.3516590893268585 -1.1791279315948486 0.5260074138641357 2.9678800106048584 0.5643014907836914
0 0.344030499458313 0.2822396457195282 -5.345582485198975 0.29036107659339905 7.093934535980225
2 0.34236323833465576 0.3002094030380249 -7.041210174560547 0.3148179054260254 8.883941650390625
4 0.3316549062728882 -1.144129991531372 0.490267813205719 2.9367001056671143 0.5465003848075867
1 0.32393932342529297 0.16765697300434113 0.25841468572616577 0.5405930876731873 0.7702657580375671
1 0.32387667894363403 0.022324949502944946 0.8496832847595215 0.24105128645896912 0.9178283214569092
1 0.3183223307132721 0.19857487082481384 0.18658694624900818 0.7797822952270508 0.7280317544937134
2 0.30082955956459045 0.06824921071529388 0.6133641600608826 0.21393801271915436 0.7383591532707214
