4 0.5528098344802856 -0.5064099431037903 0.5503480434417725 2.403427839279175 0.5806179046630859
4 0.4292852580547333 -0.30324941873550415 0.4444011151790619 1.9490416049957275 0.4677291214466095
1 0.42091137170791626 0.11213165521621704 0.285608172416687 0.5435370802879333 0.7776279449462891
4 0.39006689190864563 -2.3905632495880127 0.5513272285461426 4.173409461975098 0.5727081298828125
1 0.3653320074081421 0.05200711637735367 0.86711186170578 0.22630611062049866 0.9520815014839172
1 0.3467823266983032 0.24236220121383667 0.08579748868942261 0.4885557293891907 0.9457308650016785
1 0.34451279044151306 0.2769210934638977 0.21892988681793213 0.6426516175270081 0.7879184484481812
1 0.3437862992286682 0.019464612007141113 0.09735965728759766 0.5834832191467285 0.973271369934082
2 0.3410417139530182 -0.09280744194984436 0.8463702201843262 0.2984853684902191 0.9697318077087402
2 0.33530789613723755 0.15282438695430756 -2.0119869709014893 0.16069860756397247 3.7869322299957275
2 0.33203577995300293 0.23347237706184387 -5.902883529663086 0.24302265048027039 7.686521530151367
2 0.3284721076488495 0.01619315892457962 0.6479785442352295 0.1622523069381714 0.77126145362854
2 0.3222998082637787 0.1698123812675476 -5.032491207122803 0.1824207901954651 6.865970134735107
3 0.31934407353401184 0.42563652992248535 0.7725265026092529 0.6751558780670166 0.9284915924072266
4 0.3162987530231476 0.2864340543746948 -7.875195503234863 0.29775500297546387 9.718754768371582
4 0.31530287861824036 -1.220815658569336 0.5987406373023987 3.0117931365966797 0.6199609637260437
1 0.31318560242652893 0.6950531005859375 0.35553452372550964 0.8289183378219604 0.41348549723625183
3 0.31119534373283386 0.33473095297813416 0.7779715061187744 0.5897915363311768 0.9225939512252808
4 0.30837976932525635 -1.554545521736145 0.5686701536178589 3.3152036666870117 0.5906186103820801
2 0.30773285031318665 0.28511786460876465 0.6491043567657471 0.4208794832229614 0.7586290836334229
