3 0.4694705903530121 0.5869738459587097 0.776422381401062 0.8964522480964661 0.9071990251541138
4 0.4498014450073242 -0.01829296350479126 0.8781605362892151 0.23084086179733276 0.9501315951347351
1 0.42512059211730957 -0.4227668046951294 0.4127792418003082 1.9586139917373657 0.4551626145839691
3 0.41270580887794495 0.4909622371196747 0.7487926483154297 0.7802904844284058 0.8849501609802246
1 0.402539998292923 -0.8811626434326172 0.559478223323822 2.7478959560394287 0.590869128704071
2 0.3521050214767456 0.1887001097202301 -5.27314567565918 0.22399047017097473 7.109525680541992
1 0.3520365357398987 -0.5725870132446289 0.5236116647720337 2.460777759552002 0.5708932876586914
1 0.34878623485565186 0.22606052458286285 -7.4097113609313965 0.24469034373760223 9.253559112548828
2 0.3485824167728424 0.838550329208374 0.514740526676178 0.8999645709991455 0.5534408688545227
1 0.34672245383262634 -1.3919847011566162 0.572956383228302 3.2044589519500732 0.6016471982002258
3 0.33994993567466736 0.18780426681041718 0.3326793909072876 0.6519855856895447 0.782387375831604
2 0.33705779910087585 0.07633458077907562 0.8409485220909119 0.33394473791122437 0.9148502945899963
3 0.3335592448711395 0.5035074353218079 0.7935160994529724 0.7837421298027039 0.9359627366065979
2 0.3327362835407257 0.9334137439727783 0.31844761967658997 0.9704728126525879 0.3371492326259613
4 0.3249136805534363 -1.1807947158813477 0.5922009944915771 3.04103422164917 0.6210751533508301
2 0.32391059398651123 0.8790009617805481 0.44788220524787903 0.9420153498649597 0.4927120506763458
2 0.3234109580516815 0.27014246582984924 0.3611229956150055 0.5142189860343933 0.4863843023777008
2 0.3178137242794037 0.5266099572181702 0.33959245681762695 0.7094454169273376 0.45968687534332275
1 0.3173123002052307 0.760491669178009 0.2296702116727829 0.8194716572761536 0.3062545657157898
2 0.31731006503105164 0.17228883504867554 -9.095237731933594 0.1938372254371643 10.902267456054688
