4 0.4368140399456024 -0.002985343337059021 0.8635659217834473 0.2882305979728699 0.9609863758087158
4 0.40934985876083374 -0.7166333198547363 0.4690638482570648 2.6205899715423584 0.5000790357589722
3 0.38519087433815 0.5817440152168274 0.7890872359275818 0.8919506669044495 0.9392063021659851
2 0.3594683110713959 0.9280612468719482 0.3483200967311859 0.9610443115234375 0.36776795983314514
4 0.3561825752258301 -1.1399117708206177 0.6242607831954956 3.0234813690185547 0.6505671739578247
2 0.3542892634868622 -0.6452841758728027 0.6323696374893188 2.4805643558502197 0.6659585237503052
1 0.3511975109577179 0.5437840819358826 0.23679032921791077 0.6333939433097839 0.33084580302238464
2 0.3483925759792328 -0.009412229061126709 0.805317759513855 0.3083992600440979 0.9001656770706177
2 0.3438147008419037 0.9092456102371216 0.5078422427177429 0.9309180974960327 0.5238179564476013
1 0.34244483709335327 0.6971834301948547 0.3037053346633911 0.8048576712608337 0.3846259117126465
4 0.33969846367836 -0.6210247874259949 0.4310687184333801 2.298973798751831 0.44999414682388306
1 0.3358064591884613 0.24265992641448975 -6.757587432861328 0.25656336545944214 8.569842338562012
2 0.3311065137386322 -0.1178118884563446 0.8053606748580933 0.31465771794319153 1.0329471826553345
1 0.3249763250350952 0.6969320774078369 0.26159024238586426 0.7391453981399536 0.3528274893760681
3 0.32414335012435913 0.45054110884666443 0.7590232491493225 0.7190459966659546 0.9049023985862732
1 0.3240954279899597 0.8322120904922485 0.26717066764831543 0.8938866853713989 0.3499777317047119
2 0.32314401865005493 0.9402155876159668 0.838877260684967 0.9417357444763184 0.8574052453041077
2 0.32219618558883667 0.13090044260025024 -2.4119956493377686 0.13479608297348022 4.176946640014648
2 0.32069429755210876 0.8875173926353455 0.4443340301513672 0.9362289309501648 0.4845593571662903
1 0.31929096579551697 0.18526646494865417 -6.153565406799316 0.1988532841205597 7.974789619445801
