2 0.5226234197616577 0.1478797197341919 -4.750087738037109 0.1713886260986328 6.555983543395996
4 0.4233821928501129 0.301550030708313 0.7966596484184265 0.5487325191497803 0.913718044757843
4 0.42011767625808716 0.3511675000190735 0.7607254981994629 0.6332987546920776 0.9053992033004761
2 0.4106709957122803 0.18360118567943573 -8.55364990234375 0.19069214165210724 10.379667282104492
2 0.40831243991851807 0.16797050833702087 -7.139859199523926 0.17885932326316833 8.9525728225708
4 0.4016149938106537 -1.7336792945861816 0.6554549336433411 3.5629820823669434 0.6770059466362
2 0.3910498023033142 0.1852990984916687 -6.538089752197266 0.2082563042640686 8.34753131866455
4 0.38777822256088257 -1.3596138954162598 0.6278126835823059 3.269688129425049 0.6488093733787537
4 0.37546980381011963 -1.816878080368042 0.6495747566223145 3.6573970317840576 0.6693317890167236
4 0.37149497866630554 0.5045374631881714 0.7802382111549377 0.8295111656188965 0.9295167326927185
4 0.36890727281570435 -1.4217945337295532 0.6670970916748047 3.2836642265319824 0.6872239112854004
1 0.3595225214958191 0.059437185525894165 0.8710489273071289 0.2845061719417572 0.9123358726501465
0 0.352181613445282 0.01429334282875061 0.8787384629249573 0.2152964174747467 0.9612676501274109
1 0.3471888303756714 -0.011060118675231934 0.8602854609489441 0.33820629119873047 0.9101417660713196
4 0.33394157886505127 0.30317187309265137 0.8210436105728149 0.6852070093154907 0.9296387434005737
1 0.3266802132129669 0.7626944780349731 0.1878471076488495 0.8107651472091675 0.2712039053440094
2 0.325164258480072 0.9352008700370789 0.3856239914894104 0.96268230676651 0.4039325714111328
2 0.3225642442703247 0.2122734636068344 -7.746167182922363 0.218316450715065 9.586592674255371
4 0.32152259349823 0.57886803150177 0.8127822279930115 0.9293427467346191 0.9488546252250671
1 0.31709954142570496 0.7801480889320374 0.2123062014579773 0.8208836913108826 0.2928163409233093
