1 0.5223487615585327 -0.42133569717407227 0.654541552066803 2.144994020462036 0.6785131096839905
1 0.48841455578804016 -0.6601743698120117 0.62248295545578 2.4317572116851807 0.6500445008277893
2 0.4099739193916321 0.06798689812421799 0.8970087170600891 0.19446587562561035 0.9769009947776794
1 0.3958792984485626 -0.4435091018676758 0.579007625579834 2.3176612854003906 0.6117115020751953
1 0.37164556980133057 -0.46595656871795654 0.5671360492706299 2.2899222373962402 0.5957173109054565
1 0.36168184876441956 0.23786960542201996 -7.5560078620910645 0.24855084717273712 9.378449440002441
2 0.3616485595703125 0.8870207071304321 0.45182257890701294 0.9411967992782593 0.4901549816131592
4 0.3556099236011505 -0.016599826514720917 0.8710710406303406 0.16912376880645752 0.9703300595283508
2 0.35286369919776917 0.8942476511001587 0.3413003087043762 0.9298635721206665 0.36105602979660034
2 0.3528483510017395 0.864921510219574 0.50742107629776 0.9228795170783997 0.5411623120307922
2 0.3478182256221771 0.14528554677963257 -2.916354179382324 0.1494981050491333 4.663303375244141
1 0.33562588691711426 -0.3160175681114197 0.5051729083061218 1.9511229991912842 0.5334851145744324
2 0.33555352687835693 0.8826974630355835 0.507922887802124 0.9445679187774658 0.5429824590682983
3 0.3218195140361786 0.5024935007095337 0.8303911685943604 0.7762700319290161 0.9622104167938232
2 0.32039323449134827 0.8711645007133484 0.43049895763397217 0.9286471009254456 0.4724609851837158
4 0.3186925947666168 0.2922804355621338 0.2567111551761627 0.643225908279419 0.7704800367355347
2 0.31629034876823425 0.9039945602416992 0.5384554862976074 0.9273736476898193 0.5543934106826782
2 0.31622058153152466 0.1298210620880127 0.8819146156311035 0.2927435040473938 0.9338109493255615
4 0.31428903341293335 0.2536023259162903 -10.37806224822998 0.2619553804397583 12.217394828796387
2 0.302805095911026 0.33489611744880676 0.6749156713485718 0.6285605430603027 0.8216192722320557
