2 0.4626597762107849 0.8703888654708862 0.4510723948478699 0.883857250213623 0.5212230682373047
4 0.4220108687877655 -0.02746790647506714 0.8897022604942322 0.22412943840026855 0.9516132473945618
2 0.38184911012649536 0.8095299601554871 0.3623829782009125 0.8320069909095764 0.4423404037952423
2 0.3720548748970032 0.9142457246780396 0.5707077383995056 0.9350342750549316 0.5861620306968689
2 0.36592864990234375 0.927958607673645 0.3973976969718933 0.9612249135971069 0.41541337966918945
3 0.3657640516757965 0.5364832878112793 0.7812083959579468 0.917648196220398 0.9165090322494507
2 0.34938743710517883 0.9237876534461975 0.5431214570999146 0.944940984249115 0.5663243532180786
2 0.3427484333515167 0.7570580244064331 0.31960541009902954 0.7964394092559814 0.4087200164794922
2 0.33453890681266785 0.9172455072402954 0.8971885442733765 0.9192370176315308 0.9133390188217163
2 0.3342083692550659 0.1663854420185089 -2.899899482727051 0.17304059863090515 4.649758338928223
2 0.33055010437965393 0.7736303806304932 0.39829492568969727 0.798175573348999 0.4887728691101074
2 0.32964888215065 0.9122806787490845 0.8434747457504272 0.9934302568435669 1.0259572267532349
2 0.32030922174453735 0.7756323218345642 0.29853010177612305 0.8170626759529114 0.38488924503326416
2 0.3171723484992981 0.8798041343688965 0.4256107807159424 0.9617706537246704 0.6567565202713013
2 0.315936803817749 0.9247074723243713 0.5383819341659546 0.9567719101905823 0.5798054933547974
1 0.3153728246688843 0.6617748737335205 0.18804410099983215 0.7546143531799316 0.2898952066898346
2 0.2992888391017914 0.7534397840499878 0.1676786243915558 0.8139263391494751 0.2595100700855255
2 0.29911696910858154 0.8394113779067993 0.35619163513183594 0.9286633729934692 0.5656861662864685
0 0.2976568937301636 -0.9444464445114136 0.5792871713638306 2.8732433319091797 0.6055570840835571
2 0.29371872544288635 0.8499780893325806 0.41837915778160095 0.9315563440322876 0.63945472240448
