0 0.5514634847640991 0.24869871139526367 0.5372471213340759 1.6476590633392334 0.586558997631073
2 0.49493664503097534 0.8287607431411743 0.4555264711380005 0.9061850309371948 0.5191444158554077
2 0.42665621638298035 0.8683443665504456 0.38899466395378113 0.9424800276756287 0.4463635981082916
0 0.4114270508289337 0.11409413814544678 0.567247748374939 1.7088451385498047 0.6102582216262817
1 0.3953790068626404 0.24312029778957367 -7.893463134765625 0.24964894354343414 9.751441955566406
2 0.3942074477672577 0.23034901916980743 -4.020956993103027 0.24253462255001068 5.838523864746094
2 0.3826241195201874 0.3711487352848053 0.32254666090011597 0.8341503143310547 0.7974053025245667
2 0.3781307637691498 0.8544442653656006 0.327047199010849 0.9770230054855347 0.3938174545764923
2 0.35946303606033325 0.8750641942024231 0.5546784400939941 0.9637674689292908 0.5982785224914551
2 0.3503078818321228 0.22154463827610016 0.3024076819419861 0.6656491756439209 0.7171575427055359
2 0.3471391201019287 0.8821702599525452 0.5388481616973877 0.9601055979728699 0.5835716724395752
2 0.34236377477645874 0.2654578983783722 0.17159982025623322 0.31955400109291077 0.2465835064649582
2 0.3419564366340637 0.9188345670700073 0.42727169394493103 0.9637454748153687 0.4446645677089691
2 0.3385442793369293 0.8123317956924438 0.3197444677352905 0.9193004369735718 0.5265828967094421
1 0.3371293544769287 0.23826348781585693 -6.295087814331055 0.24876266717910767 8.150701522827148
2 0.3361068367958069 0.8812075853347778 0.5351720452308655 0.9114617109298706 0.5507327914237976
2 0.3360074758529663 0.2174290418624878 0.31277114152908325 0.405265212059021 0.42798078060150146
3 0.3340587913990021 0.5202207565307617 0.8078636527061462 0.8395062685012817 0.9372308850288391
1 0.3244835138320923 0.8065648078918457 0.2733398675918579 0.9687328338623047 0.351792573928833
2 0.32240352034568787 0.2277805656194687 -6.07517671585083 0.2391911894083023 7.859142780303955
