2 0.5003671050071716 0.2349027544260025 -4.420693874359131 0.24418149888515472 6.2521891593933105
3 0.4881747364997864 0.3653597831726074 0.8048466444015503 0.8326901197433472 0.9340289831161499
3 0.4681515097618103 0.28994104266166687 0.836548388004303 0.6838086843490601 0.9519081711769104
2 0.41977545619010925 0.2565920948982239 -7.412116050720215 0.26900798082351685 9.262022972106934
1 0.41603028774261475 0.7990075349807739 0.16074207425117493 0.852458119392395 0.24467989802360535
1 0.41091305017471313 0.7777158617973328 0.14249050617218018 0.8367649912834167 0.22057241201400757
3 0.4101490080356598 0.6226083040237427 0.830577552318573 1.090779423713684 0.945996105670929
1 0.40839752554893494 0.7155267000198364 0.1639854907989502 0.7659152746200562 0.2490481734275818
1 0.40134450793266296 0.8075576424598694 0.1045873761177063 0.8724444508552551 0.18539351224899292
1 0.3866417407989502 0.7895880937576294 0.24925674498081207 0.8323301076889038 0.3209453821182251
2 0.3782958686351776 0.16180811822414398 -2.9245543479919434 0.17028863728046417 4.669488430023193
1 0.37001532316207886 0.737056314945221 0.15123550593852997 0.8359804749488831 0.2422744184732437
3 0.3661780059337616 0.7413410544395447 0.7666832208633423 1.0506902933120728 0.9173933267593384
2 0.3643236458301544 0.282797247171402 -7.013721466064453 0.2933517396450043 8.871691703796387
2 0.3581230044364929 0.930448591709137 0.36721163988113403 0.9549939036369324 0.3841661810874939
3 0.3520340323448181 0.0705316960811615 0.79202800989151 0.4479488432407379 0.9117600321769714
2 0.34902626276016235 0.8867842555046082 0.5287824869155884 0.9035505652427673 0.5441827774047852
2 0.3438657522201538 0.23904655873775482 -8.330208778381348 0.2485908418893814 10.162617683410645
4 0.3367094397544861 -0.019130751490592957 0.8809702396392822 0.2405024617910385 0.9426026344299316
1 0.3322561979293823 0.8261982798576355 0.3380690813064575 0.8581085801124573 0.40537190437316895
