2 0.811874270439148 0.8724469542503357 0.2491333782672882 0.8954337239265442 0.3228106200695038
2 0.7846165299415588 0.8405445218086243 0.268964946269989 0.8686144948005676 0.3433545231819153
2 0.7778205275535583 0.8679088354110718 0.31466951966285706 0.8856867551803589 0.38327762484550476
2 0.617658257484436 0.8021008968353271 0.3431016206741333 0.8250786066055298 0.3946359157562256
2 0.6062393188476562 0.2562224864959717 -4.820070266723633 0.2715305685997009 6.667304039001465
2 0.5478016138076782 0.8095996975898743 0.22034932672977448 0.8586259484291077 0.28824520111083984
2 0.520491898059845 0.1787307858467102 -2.017007350921631 0.18604105710983276 3.7344226837158203
3 0.4366545081138611 0.7405747771263123 0.7594563961029053 0.9456821084022522 0.9217429161071777
3 0.42409247159957886 0.08933019638061523 0.8707755208015442 0.29284679889678955 0.9482671618461609
2 0.4144907593727112 0.36622512340545654 0.4725140333175659 0.40576988458633423 0.5447196960449219
2 0.401843786239624 0.8999840617179871 0.5589311718940735 0.9420509934425354 0.5917688012123108
2 0.3993947505950928 0.2539523243904114 -6.291433334350586 0.26634252071380615 8.112199783325195
2 0.39791300892829895 0.908039391040802 0.5244011282920837 0.951555073261261 0.5574851632118225
2 0.3924945592880249 0.45896250009536743 0.49634790420532227 0.5003675818443298 0.5701419115066528
2 0.3828335106372833 0.39127957820892334 0.4815412163734436 0.43803560733795166 0.557125985622406
2 0.3798528015613556 0.7446957230567932 0.4304876923561096 0.7535285353660583 0.4726719260215759
2 0.37969034910202026 0.28797775506973267 -7.955037593841553 0.30322808027267456 9.791491508483887
2 0.37913429737091064 0.8826507329940796 0.4982478618621826 0.9316045045852661 0.531630277633667
2 0.37550821900367737 0.3064277768135071 0.6074520349502563 0.4886491298675537 0.7105746269226074
3 0.3747205436229706 0.5213053822517395 0.737293004989624 0.7708553671836853 0.8972258567810059
