1 0.5641011595726013 0.010811939835548401 0.8542332649230957 0.20949845016002655 0.9521102905273438
3 0.4160272777080536 0.5467404127120972 0.8198174238204956 0.9352419376373291 0.9536000490188599
2 0.40558138489723206 0.2776629626750946 -7.999212265014648 0.29088714718818665 9.835018157958984
2 0.4046277105808258 0.31255635619163513 -6.6892595291137695 0.32021573185920715 8.541067123413086
2 0.3994976878166199 0.27991002798080444 -8.08646011352539 0.2854567766189575 9.930906295776367
1 0.3806709349155426 0.7696006298065186 0.2200486660003662 0.8208972215652466 0.31331151723861694
1 0.3744431734085083 0.6986490488052368 0.1533495932817459 0.7838646173477173 0.2381739467382431
1 0.3732120096683502 0.7747698426246643 0.19643837213516235 0.8316237330436707 0.2873225808143616
1 0.37013113498687744 0.7549176216125488 0.17499670386314392 0.8096184730529785 0.25965073704719543
1 0.36700159311294556 0.7509837746620178 0.2456158697605133 0.7919186949729919 0.33777210116386414
2 0.35866403579711914 0.24910986423492432 -6.452417373657227 0.2567112445831299 8.289795875549316
1 0.3556303381919861 -0.803790271282196 0.46674880385398865 2.541360855102539 0.4845726788043976
2 0.35486239194869995 0.28419631719589233 0.34282994270324707 0.7500930428504944 0.7607897520065308
1 0.35301104187965393 0.7612490057945251 0.12513506412506104 0.82533198595047 0.21011799573898315
2 0.35091668367385864 0.9286426901817322 0.3660721182823181 0.9540184140205383 0.38437288999557495
2 0.34589147567749023 0.028559736907482147 0.2543749213218689 0.25593316555023193 0.36292535066604614
2 0.3411521315574646 0.9073304533958435 0.5233340859413147 0.9248066544532776 0.5397569537162781
2 0.33952561020851135 0.18718431890010834 0.19623595476150513 0.5839697122573853 0.4752916097640991
2 0.3388995826244354 0.4318298399448395 0.23423084616661072 0.7888288497924805 0.6675535440444946
0 0.3303813636302948 -1.1683130264282227 0.5773250460624695 3.087714195251465 0.6004534363746643
