4 0.7320417761802673 -0.6883702278137207 0.6809322834014893 2.5471925735473633 0.6993926763534546
4 0.6105037331581116 -0.8587439060211182 0.6687660217285156 2.705216407775879 0.6893991231918335
2 0.5047932863235474 0.2116043120622635 -8.323448181152344 0.2183532565832138 10.091436386108398
2 0.49356240034103394 0.22619280219078064 -7.207095146179199 0.23456349968910217 8.96677303314209
3 0.4576602280139923 0.32376816868782043 0.7970677018165588 0.6048572063446045 0.9312276244163513
3 0.4380408823490143 0.4811311364173889 0.7806205749511719 0.7405881285667419 0.9176251888275146
2 0.4377977252006531 0.0751553475856781 0.8163352012634277 0.3450763523578644 0.9094986915588379
4 0.38826724886894226 -0.790422260761261 0.6359575390815735 2.5467212200164795 0.6564804911613464
4 0.3878858983516693 -1.0330318212509155 0.6120849251747131 2.7500734329223633 0.6350778937339783
3 0.38115939497947693 0.637785017490387 0.78082275390625 0.9157525897026062 0.9189634323120117
3 0.36573559045791626 0.7280939817428589 0.7501090168952942 1.0967199802398682 0.8667592406272888
2 0.36211884021759033 0.07251383364200592 0.8513335585594177 0.3279115557670593 0.9274713397026062
3 0.3553266227245331 0.7668191194534302 0.7982199788093567 1.0373271703720093 0.9319424033164978
2 0.33816441893577576 0.22967980802059174 -7.2770771980285645 0.2377752810716629 9.102276802062988
3 0.333623468875885 0.40517014265060425 0.23051288723945618 0.7274628281593323 0.7599103450775146
0 0.3328978419303894 -1.0326944589614868 0.5533950924873352 2.907325267791748 0.5784736275672913
2 0.33199694752693176 0.2751690447330475 -6.711414337158203 0.2856549918651581 8.480130195617676
4 0.33090537786483765 -0.031581535935401917 0.8997626900672913 0.2603827118873596 0.9694939255714417
2 0.3264290392398834 -0.06459452211856842 0.8105502128601074 0.31259822845458984 1.0340486764907837
2 0.3196086883544922 0.44872426986694336 0.3182189464569092 0.4933696985244751 0.40550732612609863
