2 0.5342316031455994 0.6948592066764832 0.4374052584171295 0.7197347283363342 0.49864813685417175
2 0.5081083178520203 0.8370962142944336 0.41643860936164856 0.8615777492523193 0.49341562390327454
2 0.5043874382972717 0.8628286123275757 0.5212467908859253 0.880416750907898 0.594152569770813
2 0.4711824655532837 0.24865290522575378 -3.9723405838012695 0.26045146584510803 5.780867576599121
2 0.4667331874370575 0.8830923438072205 0.23897328972816467 0.9105873703956604 0.34553536772727966
2 0.4666096270084381 0.2590598165988922 -4.688275337219238 0.2794204652309418 6.48036003112793
2 0.4286380708217621 -0.9524565935134888 0.5933873057365417 2.6622776985168457 0.6280624270439148
3 0.416765034198761 0.015310540795326233 0.8344362378120422 0.2622125744819641 0.9612446427345276
2 0.41581931710243225 -0.8543282747268677 0.5620680451393127 2.630636215209961 0.5918639302253723
2 0.414096474647522 0.2898317873477936 -4.977666854858398 0.29965248703956604 6.795519828796387
3 0.4085864722728729 0.315107524394989 0.7760461568832397 0.5550442337989807 0.9102886915206909
2 0.4046253561973572 0.2725589871406555 -6.109318256378174 0.2854195833206177 7.9245285987854
2 0.39530158042907715 0.8743009567260742 0.5323081016540527 0.9270788431167603 0.5760239362716675
2 0.38879355788230896 0.23684479296207428 -5.096604824066162 0.2583005130290985 6.871476650238037
2 0.3885755240917206 0.8676725625991821 0.5125481486320496 0.9123004674911499 0.560504138469696
3 0.3846644461154938 0.5635896325111389 0.7611537575721741 0.7635278105735779 0.9101546406745911
2 0.3754822313785553 0.8322027921676636 0.548708975315094 0.8854621648788452 0.5907965302467346
3 0.3607978820800781 0.48038700222969055 0.7303626537322998 0.664252758026123 0.8854109048843384
2 0.35965755581855774 0.269521027803421 -5.747010231018066 0.27906808257102966 7.558152198791504
2 0.3586154878139496 0.28322508931159973 -5.084027290344238 0.29281434416770935 6.890667915344238
