4 0.5170429348945618 -0.9639590978622437 0.6329933404922485 2.7839112281799316 0.6583091020584106
0 0.47829490900039673 0.12888234853744507 0.30048519372940063 0.8136196732521057 0.8326669335365295
1 0.4571917653083801 0.06538944691419601 0.8604137897491455 0.29951953887939453 0.9186220169067383
1 0.43919530510902405 0.019264355301856995 0.7987114787101746 0.3171420097351074 0.8685079216957092
4 0.39091527462005615 -1.3350465297698975 0.6039975881576538 3.162994146347046 0.628644585609436
1 0.37076419591903687 0.2665899991989136 -9.473437309265137 0.27909213304519653 11.314896583557129
2 0.3703409731388092 0.9139543771743774 0.4099138081073761 0.9443173408508301 0.4272831976413727
1 0.369732528924942 0.7690324783325195 0.20449841022491455 0.8308228254318237 0.3041105270385742
2 0.36970090866088867 0.17313770949840546 -2.477799892425537 0.17871256172657013 4.253788471221924
3 0.36962029337882996 0.31445303559303284 0.8103687763214111 0.6158961057662964 0.9386296272277832
4 0.3685795068740845 -0.057572707533836365 0.8556742668151855 0.22673927247524261 0.9529058933258057
1 0.36367443203926086 0.8016915321350098 0.21121028065681458 0.8586733341217041 0.28148749470710754
3 0.3547643721103668 0.4229327440261841 0.7875702381134033 0.7105387449264526 0.9208685159683228
1 0.3533531427383423 0.7872161269187927 0.2269238531589508 0.8449936509132385 0.32372143864631653
2 0.34047529101371765 0.8691896200180054 0.5158721804618835 0.8888981342315674 0.5329896807670593
1 0.33745160698890686 0.7106202840805054 0.15271688997745514 0.7652854919433594 0.2536655068397522
1 0.33536601066589355 0.5927646160125732 0.1846100240945816 0.6703711748123169 0.2757948637008667
4 0.33162441849708557 -1.7259008884429932 0.6136409044265747 3.574129343032837 0.6385970115661621
1 0.330241858959198 0.22794049978256226 -12.527876853942871 0.2346651554107666 14.370585441589355
1 0.3273925483226776 0.6642080545425415 0.02879694476723671 0.746308445930481 0.1381356418132782
