2 0.527911901473999 0.28186699748039246 -7.568601131439209 0.287754625082016 9.39604663848877
2 0.44475823640823364 0.2631254494190216 -5.159006595611572 0.2712768018245697 6.969532489776611
2 0.4337368905544281 0.22178803384304047 -4.683721542358398 0.23377163708209991 6.49675178527832
0 0.4085170328617096 -1.2280715703964233 0.6238169074058533 2.9814653396606445 0.6414372324943542
0 0.4008924663066864 -0.9636498689651489 0.5940529108047485 2.7481160163879395 0.612351655960083
3 0.3977039158344269 0.15675388276576996 0.8303592205047607 0.5340824127197266 0.9402245283126831
2 0.39678990840911865 0.8066517114639282 0.5034091472625732 0.9310392141342163 0.6727662086486816
2 0.3957090675830841 0.8281773328781128 0.4306694269180298 0.9490870237350464 0.6004323959350586
2 0.38842180371284485 0.25171640515327454 -4.514843940734863 0.2651377022266388 6.317976951599121
4 0.38203203678131104 -0.07590711116790771 0.8490118980407715 0.336559534072876 0.9575819969177246
3 0.366464763879776 0.3110157251358032 0.8024234175682068 0.6066616177558899 0.9363391995429993
2 0.36433926224708557 0.1565053015947342 0.36233821511268616 0.21919099986553192 0.42695698142051697
2 0.36253055930137634 0.9119943380355835 0.377357542514801 0.9431416988372803 0.39447999000549316
2 0.35916265845298767 0.8412362337112427 0.8620325922966003 0.9526578187942505 1.0374643802642822
2 0.35852566361427307 0.18804028630256653 0.43172451853752136 0.25136813521385193 0.49344757199287415
2 0.3536089062690735 0.026554420590400696 0.8683648109436035 0.2508547902107239 0.9705944061279297
2 0.35060063004493713 0.22047317028045654 0.44169265031814575 0.2778310179710388 0.5046387910842896
2 0.34646913409233093 0.5513013005256653 0.3961598575115204 0.5967145562171936 0.46127429604530334
2 0.34588900208473206 0.7710633873939514 0.40848004817962646 0.8886110186576843 0.5788652300834656
0 0.34564170241355896 -1.3465800285339355 0.6373316049575806 3.1063671112060547 0.6544525623321533
