4 0.5308287143707275 -0.9068176746368408 0.5536785125732422 2.701218843460083 0.5808218717575073
4 0.5067830681800842 -0.5831589698791504 0.5662962794303894 2.4119601249694824 0.5941330790519714
4 0.5055525898933411 -0.8851580619812012 0.5368174314498901 2.6748883724212646 0.5629390478134155
4 0.4964006543159485 -0.6000299453735352 0.5457379221916199 2.5085337162017822 0.5732124447822571
2 0.4069836735725403 0.19315403699874878 -3.969820261001587 0.21849822998046875 5.799452781677246
2 0.40687307715415955 0.2175941914319992 -5.380034446716309 0.23788262903690338 7.208974838256836
2 0.393091082572937 0.23014241456985474 -5.851325988769531 0.24768340587615967 7.684170722961426
4 0.38917776942253113 -0.4185485243797302 0.4578462243080139 2.1090614795684814 0.4764360189437866
0 0.387805700302124 0.23217962682247162 0.28591710329055786 0.7020778656005859 0.7321248650550842
2 0.3522420823574066 0.9137257933616638 0.3604452311992645 0.9383853077888489 0.37798914313316345
3 0.35020121932029724 0.3663114905357361 0.7537599802017212 0.6490984559059143 0.8968625068664551
1 0.343890517950058 0.7384114861488342 0.4411417543888092 0.7677035927772522 0.5004612803459167
1 0.34026241302490234 0.5591282248497009 0.3177126348018646 0.6291623711585999 0.379593163728714
1 0.3398488759994507 0.1664762794971466 0.3555114269256592 0.4950926601886749 0.7800618410110474
1 0.33591896295547485 0.6784778237342834 0.4358133375644684 0.7062756419181824 0.49641165137290955
2 0.3319382071495056 0.8862740397453308 0.5112901329994202 0.9027069211006165 0.5255135893821716
1 0.33155378699302673 -0.040479183197021484 0.8797085285186768 0.2436351180076599 0.9585304260253906
1 0.3304064869880676 0.7260295152664185 0.4091489315032959 0.7536718845367432 0.4691309332847595
1 0.3281554877758026 0.6649453639984131 0.4148889482021332 0.6930665969848633 0.4695000946521759
1 0.3247074782848358 0.7484168410301208 0.4551515281200409 0.7735973000526428 0.5099931359291077
