2 0.42830604314804077 0.15331906080245972 -5.572851657867432 0.1691175103187561 7.393913745880127
1 0.3988727927207947 0.7907172441482544 0.22789746522903442 0.8260760307312012 0.29716503620147705
2 0.3915208578109741 0.17960503697395325 -2.447448968887329 0.18545761704444885 4.170005798339844
1 0.3854893743991852 0.8050470948219299 0.23981082439422607 0.841216504573822 0.3110426664352417
1 0.3810940384864807 0.7968571782112122 0.30504652857780457 0.8279644846916199 0.36447402834892273
4 0.37678444385528564 -1.5366920232772827 0.6345807909965515 3.3432044982910156 0.6597293019294739
4 0.37530815601348877 -1.0088229179382324 0.6134948134422302 2.9300315380096436 0.6406020522117615
1 0.37161850929260254 0.7618796825408936 0.29125428199768066 0.8018245697021484 0.3600485324859619
2 0.37151700258255005 0.013974152505397797 0.8804697394371033 0.2366047203540802 0.958642303943634
1 0.3704838752746582 0.7305285930633545 0.21836741268634796 0.7808061838150024 0.2848835289478302
1 0.36811378598213196 0.8211286067962646 0.2670373320579529 0.8551552295684814 0.33702826499938965
1 0.3606550693511963 0.7298984527587891 0.1337365210056305 0.7992956638336182 0.21209284663200378
4 0.3591781556606293 -0.9559546709060669 0.6629452705383301 2.7349600791931152 0.6879168748855591
2 0.35490331053733826 0.8650782704353333 0.8591189384460449 0.9851054549217224 1.027514100074768
2 0.34808170795440674 0.25609853863716125 -6.8375139236450195 0.26849988102912903 8.616374969482422
2 0.34406083822250366 0.926552414894104 0.3601142168045044 0.9613083600997925 0.3801845908164978
2 0.3425826132297516 0.23867355287075043 -6.545563697814941 0.24571658670902252 8.274100303649902
2 0.33779165148735046 0.19746242463588715 -7.208081245422363 0.209635928273201 9.012248039245605
1 0.3352820575237274 0.6342005133628845 0.17896078526973724 0.7377426028251648 0.26299867033958435
2 0.3318788409233093 0.21179509162902832 -7.901886940002441 0.22411775588989258 9.698569297790527
