0 0.5838565230369568 -0.4623050093650818 0.6054456233978271 2.2614572048187256 0.6462538242340088
0 0.4796275496482849 -0.46828198432922363 0.5801090002059937 2.214672088623047 0.6199244260787964
2 0.38989099860191345 0.0208604633808136 0.8455516695976257 0.3589520752429962 0.9103026986122131
2 0.3863273561000824 0.3420453667640686 0.39061570167541504 0.7220481038093567 0.7204272747039795
2 0.3808481693267822 0.39660972356796265 0.3302004933357239 0.4705900549888611 0.43015050888061523
2 0.3642699718475342 0.882363498210907 0.44317522644996643 0.9295889735221863 0.4812057316303253
2 0.3603832721710205 0.43000125885009766 0.29896220564842224 0.49262535572052 0.4023137390613556
2 0.35630953311920166 0.3711473345756531 0.3249436020851135 0.4363216757774353 0.4115747809410095
2 0.3553517460823059 0.7872928380966187 0.460492879152298 0.9227608442306519 0.6278063058853149
2 0.35255879163742065 0.4256150424480438 0.414896696805954 0.5042097568511963 0.5148285627365112
0 0.35212090611457825 -0.2723132371902466 0.5638481974601746 2.1643052101135254 0.5955925583839417
2 0.3502005338668823 -0.047138676047325134 0.8642029166221619 0.27403193712234497 0.9499598145484924
2 0.3484581410884857 0.8589597940444946 0.4481655955314636 0.9113949537277222 0.486369252204895
2 0.3478492200374603 0.2437317669391632 0.24955806136131287 0.7694410085678101 0.6651319265365601
2 0.3389119505882263 0.9213389754295349 0.32545971870422363 0.9548026919364929 0.34754955768585205
2 0.33604785799980164 0.10228495299816132 0.33991163969039917 0.562615692615509 0.6685346961021423
2 0.3352893590927124 0.7620897889137268 0.48350921273231506 0.8724774718284607 0.6612218618392944
2 0.3328506648540497 0.19841566681861877 -7.776438236236572 0.21252986788749695 9.576416969299316
2 0.3307874798774719 -0.092873215675354 0.8586013913154602 0.3291533589363098 1.003442645072937
2 0.32793039083480835 0.7255658507347107 0.49601659178733826 0.7685362696647644 0.5665774345397949
