2 0.5559911727905273 0.761671781539917 0.2943066656589508 0.8070943355560303 0.3648775517940521
2 0.5453827381134033 0.7462976574897766 0.3290743827819824 0.7852241396903992 0.4042421579360962
2 0.5119089484214783 0.7256837487220764 0.3204157054424286 0.7832726836204529 0.3771088421344757
2 0.48604345321655273 0.6814792156219482 0.2783268690109253 0.7379937171936035 0.34066784381866455
2 0.48179560899734497 0.7543858289718628 0.4072735905647278 0.8089585304260254 0.46394169330596924
2 0.4431188106536865 0.7862421274185181 0.2472722828388214 0.864975094795227 0.30984970927238464
3 0.41072678565979004 0.057137660682201385 0.848115861415863 0.28610169887542725 0.9361405968666077
2 0.4091438949108124 0.35847926139831543 0.4755829870700836 0.40400540828704834 0.5667555928230286
2 0.4070470631122589 0.3096422553062439 -5.731558799743652 0.3194064497947693 7.551863670349121
2 0.4002448618412018 0.3844108581542969 0.4088631272315979 0.4203481674194336 0.4968058466911316
2 0.3989604711532593 0.24984708428382874 -4.105338096618652 0.2638796269893646 5.966404914855957
2 0.39752718806266785 0.8444738388061523 0.504143476486206 0.90604567527771 0.5376561880111694
2 0.38982436060905457 0.383855402469635 0.3773627281188965 0.44093453884124756 0.46771275997161865
2 0.38903579115867615 0.4772814214229584 0.5139762163162231 0.5135430693626404 0.5988789796829224
2 0.3859104514122009 0.7915260195732117 0.31634554266929626 0.8458591103553772 0.3833322823047638
2 0.3854118287563324 0.7825708389282227 0.48899397253990173 0.8511917591094971 0.5280426144599915
2 0.3848770260810852 0.28394442796707153 -6.342292308807373 0.2950592041015625 8.164054870605469
2 0.38320428133010864 0.8203334212303162 0.5166938900947571 0.8793372511863708 0.5489428639411926
2 0.38161179423332214 0.5795707702636719 0.39515596628189087 0.7367808818817139 0.5444197058677673
2 0.3795650601387024 0.8530710339546204 0.5172603726387024 0.9358307719230652 0.5564427971839905
