0 0.5026416182518005 -1.1374577283859253 0.5314006209373474 2.9682188034057617 0.5665788054466248
0 0.48610571026802063 -1.8616405725479126 0.5422829985618591 3.6225171089172363 0.5736622214317322
0 0.46965280175209045 -1.2673012018203735 0.556223452091217 2.9873085021972656 0.5864178538322449
2 0.42600440979003906 0.7776718735694885 0.17444731295108795 0.8286066651344299 0.2689630687236786
2 0.42350393533706665 0.8179081082344055 0.2750079035758972 0.8567118048667908 0.3636297583580017
0 0.4153311848640442 -0.9729819297790527 0.5650937557220459 2.862015962600708 0.5959750413894653
0 0.4071718454360962 -0.8609861731529236 0.6030232906341553 2.64394211769104 0.6304508447647095
2 0.38697272539138794 0.06678792834281921 0.8507543802261353 0.2854577600955963 0.9077697992324829
2 0.38681289553642273 0.8633461594581604 0.36880630254745483 0.9017307162284851 0.389392614364624
2 0.38017144799232483 0.4524948000907898 0.17443133890628815 0.5102797150611877 0.2708664536476135
1 0.37755948305130005 0.022764161229133606 0.8812976479530334 0.20310227572917938 0.9630522131919861
1 0.3701728582382202 0.27394047379493713 -8.411930084228516 0.2856546938419342 10.231931686401367
1 0.36924296617507935 0.2608930170536041 -6.577877044677734 0.27591070532798767 8.416183471679688
2 0.36192962527275085 0.20969527959823608 -6.650640487670898 0.21499872207641602 8.365829467773438
2 0.35752132534980774 0.1735396534204483 -3.42376446723938 0.1770225614309311 5.172905921936035
2 0.35667166113853455 0.23054352402687073 -5.784430027008057 0.24646398425102234 7.6407904624938965
4 0.3557765781879425 -0.04315650463104248 0.8538145422935486 0.23683512210845947 0.9464026093482971
2 0.35069170594215393 0.2017180472612381 -5.825132369995117 0.211740180850029 7.599652290344238
2 0.3485477566719055 0.8924410343170166 0.47768476605415344 0.9441580772399902 0.5195062160491943
2 0.34711548686027527 0.8343632817268372 0.4073423445224762 0.9809955954551697 0.5730098485946655
