2 0.43001922965049744 -0.01452721655368805 0.7918111085891724 0.34684568643569946 0.9125806093215942
1 0.4281705915927887 0.030674517154693604 0.8356294631958008 0.294636607170105 0.893308162689209
1 0.3855952024459839 0.0032610446214675903 0.8931517004966736 0.2489309161901474 0.9588096737861633
1 0.38512834906578064 0.0619291216135025 0.866256833076477 0.26472997665405273 0.9137755632400513
4 0.38430720567703247 -0.603222131729126 0.5156712532043457 2.5274126529693604 0.546464204788208
3 0.3758067488670349 0.22162413597106934 0.7694095969200134 0.571151852607727 0.8962472081184387
2 0.36360159516334534 0.582051157951355 0.4289886951446533 0.7655185461044312 0.5524972677230835
1 0.35525622963905334 0.24192644655704498 -7.874834060668945 0.24707673490047455 9.651178359985352
2 0.351655513048172 0.1360083818435669 0.2425096482038498 0.21388262510299683 0.29373154044151306
2 0.3514741361141205 0.30401864647865295 0.6518799066543579 0.47687700390815735 0.7597360610961914
2 0.35101041197776794 0.19192197918891907 0.3065817058086395 0.2607109248638153 0.3576492965221405
2 0.35073259472846985 0.015571892261505127 0.6876009702682495 0.2379312515258789 0.7908381223678589
2 0.3458743989467621 0.0684158131480217 0.582309365272522 0.23313575983047485 0.6766308546066284
2 0.3424833416938782 0.26278695464134216 0.4708952307701111 0.30754354596138 0.5124976634979248
2 0.34234824776649475 0.09624528139829636 0.720036506652832 0.24486613273620605 0.8154082298278809
2 0.34185314178466797 0.8887458443641663 0.5103641152381897 0.9098610281944275 0.5274216532707214
3 0.3370938003063202 0.5876078009605408 0.788708508014679 0.844994843006134 0.9368428587913513
2 0.33533287048339844 0.4564740061759949 0.6380491852760315 0.6414411664009094 0.7346879839897156
2 0.33241990208625793 0.13926562666893005 0.5122781991958618 0.1719885766506195 0.5997626781463623
2 0.3313399851322174 0.2012445032596588 0.6351691484451294 0.35650935769081116 0.73847496509552
