2 0.5058140754699707 0.1771525740623474 -4.913390636444092 0.19086021184921265 6.763717174530029
1 0.4098661243915558 0.07576221227645874 0.84355229139328 0.3144657611846924 0.9036679863929749
2 0.4037879705429077 0.2102118730545044 -6.990482330322266 0.22282761335372925 8.818100929260254
1 0.3720399737358093 0.690010666847229 0.17660164833068848 0.773210883140564 0.24103045463562012
2 0.3712146580219269 0.1765022575855255 -2.4956068992614746 0.18147042393684387 4.245920658111572
1 0.3693622052669525 0.7754074335098267 0.22783172130584717 0.8710000514984131 0.2954663038253784
2 0.36420997977256775 0.19715885818004608 -7.440613746643066 0.2093040496110916 9.234196662902832
4 0.36263978481292725 0.3786337375640869 0.7984519004821777 0.724393367767334 0.9226582050323486
1 0.3621227741241455 0.695216953754425 0.09945237636566162 0.8149880766868591 0.16413331031799316
2 0.36173367500305176 0.7634161710739136 0.3277589976787567 0.9103559255599976 0.49316754937171936
2 0.3605358898639679 0.7666140198707581 0.2432095855474472 0.9194840788841248 0.4120122194290161
2 0.35407301783561707 0.30877190828323364 0.46250292658805847 0.47011494636535645 0.6075455546379089
2 0.3538135886192322 0.3225648105144501 0.39290693402290344 0.5260720252990723 0.530464768409729
3 0.3439658284187317 0.46543678641319275 0.8133640289306641 0.8231552839279175 0.9400485754013062
1 0.33950939774513245 -0.06343190371990204 0.8339477181434631 0.29791414737701416 1.0176407098770142
3 0.33142271637916565 0.06111527234315872 0.8880231380462646 0.21585988998413086 0.9464324712753296
2 0.3296959698200226 0.19970817863941193 0.2967695891857147 0.627337634563446 0.734510064125061
3 0.32863542437553406 0.5558277368545532 0.17444247007369995 0.9121655225753784 0.6544051766395569
2 0.3256300389766693 0.2855861485004425 0.3505973815917969 0.46271225810050964 0.4801356792449951
1 0.32546550035476685 0.13402079045772552 0.8622596263885498 0.30399656295776367 0.9069057703018188
