2 0.4575407803058624 0.2255629599094391 -4.987720489501953 0.2416018545627594 6.809173583984375
2 0.41726046800613403 0.3298569917678833 0.31636500358581543 0.7645782232284546 0.7425152063369751
2 0.40033817291259766 0.2419157177209854 0.29563015699386597 0.6446937322616577 0.6297599673271179
1 0.3993154466152191 0.04335969686508179 0.8608893752098083 0.30706286430358887 0.9190801978111267
1 0.39013832807540894 0.2594669461250305 -6.66090726852417 0.27034980058670044 8.495957374572754
2 0.3841204345226288 0.21178700029850006 -7.9075117111206055 0.22343860566616058 9.710721015930176
3 0.36206382513046265 0.7067017555236816 0.769493818283081 1.0306751728057861 0.9159939289093018
2 0.3542881906032562 0.8056106567382812 0.33746108412742615 0.9439601898193359 0.4985053837299347
2 0.3538515865802765 0.18924401700496674 -6.930395603179932 0.20546139776706696 8.732429504394531
1 0.3504212200641632 0.24601855874061584 -6.770596504211426 0.25493577122688293 8.569358825683594
2 0.3496069610118866 0.7156601548194885 0.1630483865737915 0.9057897925376892 0.3083164095878601
2 0.34219929575920105 -0.02487984299659729 0.892754316329956 0.2204534113407135 0.9589529037475586
3 0.34077394008636475 0.6544489860534668 0.8177690505981445 0.9774935245513916 0.9584448337554932
1 0.33989620208740234 0.7566574215888977 0.3075644075870514 0.804483950138092 0.3871360719203949
1 0.3371424674987793 0.2143920511007309 -6.962082862854004 0.2199089080095291 8.76750659942627
1 0.3368852436542511 0.702677309513092 0.15277886390686035 0.7793669104576111 0.22227251529693604
2 0.336572527885437 0.7931387424468994 0.1549488753080368 0.9572091102600098 0.3045240044593811
1 0.3356895446777344 -0.1012631505727768 0.8475137948989868 0.3155578374862671 1.0187984704971313
1 0.33537527918815613 0.14611776173114777 -2.485734462738037 0.1509411782026291 4.267926216125488
2 0.33076584339141846 0.17509551346302032 -5.898577690124512 0.188987597823143 7.714376449584961
