1 0.6211788058280945 0.0398649126291275 0.8331377506256104 0.2591218948364258 0.8946150541305542
1 0.5858272910118103 0.012898549437522888 0.8564936518669128 0.20188386738300323 0.9426069855690002
1 0.5741585493087769 0.018375292420387268 0.7930357456207275 0.28685569763183594 0.8623160123825073
2 0.43549609184265137 0.2334103137254715 -9.112016677856445 0.247093066573143 10.935867309570312
2 0.4253806471824646 0.038029976189136505 0.2777404189109802 0.2232447862625122 0.3916984796524048
1 0.404034286737442 -0.08837798237800598 0.8259371519088745 0.281371146440506 1.0106768608093262
2 0.4001671075820923 0.22098514437675476 -9.360295295715332 0.23146888613700867 11.201178550720215
2 0.39819106459617615 0.1629062443971634 -4.2617692947387695 0.19040720164775848 6.103982925415039
4 0.378065288066864 -1.2993366718292236 0.6287679672241211 3.127495050430298 0.6533921957015991
2 0.3759445548057556 0.16179245710372925 0.23113366961479187 0.5063843727111816 0.6594463586807251
3 0.35700732469558716 0.3813527822494507 0.7374218702316284 0.6113770008087158 0.8928056955337524
3 0.3532900810241699 0.5016528367996216 0.7644129991531372 0.7992764711380005 0.9099360704421997
2 0.35221314430236816 0.20006053149700165 0.350134938955307 0.6528839468955994 0.7425615787506104
4 0.35182684659957886 -1.0025742053985596 0.6404574513435364 2.7560019493103027 0.6706623435020447
2 0.3485341966152191 0.19577614963054657 0.43110936880111694 0.4389672875404358 0.5308644771575928
2 0.3364526629447937 0.2978120446205139 0.6400477290153503 0.4746055006980896 0.741455614566803
1 0.3356423079967499 0.4018975794315338 0.1516495943069458 0.5479736328125 0.9668877124786377
2 0.3328111469745636 0.17659929394721985 -3.998971939086914 0.1798633635044098 5.7426300048828125
3 0.3310548663139343 0.5585989356040955 0.7893301248550415 0.907769501209259 0.9369629621505737
2 0.33076053857803345 0.22640497982501984 -10.616073608398438 0.23430375754833221 12.464286804199219
