2 0.5675790309906006 0.18850286304950714 -6.11968994140625 0.20114903151988983 7.982355117797852
4 0.4712272584438324 -0.9988515377044678 0.6226158142089844 2.8938674926757812 0.6446410417556763
4 0.4122876226902008 -0.8029921054840088 0.6483709812164307 2.6656382083892822 0.6698801517486572
2 0.40094193816185 0.23451128602027893 -8.138875007629395 0.24750444293022156 9.984869956970215
0 0.39907166361808777 0.2871742248535156 0.16455933451652527 0.7631658315658569 0.736678957939148
0 0.39767202734947205 0.30487382411956787 0.33520787954330444 0.5818663835525513 0.6411592960357666
0 0.39586183428764343 0.2675021290779114 0.3515092134475708 0.8349698185920715 0.844109058380127
1 0.3826524317264557 0.23907238245010376 -9.208405494689941 0.24574315547943115 11.076565742492676
0 0.36376798152923584 0.41910701990127563 0.27202343940734863 0.7424048781394958 0.6293517351150513
4 0.35266485810279846 -1.1708024740219116 0.6605724096298218 3.0291056632995605 0.6815543174743652
1 0.3489113450050354 0.7343071103096008 0.04198168218135834 0.8378624320030212 0.13303585350513458
1 0.3473169505596161 0.6371378302574158 0.10149718821048737 0.7702906727790833 0.2029934972524643
1 0.34342101216316223 0.7376202344894409 0.11109142005443573 0.7968553304672241 0.18791450560092926
3 0.3403772711753845 0.4546023905277252 0.7838315963745117 0.7453223466873169 0.9191441535949707
2 0.33956414461135864 0.9260103106498718 0.39113593101501465 0.9551377892494202 0.4084574580192566
4 0.3377693295478821 -0.4916597604751587 0.47591328620910645 2.171767234802246 0.49237436056137085
1 0.3341333270072937 0.7990597486495972 0.13258352875709534 0.86040198802948 0.20961883664131165
2 0.32815849781036377 0.14516274631023407 -3.21919584274292 0.14999563992023468 4.991715908050537
1 0.3266674280166626 0.7973579168319702 0.05114704370498657 0.8615641593933105 0.1407514214515686
1 0.3263828754425049 0.8251354098320007 0.0757475346326828 0.8873668313026428 0.16195018589496613
