2 0.617469847202301 0.8220096230506897 0.23942014575004578 0.8746618628501892 0.3162069022655487
2 0.6171962022781372 0.8514899015426636 0.22690366208553314 0.9105902910232544 0.30438634753227234
2 0.5234339237213135 0.7998499870300293 0.2949661910533905 0.834842324256897 0.36784103512763977
2 0.46902334690093994 0.23338064551353455 -6.426044940948486 0.24473032355308533 8.297351837158203
2 0.4247170090675354 0.8040866851806641 0.320436030626297 0.8376905918121338 0.3889073431491852
2 0.39177146553993225 0.19971904158592224 -1.830629587173462 0.20731142163276672 3.5786492824554443
3 0.3846120834350586 0.4338870346546173 0.798105776309967 0.7971094846725464 0.9392252564430237
4 0.3782957196235657 -0.043059512972831726 0.880902886390686 0.27796822786331177 0.9499086141586304
3 0.35646992921829224 0.010946139693260193 0.7996167540550232 0.4441627264022827 0.9275363087654114
2 0.3511705696582794 0.9348878860473633 0.3343682885169983 0.9713058471679688 0.35138052701950073
3 0.3485157787799835 0.2675137519836426 0.8212005496025085 0.6043067574501038 0.9584110379219055
2 0.347594290971756 0.8249224424362183 0.39945393800735474 0.9505785703659058 0.5519315600395203
2 0.3451312184333801 0.8232710361480713 0.3498202860355377 0.9599982500076294 0.4940548837184906
2 0.34416502714157104 0.9198861122131348 0.4759601056575775 0.9626351594924927 0.5167117714881897
2 0.3404220640659332 0.9252440929412842 0.4718030095100403 0.9482682943344116 0.48532629013061523
2 0.3374239504337311 0.1570313274860382 0.3497505187988281 0.6844830513000488 0.7050571441650391
2 0.33630433678627014 0.9134868383407593 0.4905184507369995 0.9536426067352295 0.5309840440750122
2 0.33252254128456116 0.007923677563667297 0.8450067639350891 0.35883063077926636 0.9344289898872375
2 0.3213009834289551 0.2439035028219223 -8.600818634033203 0.2553696930408478 10.463994979858398
2 0.31908515095710754 0.9223358035087585 0.4507637321949005 0.952092707157135 0.4709342420101166
