2 0.48557788133621216 0.21572734415531158 -7.696615695953369 0.22615240514278412 9.541765213012695
2 0.4615902900695801 0.20031237602233887 -8.263398170471191 0.21036303043365479 10.092766761779785
2 0.42976540327072144 0.2552189230918884 -7.333683490753174 0.26617568731307983 9.18263053894043
2 0.4294239282608032 0.5955047011375427 0.4017944633960724 0.631791889667511 0.45566806197166443
2 0.42712488770484924 0.6248549222946167 0.4379623234272003 0.6597775220870972 0.4871133267879486
2 0.3919534683227539 0.6250835061073303 0.392928808927536 0.6573228240013123 0.44716015458106995
2 0.37426307797431946 0.9021597504615784 0.3759807348251343 0.9294032454490662 0.39270585775375366
2 0.3644973635673523 0.26619961857795715 -3.3851609230041504 0.2767803370952606 5.178761959075928
1 0.3630022406578064 0.6478365063667297 0.18101955950260162 0.7197064757347107 0.27349284291267395
2 0.3623628616333008 0.8187344670295715 0.8542832136154175 0.907553493976593 1.016918420791626
2 0.3614979386329651 0.4294196665287018 0.6592979431152344 0.5992318987846375 0.7717905044555664
2 0.3596087098121643 0.1628372222185135 0.3755410313606262 0.5802435278892517 0.7294473052024841
2 0.3592759966850281 0.24429288506507874 0.18056002259254456 0.32709845900535583 0.22752293944358826
2 0.35917791724205017 0.18376532196998596 0.20944854617118835 0.2520699203014374 0.2689161002635956
3 0.3585529029369354 0.20356792211532593 0.8097373247146606 0.5388874411582947 0.9327749013900757
2 0.3574562668800354 0.30417758226394653 -6.144510269165039 0.3135058283805847 7.9882354736328125
2 0.3527195155620575 0.7534856796264648 0.4189348518848419 0.8513344526290894 0.6008819341659546
2 0.3484978675842285 0.8215268850326538 0.9133118391036987 0.8233954906463623 0.9291441440582275
2 0.3480968475341797 0.8797308802604675 0.5372045636177063 0.8984749913215637 0.5532745718955994
2 0.3477535545825958 0.23904000222682953 0.24024434387683868 0.33153235912323 0.2919868528842926
