1 0.4354976415634155 0.25385093688964844 -6.004873275756836 0.268679678440094 7.847393989562988
1 0.38673704862594604 -0.2608124613761902 0.47918567061424255 1.9194416999816895 0.501464307308197
2 0.38467937707901 0.3886156678199768 0.356296569108963 0.44662004709243774 0.4366472661495209
2 0.3837088644504547 0.48036032915115356 0.38262873888015747 0.5298852324485779 0.465789258480072
2 0.3810734450817108 0.4277844727039337 0.4299814701080322 0.4832128584384918 0.5108564496040344
4 0.37594157457351685 -0.7610688209533691 0.5604000091552734 2.654416561126709 0.5883451700210571
4 0.3701684772968292 -0.6047748923301697 0.597015380859375 2.427727222442627 0.6188226938247681
2 0.3684246242046356 0.4544577896595001 0.34036311507225037 0.5214397311210632 0.42061784863471985
2 0.36288943886756897 0.4354708194732666 0.3501167595386505 0.4972744584083557 0.43337807059288025
2 0.35948339104652405 0.4653320908546448 0.38354527950286865 0.5081457495689392 0.4677409529685974
2 0.35409653186798096 0.9244329929351807 0.339913547039032 0.9544035196304321 0.35762912034988403
2 0.35366275906562805 0.4458041787147522 0.4503239393234253 0.49492037296295166 0.5371452569961548
3 0.3511545658111572 0.48904532194137573 0.7868751287460327 0.8963208794593811 0.9270190000534058
2 0.34974414110183716 0.6944241523742676 0.2072254866361618 1.0170950889587402 0.5187574625015259
2 0.341580331325531 0.4270487427711487 0.37654098868370056 0.4808056354522705 0.4633687436580658
2 0.3397994935512543 0.22799134254455566 -7.160305023193359 0.23823344707489014 9.025703430175781
2 0.335923433303833 0.8458510637283325 0.32694482803344727 0.8931032419204712 0.3991420269012451
2 0.3347102403640747 0.4512197971343994 0.27850666642189026 0.5138125419616699 0.3610388934612274
2 0.3335396945476532 0.22052407264709473 -7.985599517822266 0.23488742113113403 9.846084594726562
2 0.331269234418869 0.4545435607433319 0.3210664987564087 0.4937019646167755 0.4172654151916504
