1 0.401667058467865 -0.011032000184059143 0.8564929962158203 0.27697229385375977 0.940502405166626
4 0.3653552234172821 0.30586934089660645 0.7416453957557678 0.5678187012672424 0.8824502825737
2 0.3487244248390198 0.24083101749420166 0.4399206340312958 0.2891587018966675 0.531042218208313
2 0.3458463251590729 0.17042648792266846 -4.367737293243408 0.1926916241645813 6.169718265533447
2 0.3377859890460968 0.14208891987800598 0.25320011377334595 0.6832563877105713 0.5867238640785217
2 0.3377271890640259 0.9303123354911804 0.3599224090576172 0.9558926224708557 0.3793816566467285
2 0.3337498605251312 0.9005724191665649 0.49468669295310974 0.9165130853652954 0.512551486492157
2 0.3324143886566162 0.2614130973815918 0.5641366839408875 0.3194347023963928 0.6619920134544373
1 0.3250291645526886 -1.304640769958496 0.5868647694587708 3.107330799102783 0.6063087582588196
1 0.32477235794067383 0.7313467860221863 0.13718609511852264 0.8238921761512756 0.20022757351398468
2 0.3239279091358185 0.3759698271751404 0.4710142910480499 0.4210278391838074 0.5561460852622986
1 0.3204716444015503 -0.7793580889701843 0.48781347274780273 2.4821183681488037 0.5101906061172485
1 0.3136795461177826 0.8020059466362 0.20803816616535187 0.8696597218513489 0.26639193296432495
2 0.3124637305736542 0.4187498986721039 0.45547038316726685 0.4757387340068817 0.5472535490989685
1 0.3114335238933563 -1.3724970817565918 0.564935028553009 3.1911582946777344 0.5838961005210876
2 0.3110956847667694 0.16289469599723816 0.36935439705848694 0.5733205080032349 0.6789393424987793
2 0.30860403180122375 0.22999177873134613 0.6595818400382996 0.2806697189807892 0.7553108334541321
4 0.3072902262210846 -0.07714398205280304 0.8511852622032166 0.23278756439685822 0.9740484356880188
2 0.3066328763961792 0.2995356023311615 -5.623100757598877 0.31691601872444153 7.459142208099365
4 0.30567318201065063 0.2862628102302551 -7.090152740478516 0.2934951186180115 8.880233764648438
