3 0.45623350143432617 0.6790637969970703 0.7839481830596924 1.0405737161636353 0.9109469652175903
3 0.4410754144191742 0.49248024821281433 0.7976331114768982 0.8469973802566528 0.9156463742256165
1 0.4363812804222107 0.252977579832077 -6.725704669952393 0.2664755880832672 8.556792259216309
0 0.43242964148521423 0.04100239276885986 0.40379101037979126 0.7163383960723877 0.8767089247703552
2 0.4237990081310272 0.28178781270980835 -6.978163719177246 0.29348045587539673 8.793290138244629
2 0.3897135853767395 0.22119712829589844 -6.446110248565674 0.23252403736114502 8.290891647338867
2 0.3837284445762634 -0.008591264486312866 0.8701758980751038 0.2937639057636261 0.92936772108078
2 0.3757784962654114 0.2758060395717621 -7.292868137359619 0.2907302677631378 9.11392593383789
3 0.3698754906654358 0.3508630394935608 0.7308394312858582 0.694398820400238 0.8659717440605164
4 0.36548635363578796 -1.2830463647842407 0.574550986289978 3.195316791534424 0.5995833873748779
2 0.36207136511802673 0.12214484065771103 -1.9739618301391602 0.13312242925167084 3.6461400985717773
1 0.3595118820667267 0.7209835052490234 0.16354575753211975 0.7674837112426758 0.23370394110679626
3 0.3580622971057892 0.6764211058616638 0.8254854083061218 1.007204294204712 0.9676602482795715
2 0.3523845970630646 0.26507872343063354 -7.541520595550537 0.28065192699432373 9.373550415039062
2 0.3492682874202728 0.14110319316387177 0.5371955633163452 0.2667504549026489 0.6521109342575073
2 0.3483268916606903 -0.029302120208740234 0.8361780047416687 0.31052452325820923 0.896812379360199
1 0.3445815443992615 0.7653154730796814 0.21180230379104614 0.801089346408844 0.2807818055152893
1 0.3339604139328003 0.7291327714920044 0.3118024170398712 0.759166955947876 0.3755175769329071
1 0.33320146799087524 -0.058751046657562256 0.25591495633125305 0.5094935894012451 0.7770051956176758
2 0.3330337703227997 0.14328983426094055 0.6677910089492798 0.2709292471408844 0.7719411849975586
