2 0.4976414442062378 0.19583356380462646 -5.026681900024414 0.2260487675666809 6.8025312423706055
2 0.4701078236103058 0.23211753368377686 -5.852328777313232 0.2513551115989685 7.673431873321533
2 0.42083150148391724 0.2180652767419815 -6.683597564697266 0.24239997565746307 8.476902961730957
4 0.38396450877189636 -1.2017953395843506 0.5427714586257935 3.0404212474823 0.5645643472671509
4 0.38354790210723877 -1.4207777976989746 0.5509355664253235 3.2745771408081055 0.5695711970329285
2 0.37136292457580566 0.17159222066402435 -2.9950761795043945 0.1801520138978958 4.751071453094482
4 0.3678398132324219 -1.1032432317733765 0.5317835807800293 2.9576096534729004 0.5533765554428101
3 0.3668462336063385 0.408924400806427 0.7539221048355103 0.7036550641059875 0.8827565908432007
2 0.36674243211746216 0.20765694975852966 -5.503158092498779 0.2359960377216339 7.2850422859191895
2 0.3631088137626648 0.23821036517620087 0.3691170811653137 0.6390469074249268 0.7043367028236389
3 0.36285853385925293 0.18423308432102203 0.7917575836181641 0.5039713978767395 0.9158024787902832
1 0.36162009835243225 0.1288614273071289 0.2164103388786316 0.6680501103401184 0.7950498461723328
2 0.351237028837204 -0.0009949207305908203 0.8617451190948486 0.257745623588562 0.968361496925354
3 0.3431956470012665 0.38483375310897827 0.8091880679130554 0.8090253472328186 0.9413904547691345
3 0.33757632970809937 0.2615320086479187 0.7688902616500854 0.5846683382987976 0.9032412767410278
1 0.3319326937198639 0.7770397067070007 0.23306810855865479 0.8420781493186951 0.31597381830215454
1 0.32987096905708313 0.821465253829956 0.2721219062805176 0.8753526210784912 0.34314048290252686
2 0.32339611649513245 0.9136710166931152 0.3782198131084442 0.9470841884613037 0.39626404643058777
1 0.31753310561180115 0.7373192310333252 0.3522264063358307 0.7676700353622437 0.4203719198703766
2 0.30818724632263184 0.20563192665576935 0.23140934109687805 0.2770808935165405 0.29436466097831726
