2 0.37802064418792725 0.9136477708816528 0.37364885210990906 0.938351035118103 0.39147505164146423
0 0.37366119027137756 -1.1624268293380737 0.5936821699142456 2.98197603225708 0.623795747756958
3 0.3713160753250122 0.5076965093612671 0.7776503562927246 0.8361530303955078 0.9050885438919067
3 0.36837446689605713 0.29382941126823425 0.7937262654304504 0.6142604351043701 0.9265591502189636
0 0.36591583490371704 -0.9175906181335449 0.5518855452537537 2.715684413909912 0.5849854350090027
2 0.3571036756038666 0.8086349964141846 0.2835511863231659 0.9203058481216431 0.4763909876346588
2 0.35000506043434143 0.8513699173927307 0.8294556736946106 0.9341668486595154 1.0171055793762207
2 0.3393063247203827 0.8157463073730469 0.34405285120010376 0.9268189668655396 0.5337073802947998
2 0.33890876173973083 0.6859316229820251 0.8854320645332336 0.7932929396629333 1.0348219871520996
2 0.3381468653678894 0.8598855137825012 0.5634450912475586 0.8771248459815979 0.5792518854141235
4 0.33078524470329285 -0.09901498258113861 0.7651251554489136 0.3452293872833252 0.8830516338348389
2 0.32353338599205017 0.7499754428863525 0.24250173568725586 0.8831686973571777 0.41935861110687256
2 0.3162471354007721 0.8758575916290283 0.5934886336326599 0.8980573415756226 0.617785632610321
0 0.31133833527565 -1.0692062377929688 0.6064899563789368 2.8952953815460205 0.632932722568512
2 0.30811968445777893 0.2155517041683197 0.6967592239379883 0.42659392952919006 0.8544549942016602
2 0.307163268327713 0.8690782189369202 0.9057860374450684 0.8703386187553406 0.9244365692138672
0 0.302201509475708 0.32115381956100464 0.29810240864753723 0.5798999071121216 0.7375521659851074
4 0.30120524764060974 0.1934967339038849 -9.244982719421387 0.20416167378425598 11.095526695251465
0 0.2984021008014679 -0.5027419924736023 0.5285953879356384 2.358079671859741 0.5653305649757385
4 0.297588050365448 0.22803838551044464 -8.181011199951172 0.23641179502010345 10.016820907592773
