3 0.4069801867008209 0.47225549817085266 0.7300337553024292 0.8518716096878052 0.8637057542800903
4 0.3956003785133362 -0.30838727951049805 0.6478376388549805 2.1439976692199707 0.6823673248291016
2 0.39197877049446106 0.17952841520309448 -1.7130954265594482 0.18842053413391113 3.489764451980591
0 0.3814346492290497 -0.4609415531158447 0.6051015257835388 2.272902727127075 0.6328163743019104
1 0.375322550535202 0.7913162708282471 0.2587486207485199 0.8456704616546631 0.3042241632938385
1 0.3716675043106079 0.6922035813331604 0.3546062707901001 0.7456253170967102 0.4045040011405945
1 0.3704599440097809 0.6074150800704956 0.17914226651191711 0.6834951639175415 0.22994795441627502
2 0.36905553936958313 -0.08215421438217163 0.8218436241149902 0.2944610118865967 0.9767053127288818
0 0.35587117075920105 -0.42065727710723877 0.6252785921096802 2.2633957862854004 0.6556119918823242
1 0.3556191623210907 0.776218831539154 0.39125609397888184 0.798012912273407 0.4362115263938904
0 0.3486640453338623 -0.23684239387512207 0.5596194863319397 2.132887125015259 0.5776316523551941
1 0.34748023748397827 0.8018900752067566 0.2950129508972168 0.8359120488166809 0.34310758113861084
2 0.34523725509643555 0.041437678039073944 0.8592433929443359 0.26689088344573975 0.9459515810012817
1 0.3427213132381439 0.7488822340965271 0.2731434404850006 0.7972874045372009 0.32787272334098816
2 0.33399033546447754 0.2702503204345703 0.538406252861023 0.30078911781311035 0.5860881805419922
1 0.3336547911167145 0.7057152986526489 0.19506603479385376 0.8564960956573486 0.25096845626831055
0 0.3317612111568451 -0.5232679843902588 0.5868707299232483 2.2935097217559814 0.6094920039176941
3 0.32627400755882263 0.599050760269165 0.7008253335952759 0.9346773624420166 0.8529757261276245
1 0.32405924797058105 0.8620426058769226 0.23942238092422485 0.9078816771507263 0.29065531492233276
2 0.32297682762145996 0.9316346645355225 0.3386971354484558 0.9610229730606079 0.3584105372428894
