2 0.5601865649223328 0.22161096334457397 -4.476174354553223 0.23692667484283447 6.31825065612793
2 0.5316451191902161 0.24052821099758148 -6.400235176086426 0.2523888349533081 8.24150276184082
2 0.42159536480903625 0.26604175567626953 -8.596163749694824 0.27574801445007324 10.437531471252441
4 0.4162490665912628 -1.0458390712738037 0.6284655332565308 2.8145155906677246 0.6519877910614014
4 0.3935159742832184 -0.6561364531517029 0.6140209436416626 2.5035970211029053 0.6379163265228271
4 0.3890388607978821 0.243998721241951 0.1130819022655487 0.7419394850730896 0.7001383304595947
4 0.3856969177722931 0.02269713580608368 0.8877080082893372 0.18112726509571075 0.952136218547821
4 0.37377089262008667 -0.6360620260238647 0.6713652610778809 2.4374499320983887 0.6989092826843262
4 0.3701464831829071 -0.03351299464702606 0.8655111193656921 0.2203759402036667 0.9652329087257385
2 0.3670782446861267 0.16987547278404236 -8.53827953338623 0.18852809071540833 10.351048469543457
2 0.36445459723472595 0.19511857628822327 -9.050024032592773 0.2163121998310089 10.88433837890625
2 0.36034443974494934 0.9153646230697632 0.38851574063301086 0.941082239151001 0.4054950177669525
2 0.3512606620788574 0.22809462249279022 -7.7926225662231445 0.24187900125980377 9.627511024475098
2 0.3500644862651825 0.24263253808021545 -7.898996353149414 0.26526930928230286 9.74371337890625
2 0.3491223156452179 0.27874550223350525 -8.373411178588867 0.2933237850666046 10.221975326538086
4 0.3439265787601471 -0.8836046457290649 0.577843427658081 2.804513454437256 0.6049145460128784
1 0.33857929706573486 0.5561893582344055 0.20085261762142181 0.6479203104972839 0.2911316156387329
1 0.33516454696655273 0.7282671332359314 0.1691221445798874 0.7948399186134338 0.2541579604148865
2 0.3345991373062134 0.884559690952301 0.5509107112884521 0.9030126929283142 0.5654014348983765
3 0.33381620049476624 0.6526744365692139 0.7831142544746399 0.9354255199432373 0.924479067325592
