2 0.4799509048461914 0.1284831166267395 -3.1415624618530273 0.13622653484344482 4.8562822341918945
1 0.4274672865867615 0.7490110397338867 0.174467533826828 0.7929950952529907 0.24825772643089294
1 0.4253588020801544 0.7967823147773743 0.14945575594902039 0.8446671366691589 0.22569993138313293
4 0.4220689833164215 -1.2064824104309082 0.5910583138465881 3.0617499351501465 0.6116154789924622
4 0.41654184460639954 -1.7488930225372314 0.6114081740379333 3.5766847133636475 0.6314809918403625
1 0.4128400683403015 0.7741790413856506 0.17356769740581512 0.8260604739189148 0.24930424988269806
1 0.40843793749809265 0.741299033164978 0.2570499777793884 0.7750152349472046 0.3201809525489807
2 0.4026522934436798 0.19147545099258423 0.3215717375278473 0.8905174136161804 0.7596242427825928
1 0.3875713050365448 0.7516108155250549 0.09702751040458679 0.8155537247657776 0.18210086226463318
0 0.37182387709617615 0.17176102101802826 0.4276319742202759 0.5813900232315063 0.7888498306274414
1 0.36763453483581543 0.2521611452102661 -6.269146919250488 0.2596590518951416 8.093960762023926
3 0.3646393120288849 0.21541890501976013 0.8044452667236328 0.5499913692474365 0.9361040592193604
4 0.35990267992019653 -0.6834043860435486 0.5611840486526489 2.5988447666168213 0.5849844217300415
1 0.35329169034957886 0.8270371556282043 0.3671349883079529 0.8503212332725525 0.41252797842025757
1 0.3520289957523346 0.2607426941394806 -9.722558975219727 0.27515658736228943 11.582801818847656
2 0.34964701533317566 0.9214228987693787 0.35466477274894714 0.9527643322944641 0.37170448899269104
4 0.3457458019256592 -1.890153408050537 0.6003655195236206 3.7190871238708496 0.6209391355514526
0 0.3391404151916504 -1.089359998703003 0.6408250331878662 2.893207311630249 0.6683740615844727
0 0.3389033079147339 0.2777700424194336 0.6217911243438721 0.5793111324310303 0.8690906763076782
1 0.334403395652771 0.6925747990608215 0.1508801430463791 0.7581247687339783 0.23692502081394196
