4 0.42073026299476624 -1.2861316204071045 0.6401333808898926 2.9823195934295654 0.657325267791748
2 0.3889697790145874 0.14401328563690186 -2.2817485332489014 0.14909684658050537 4.042236328125
4 0.3787921071052551 -1.0631442070007324 0.5948373675346375 2.9551591873168945 0.6118701100349426
1 0.3697868287563324 -0.020259305834770203 0.8522244691848755 0.23085318505764008 0.9206944704055786
4 0.3678092658519745 -1.5180801153182983 0.6201697587966919 3.2996716499328613 0.6378970146179199
1 0.367664098739624 -0.001681506633758545 0.8474351763725281 0.2858380079269409 0.8947301506996155
1 0.3627864420413971 -0.03989705443382263 0.8274858593940735 0.31467798352241516 0.8820441365242004
1 0.3509887158870697 0.20964449644088745 -7.510772228240967 0.2278282642364502 9.339253425598145
2 0.3401387333869934 0.9225242733955383 0.37547558546066284 0.9483625292778015 0.3923046588897705
1 0.3365974724292755 0.6746311783790588 0.3169330358505249 0.7159797549247742 0.39804935455322266
1 0.3286947011947632 0.619962215423584 0.10241203010082245 0.7272809743881226 0.19560308754444122
4 0.3278818130493164 -0.8873773813247681 0.6094400882720947 2.724789619445801 0.6247557401657104
4 0.3249334990978241 0.3962664008140564 0.3931916356086731 0.4815567135810852 0.49153000116348267
4 0.3239412009716034 0.37809431552886963 0.4378405809402466 0.46182185411453247 0.5391528606414795
1 0.3199461102485657 0.6769235134124756 0.34513312578201294 0.7228083610534668 0.42758840322494507
1 0.31788262724876404 0.7009938955307007 0.1143711730837822 0.766901969909668 0.1999698281288147
1 0.3121015727519989 0.2201741337776184 -8.376104354858398 0.23152101039886475 10.20395278930664
2 0.30885133147239685 0.869627833366394 0.5104045867919922 0.888595461845398 0.5269296169281006
4 0.30830395221710205 -0.8515970706939697 0.48013612627983093 2.5762996673583984 0.49469688534736633
4 0.3068954646587372 0.3526652455329895 0.4286145865917206 0.4289296269416809 0.530646026134491
