4 0.5012441277503967 -0.03706848621368408 0.5828890800476074 1.9328900575637817 0.6164697408676147
4 0.421177476644516 -1.4005929231643677 0.5127227902412415 3.2136964797973633 0.5388415455818176
4 0.4047713279724121 -0.3474830389022827 0.5944468379020691 2.2145137786865234 0.629371702671051
4 0.4006469249725342 -1.4571595191955566 0.5619913935661316 3.313357353210449 0.5939272046089172
1 0.39754822850227356 0.0378357470035553 0.8704555630683899 0.26342758536338806 0.9341496825218201
2 0.38208526372909546 0.14882898330688477 -1.8808238506317139 0.15681809186935425 3.6470606327056885
4 0.36991971731185913 -1.4381096363067627 0.5375970602035522 3.277193784713745 0.5628948211669922
4 0.3579775393009186 0.11877894401550293 0.4494423270225525 1.500300645828247 0.4707376956939697
4 0.355272114276886 0.19384914636611938 0.3229095935821533 0.685278058052063 0.6346727609634399
2 0.34016239643096924 0.300057590007782 0.4468364119529724 0.49257659912109375 0.5738494992256165
2 0.33961644768714905 0.1285000741481781 0.30423977971076965 0.3823862373828888 0.41864439845085144
4 0.33675500750541687 0.2030257284641266 0.48039907217025757 0.9658466577529907 0.749230682849884
4 0.33563560247421265 0.1670587807893753 -4.613883972167969 0.1772671788930893 6.402708053588867
2 0.33399006724357605 0.21564000844955444 0.44023507833480835 0.42574673891067505 0.5679493546485901
4 0.33364883065223694 -0.9762784838676453 0.544429361820221 2.7918312549591064 0.5697358250617981
2 0.3335072100162506 0.1507910043001175 0.4118669629096985 0.37481552362442017 0.5257469415664673
2 0.3301098048686981 0.26935452222824097 0.6401846408843994 0.4217209815979004 0.7504569292068481
4 0.32838499546051025 0.22642315924167633 -8.454275131225586 0.23206941783428192 10.274654388427734
2 0.32772576808929443 0.2725542187690735 0.4152156114578247 0.5771889090538025 0.5283739566802979
0 0.3275251090526581 0.2960638403892517 -6.491875171661377 0.3045770525932312 8.319080352783203
