2 0.4358712136745453 0.23184579610824585 -2.183164119720459 0.2377271056175232 3.9322409629821777
2 0.38989371061325073 0.8762940764427185 0.3292403221130371 0.9119413495063782 0.34944725036621094
2 0.38584983348846436 0.5574911236763 0.30058708786964417 0.5900170207023621 0.4117961823940277
2 0.38262784481048584 0.552650511264801 0.34423136711120605 0.5910740494728088 0.44498544931411743
2 0.37688106298446655 0.5884919762611389 0.23862481117248535 0.6240071654319763 0.3453092575073242
2 0.37351083755493164 0.35722994804382324 0.5962108373641968 0.4928107261657715 0.7294038534164429
2 0.36794963479042053 0.9167503118515015 0.46888574957847595 0.9432909488677979 0.486499160528183
3 0.3655967712402344 0.08195120841264725 0.8857195973396301 0.23028606176376343 0.9498283267021179
2 0.3590060770511627 0.5058349370956421 0.3462580144405365 0.5520994663238525 0.450151652097702
2 0.3576233386993408 0.40811723470687866 0.6081012487411499 0.5426298975944519 0.7300900220870972
2 0.3552606701850891 0.1190737709403038 0.8673943281173706 0.30577120184898376 0.9121607542037964
1 0.3532803952693939 -0.14522981643676758 0.5000699758529663 1.8434456586837769 0.5271271467208862
2 0.3520098030567169 0.07526558637619019 0.8305478096008301 0.34034955501556396 0.8887097835540771
2 0.35045045614242554 0.30578866600990295 0.3554178476333618 0.3373914659023285 0.4442217946052551
2 0.34935104846954346 0.46254420280456543 0.3639753758907318 0.49903786182403564 0.4658760726451874
2 0.34864136576652527 0.401014119386673 0.35661154985427856 0.43464699387550354 0.4506468176841736
2 0.3485044240951538 0.2632094919681549 0.41654935479164124 0.48965218663215637 0.5333102345466614
2 0.3477683663368225 0.19526422023773193 0.42014145851135254 0.409427285194397 0.5411356687545776
2 0.3477664291858673 0.8921293616294861 0.45334628224372864 0.9310839772224426 0.4991311728954315
2 0.34366142749786377 0.018198750913143158 0.6751201748847961 0.182768315076828 0.8075986504554749
