2 0.4616566598415375 0.17235109210014343 -1.6025407314300537 0.18060770630836487 3.3722445964813232
0 0.43470126390457153 -0.6576569080352783 0.6658517122268677 2.389141321182251 0.7286720275878906
0 0.4077358841896057 0.2390400469303131 -4.738841533660889 0.24483558535575867 6.52301549911499
2 0.3861326277256012 0.2727130651473999 0.8091167211532593 0.6950036287307739 0.9117531776428223
1 0.3858383595943451 -0.144278883934021 0.5454192757606506 1.7421196699142456 0.5882113575935364
0 0.3823666572570801 -1.088944911956787 0.6526013612747192 2.77337384223938 0.704114556312561
2 0.37104058265686035 0.07476890087127686 0.7595157027244568 0.3890823721885681 0.8647642731666565
2 0.36640268564224243 0.8928387761116028 0.32528844475746155 0.9366249442100525 0.3437494933605194
2 0.36076289415359497 0.1706247329711914 0.35502979159355164 0.7415032386779785 0.7895745038986206
3 0.35934609174728394 0.33428603410720825 0.7922507524490356 0.5934855341911316 0.9357283115386963
2 0.3567067086696625 0.04933130741119385 0.8778543472290039 0.2511942982673645 0.9453294277191162
0 0.3530658185482025 -1.3194302320480347 0.6322261095046997 2.9674596786499023 0.6882325410842896
2 0.3525667190551758 0.6057707071304321 0.6287764310836792 0.615166425704956 0.6612838506698608
2 0.3524252474308014 0.5307459235191345 0.3567414879798889 0.7476779818534851 0.684360682964325
1 0.3508160710334778 -0.014892950654029846 0.82652348279953 0.29432129859924316 0.8941648602485657
2 0.3478311598300934 0.0433955118060112 0.8546650409698486 0.26752740144729614 0.9101308584213257
0 0.34539029002189636 0.19025087356567383 0.5771124958992004 1.2897920608520508 0.8138877749443054
2 0.33612361550331116 0.831709086894989 0.8523430824279785 0.9247174859046936 1.0389161109924316
2 0.3347804546356201 0.5677255988121033 0.6687301993370056 0.5817057490348816 0.7011265158653259
2 0.3342176377773285 0.8867413997650146 0.4792208969593048 0.9187736511230469 0.4930272400379181
