2 0.5093150734901428 0.14272351562976837 -5.332202911376953 0.16461454331874847 7.186069488525391
4 0.41684648394584656 -1.7123630046844482 0.6251680850982666 3.4923999309539795 0.6451749801635742
2 0.414641797542572 0.21942493319511414 -9.008832931518555 0.22778365015983582 10.848331451416016
2 0.402250736951828 0.19030416011810303 -2.062288761138916 0.1967882513999939 3.8431477546691895
2 0.3966566026210785 0.3662397861480713 0.2749530076980591 0.8008202314376831 0.7637215852737427
4 0.39011335372924805 -2.544520378112793 0.5764872431755066 4.359270095825195 0.5964619517326355
2 0.38350793719291687 0.20205345749855042 -10.046854019165039 0.21224704384803772 11.887313842773438
2 0.3755679428577423 0.19637371599674225 -8.314234733581543 0.20850048959255219 10.164143562316895
2 0.37379682064056396 0.2562055289745331 -8.779934883117676 0.26319077610969543 10.630183219909668
1 0.36380723118782043 0.6155651211738586 0.10874325037002563 0.7531337141990662 0.20329320430755615
1 0.363318532705307 -0.04441578686237335 0.8899531960487366 0.21182353794574738 0.9598309397697449
0 0.3616422414779663 -1.93754243850708 0.5833643674850464 3.778003215789795 0.60254967212677
1 0.3517102003097534 0.6423893570899963 0.15860295295715332 0.7896717190742493 0.26322269439697266
1 0.34718602895736694 0.5409509539604187 0.1908693015575409 0.7295787930488586 0.2846923768520355
4 0.34520283341407776 0.0034073293209075928 0.8491764664649963 0.2678496539592743 0.9010404944419861
2 0.341658353805542 0.2870163023471832 0.3783915638923645 0.6744335889816284 0.7555763125419617
2 0.3396230936050415 0.5496036410331726 0.49760276079177856 0.5876045823097229 0.5928431153297424
2 0.33836829662323 0.2223968356847763 -11.144781112670898 0.23159749805927277 12.992532730102539
2 0.3371472954750061 0.04544980078935623 0.7032451629638672 0.17031538486480713 0.8460166454315186
1 0.3355545699596405 0.48117679357528687 0.24976354837417603 0.5815783143043518 0.3669676184654236
