1 0.4363415241241455 0.23932240903377533 -8.515799522399902 0.24932892620563507 10.36418628692627
2 0.41593214869499207 0.17655646800994873 0.2579169273376465 0.5933505892753601 0.773155927658081
4 0.4079935848712921 -1.1942648887634277 0.6168762445449829 3.017575740814209 0.6480717658996582
2 0.40043991804122925 0.24121667444705963 0.6004224419593811 0.7293245792388916 0.8658403754234314
4 0.39801228046417236 -0.9491746425628662 0.6400871872901917 2.7900524139404297 0.6648508906364441
2 0.379189133644104 0.2952215075492859 0.2328587919473648 0.7488511204719543 0.6369317770004272
4 0.35762861371040344 0.5027142763137817 0.7941073775291443 0.8394483327865601 0.9398688673973083
4 0.3506464958190918 -0.7683756351470947 0.5656012296676636 2.6468355655670166 0.5946221351623535
2 0.34962478280067444 0.8986839056015015 0.5416343808174133 0.9183393716812134 0.5570161938667297
2 0.3478299677371979 0.9181828498840332 0.350915789604187 0.949036717414856 0.37079381942749023
2 0.3452872931957245 0.0013859644532203674 0.6984155178070068 0.22559908032417297 0.9036493301391602
4 0.3450590670108795 -1.044528841972351 0.6005503535270691 2.815103054046631 0.6394265294075012
2 0.33450427651405334 0.8033769726753235 0.3066530227661133 0.9177530407905579 0.4762340784072876
4 0.33417582511901855 -0.8338271379470825 0.5776012539863586 2.5147194862365723 0.6090019345283508
1 0.3332851231098175 0.18470926582813263 -8.525155067443848 0.19542281329631805 10.360716819763184
2 0.3298514187335968 0.8974047303199768 0.5033805966377258 0.9269312024116516 0.5244562029838562
2 0.32924094796180725 0.14670096337795258 -2.8162155151367188 0.15156622231006622 4.599048137664795
1 0.3244711458683014 0.17865674197673798 -7.823575019836426 0.1905447393655777 9.651705741882324
2 0.3239883482456207 0.3668286204338074 0.5511378645896912 0.8541931509971619 0.778018057346344
2 0.3239307701587677 0.7370873689651489 0.3412862718105316 0.8315778970718384 0.5300605297088623
