4 0.37355709075927734 -0.39427727460861206 0.5893382430076599 2.265730142593384 0.6109253764152527
4 0.3679186701774597 -0.1724955439567566 0.4956236481666565 1.7697317600250244 0.5123736262321472
2 0.3639390468597412 0.21326710283756256 -11.659213066101074 0.22405491769313812 13.487107276916504
2 0.3559327721595764 0.023996800184249878 0.6711044311523438 0.19641467928886414 0.7918176651000977
1 0.354843407869339 0.27441731095314026 -8.663336753845215 0.2864238917827606 10.507142066955566
3 0.3518359661102295 0.40822553634643555 0.7903960943222046 0.63399338722229 0.9391239881515503
2 0.34650543332099915 0.9199839234352112 0.3891366124153137 0.9495992064476013 0.4073771834373474
2 0.3439677953720093 0.16004623472690582 -3.302562713623047 0.1650667041540146 5.0478925704956055
2 0.33756566047668457 -1.2425260543823242 0.6163543462753296 3.0004591941833496 0.6393711566925049
4 0.33707278966903687 -0.049395859241485596 0.8850768208503723 0.27292394638061523 0.9511632323265076
2 0.3367830514907837 -0.018377438187599182 0.7889277338981628 0.3107479214668274 0.9113562703132629
1 0.3345417082309723 0.23980854451656342 -10.220794677734375 0.25011971592903137 12.060754776000977
3 0.32936447858810425 0.5719917416572571 0.7728383541107178 0.8030975461006165 0.9257745742797852
2 0.3265285789966583 0.889991819858551 0.5604448914527893 0.9101192355155945 0.5767591595649719
1 0.3238690197467804 0.692271888256073 0.19789089262485504 0.7959480881690979 0.2678711414337158
2 0.3200418949127197 -1.3459734916687012 0.577194094657898 3.0582118034362793 0.5996136665344238
3 0.31959670782089233 0.21807387471199036 0.7637386322021484 0.4810584485530853 0.8994247913360596
2 0.3181665539741516 0.2528703510761261 0.5930229425430298 0.41740378737449646 0.6903743743896484
2 0.31283706426620483 0.11814595013856888 0.7148910164833069 0.25365716218948364 0.8150572180747986
1 0.3116118311882019 0.005229771137237549 0.8654073476791382 0.29771697521209717 0.9132014513015747
