1 0.42078733444213867 -2.0408172607421875 0.6421769261360168 3.8663010597229004 0.6652022004127502
2 0.39701464772224426 0.21197286248207092 -5.851525783538818 0.2346239984035492 7.628855228424072
1 0.39473405480384827 -0.5018754601478577 0.4840683937072754 2.105947971343994 0.5076150894165039
1 0.3902447819709778 0.34407418966293335 0.2630726993083954 0.762666642665863 0.735183596611023
1 0.39004597067832947 -1.4550755023956299 0.6670881509780884 3.2768642902374268 0.6878329515457153
1 0.3832601308822632 0.11028440296649933 0.12385457754135132 0.5854793190956116 0.9986022114753723
2 0.37362140417099 0.14081254601478577 -3.061824321746826 0.15401270985603333 4.7602386474609375
0 0.3627813756465912 0.19943471252918243 0.3726802468299866 0.6185697317123413 0.6957544684410095
2 0.348227858543396 0.9163150191307068 0.27901482582092285 0.9486568570137024 0.2983027696609497
1 0.3383825421333313 -1.1570918560028076 0.6201586723327637 2.8872764110565186 0.6493015289306641
0 0.3367765545845032 0.15774840116500854 0.4513154923915863 0.6761683821678162 0.8858479261398315
2 0.3366602957248688 -0.009426325559616089 0.8651061654090881 0.32442769408226013 0.9584904313087463
2 0.3295910060405731 0.203829824924469 -6.138756275177002 0.21752482652664185 7.9443583488464355
4 0.32933691143989563 -1.2182447910308838 0.5758005380630493 3.0685455799102783 0.6119568347930908
2 0.3256200850009918 0.27172523736953735 0.6519412994384766 0.3101169466972351 0.7327713966369629
2 0.32208752632141113 0.28748443722724915 0.5635517239570618 0.4627927839756012 0.6660189032554626
2 0.3217315077781677 0.20916156470775604 -7.009359836578369 0.22253645956516266 8.73861312866211
2 0.3203551769256592 0.23109474778175354 -5.509584426879883 0.2605126202106476 7.28125
1 0.32009223103523254 0.6872065663337708 0.17401593923568726 0.8050041794776917 0.25403791666030884
2 0.31566065549850464 0.06018603593111038 0.24149250984191895 0.23643141984939575 0.36596107482910156
