2 0.48151078820228577 0.8337145447731018 0.42314717173576355 0.8586739897727966 0.48476430773735046
2 0.4034441411495209 0.9023165702819824 0.40987661480903625 0.9412245750427246 0.45401933789253235
2 0.40166017413139343 0.9129201173782349 0.42350155115127563 0.9555760622024536 0.4708572030067444
1 0.3994820713996887 0.24615517258644104 -8.538182258605957 0.27104076743125916 10.342034339904785
2 0.39173436164855957 0.8340564370155334 0.453066349029541 0.8806710839271545 0.4933043122291565
2 0.3849093019962311 0.9114647507667542 0.32139384746551514 0.9452089667320251 0.34187614917755127
1 0.37742361426353455 0.23066748678684235 -8.021342277526855 0.24666325747966766 9.83574390411377
2 0.37697044014930725 0.3938376009464264 0.42569467425346375 0.42435523867607117 0.5264872312545776
2 0.3685227334499359 0.9042239785194397 0.4653831124305725 0.9511236548423767 0.5056573152542114
0 0.3663243055343628 -0.6694512367248535 0.5857798457145691 2.4931931495666504 0.6150534749031067
2 0.3634136915206909 0.3045375347137451 0.28601014614105225 0.3393235206604004 0.383669912815094
2 0.3606424927711487 0.7760043144226074 0.5574721097946167 0.8053094148635864 0.6183972358703613
2 0.35926905274391174 0.35728147625923157 0.28706735372543335 0.3941657841205597 0.3885572552680969
2 0.35761740803718567 0.4667287766933441 0.5228771567344666 0.506440281867981 0.61898273229599
2 0.3543880581855774 0.8036086559295654 0.3015097975730896 0.8309036493301392 0.3499799370765686
2 0.35337045788764954 0.0071342140436172485 0.8554022908210754 0.3066955804824829 0.9144652485847473
2 0.3511884808540344 0.3991427719593048 0.23369663953781128 0.43302759528160095 0.33349084854125977
4 0.34776467084884644 0.5325852632522583 0.8321291208267212 0.9325791597366333 0.9570821523666382
2 0.3475715219974518 0.8498613834381104 0.44771039485931396 0.8946590423583984 0.4912012219429016
2 0.34669938683509827 0.20127572119235992 -1.8295505046844482 0.21359549462795258 3.4961373805999756
