2 0.4471941292285919 0.23642663657665253 -4.211156845092773 0.25529205799102783 6.03505802154541
2 0.42529281973838806 0.28896886110305786 0.3145623207092285 0.7436427474021912 0.8948032855987549
3 0.39877790212631226 0.6670645475387573 0.7708362340927124 1.057702660560608 0.9103832244873047
0 0.3823460638523102 -1.8519973754882812 0.6268926858901978 3.6662158966064453 0.64634108543396
1 0.3705523610115051 0.2603299617767334 -7.346983909606934 0.27308326959609985 9.145598411560059
2 0.3690253794193268 0.19699661433696747 0.28918901085853577 0.5825111269950867 0.8368771076202393
0 0.36507099866867065 -0.6956613063812256 0.6061713099479675 2.590229034423828 0.6304072737693787
2 0.3532847762107849 0.271770179271698 -6.640933036804199 0.28758615255355835 8.443464279174805
1 0.35261616110801697 0.8101810812950134 0.2158060520887375 0.8709303736686707 0.2829149067401886
2 0.3523441255092621 0.18602272868156433 0.6308629512786865 0.5762200355529785 0.8798716068267822
0 0.3514714241027832 -0.5675600171089172 0.6514977216720581 2.3472797870635986 0.6716448068618774
3 0.35069960355758667 -0.0037497282028198242 0.8616983890533447 0.24717193841934204 0.9671899080276489
1 0.34886541962623596 0.8186689019203186 0.1958576887845993 0.883370578289032 0.2685575485229492
4 0.3484673500061035 0.4733049273490906 0.7684541344642639 0.8202701210975647 0.9134671092033386
1 0.3441103994846344 0.28572699427604675 -5.4771552085876465 0.29411497712135315 7.254876613616943
2 0.34350594878196716 0.26574817299842834 0.6857661008834839 0.4741983115673065 0.9217710494995117
3 0.34002330899238586 0.13716532289981842 0.7521706223487854 0.47109031677246094 0.8814458250999451
1 0.3380318582057953 0.7288962006568909 0.2008269727230072 0.7963005900382996 0.28658702969551086
2 0.33592528104782104 0.24552199244499207 -7.386837005615234 0.26196691393852234 9.204084396362305
0 0.3317807912826538 -1.0088417530059814 0.6367550492286682 2.835878610610962 0.654994785785675
