2 0.49414360523223877 0.20226231217384338 0.2820129692554474 0.7129507064819336 0.6848711967468262
3 0.43520253896713257 0.4221537113189697 0.8305346369743347 0.7608466148376465 0.9585344195365906
4 0.3957475423812866 -1.5423691272735596 0.5873873829841614 3.3922574520111084 0.6043981909751892
4 0.38810455799102783 -1.3459711074829102 0.5973145961761475 3.180917739868164 0.615239143371582
2 0.38290420174598694 0.24941383302211761 -6.01502799987793 0.2590802013874054 7.852612495422363
2 0.3659084737300873 0.2515331208705902 0.5722979307174683 0.8205299377441406 0.9056379795074463
1 0.36214545369148254 0.2721415162086487 0.8136921525001526 0.6046887636184692 0.9523894190788269
1 0.36006176471710205 0.29417288303375244 -7.008695125579834 0.3009380102157593 8.849052429199219
3 0.3599678575992584 0.022227108478546143 0.8522177338600159 0.22581475973129272 0.9568797945976257
3 0.3590077757835388 0.0801406055688858 0.7933392524719238 0.43849217891693115 0.9269962310791016
2 0.35545745491981506 0.2533441483974457 -4.131954669952393 0.26469215750694275 5.981226444244385
0 0.34173551201820374 -0.8127055764198303 0.6179488897323608 2.6575911045074463 0.6366114616394043
1 0.3416267931461334 0.2279658019542694 -4.537599563598633 0.24096789956092834 6.328859329223633
2 0.3366175889968872 0.17312833666801453 0.6947633028030396 0.4750535786151886 0.9294470548629761
2 0.33583003282546997 0.06153319031000137 0.6503371000289917 0.2799168527126312 0.8347426652908325
1 0.33582109212875366 0.7563872933387756 0.12610027194023132 0.8565730452537537 0.20763400197029114
1 0.33539724349975586 0.20301231741905212 -4.974703311920166 0.21027180552482605 6.716091632843018
1 0.33504927158355713 0.8438112139701843 0.14066776633262634 0.8954871296882629 0.21629181504249573
2 0.3297605514526367 0.4403287470340729 0.3142642080783844 0.5000929236412048 0.3860410153865814
1 0.32252123951911926 0.41708964109420776 0.7768805027008057 0.6939395070075989 0.9336289167404175
