2 0.4173271059989929 0.268314003944397 -3.3279285430908203 0.29734349250793457 5.161149024963379
2 0.41579127311706543 0.2667614817619324 0.28575319051742554 0.7721465229988098 0.6965553760528564
3 0.41269463300704956 0.6203775405883789 0.7943358421325684 0.9534318447113037 0.9289208650588989
3 0.41250237822532654 0.45390084385871887 0.8553814888000488 0.8980003595352173 0.9639673233032227
1 0.39780479669570923 0.7680914402008057 0.2284974455833435 0.8239760398864746 0.2966613173484802
4 0.3899258077144623 0.0022473186254501343 0.8773319721221924 0.2419852763414383 0.9549252986907959
2 0.3891388177871704 0.15999539196491241 0.31984391808509827 0.6178140640258789 0.779127836227417
1 0.37849491834640503 0.7463297247886658 0.14066976308822632 0.8091263175010681 0.2172049880027771
1 0.3751768469810486 0.7900471091270447 0.2696811854839325 0.8437034487724304 0.3415957987308502
1 0.3609878420829773 0.6480361223220825 0.15685167908668518 0.7359830141067505 0.2494320571422577
1 0.3583662807941437 0.2297772914171219 -6.767120361328125 0.24872218072414398 8.618124008178711
1 0.3569054901599884 0.25472375750541687 -6.743457794189453 0.27146968245506287 8.598128318786621
1 0.3507383465766907 0.7010070085525513 0.2564128339290619 0.761188268661499 0.3328586518764496
1 0.3405190408229828 0.6809689402580261 0.2258046418428421 0.7566762566566467 0.3010876774787903
1 0.3382798433303833 0.7504351139068604 0.33496662974357605 0.8126587867736816 0.4063076078891754
1 0.3346136808395386 0.7576156258583069 0.24107137322425842 0.8457188010215759 0.3235190808773041
2 0.33078256249427795 -0.02560688555240631 0.3605228066444397 0.4561231732368469 0.8297432065010071
3 0.3302520513534546 0.3566480278968811 0.7913810610771179 0.6887882351875305 0.9347451329231262
3 0.32406342029571533 0.06560125946998596 0.8647024035453796 0.31690940260887146 0.9128414988517761
2 0.32022932171821594 0.8286328911781311 0.39815935492515564 0.9358535408973694 0.5898499488830566
