1 0.47686195373535156 0.2824154794216156 -8.032429695129395 0.29773202538490295 9.83604907989502
3 0.4695418179035187 0.5391669273376465 0.7896372675895691 0.8489576578140259 0.9370620846748352
3 0.450875848531723 0.3776640295982361 0.7685562372207642 0.710380494594574 0.9157742261886597
3 0.4503956139087677 0.7584351301193237 0.7935172319412231 1.045322299003601 0.939001202583313
2 0.43592795729637146 0.31704428791999817 -6.782643795013428 0.33237358927726746 8.565619468688965
2 0.43227073550224304 0.30343592166900635 -8.242339134216309 0.3177025318145752 10.057341575622559
3 0.4171788692474365 0.6939006447792053 0.758338451385498 0.9234406352043152 0.9124840497970581
3 0.4112471044063568 -0.007264956831932068 0.8810747861862183 0.2481704205274582 0.9620976448059082
3 0.3903810381889343 0.29004889726638794 0.7997956275939941 0.599578320980072 0.9542224407196045
4 0.3772091567516327 -0.9065855741500854 0.6697335243225098 2.64363431930542 0.6917033195495605
2 0.35865312814712524 0.9169120788574219 0.3749917447566986 0.9460998773574829 0.39238855242729187
1 0.3571980893611908 -0.4150214195251465 0.49859124422073364 2.141869068145752 0.5171523690223694
2 0.3457065224647522 0.3243992328643799 -6.204565525054932 0.3363724946975708 7.96426248550415
3 0.3455234467983246 0.31987467408180237 0.8802252411842346 0.5344753861427307 0.9604048132896423
2 0.3439006507396698 0.07899854332208633 0.6975109577178955 0.18111726641654968 0.8434338569641113
3 0.34150275588035583 0.08819018304347992 0.863254189491272 0.25599437952041626 0.9339348077774048
2 0.3354930281639099 0.8504548668861389 0.859197735786438 0.9472227692604065 1.026724100112915
2 0.334872305393219 0.8250911235809326 0.3852672278881073 0.9253313541412354 0.5850718021392822
3 0.33440661430358887 0.3064095377922058 0.8265411257743835 0.5095241665840149 0.9222472310066223
1 0.3274989128112793 0.23629489541053772 -5.191334247589111 0.25143513083457947 7.029054164886475
