2 0.4462508261203766 0.20956918597221375 -5.715887069702148 0.22776278853416443 7.564365386962891
2 0.43426313996315 0.24774006009101868 -6.987387657165527 0.2616203725337982 8.822114944458008
1 0.41230228543281555 0.2322404384613037 -8.605764389038086 0.2485930323600769 10.439632415771484
4 0.4114600718021393 -0.8262950778007507 0.6018332839012146 2.65055775642395 0.6240131258964539
4 0.40899279713630676 -0.8450678586959839 0.5905548930168152 2.668517589569092 0.6144762635231018
4 0.379227876663208 -0.12127318978309631 0.8765353560447693 0.33115383982658386 0.9533947110176086
4 0.3629257380962372 -0.6930382251739502 0.6312900185585022 2.519463300704956 0.6572315096855164
2 0.35901209712028503 0.9204025864601135 0.3640180826187134 0.9454783797264099 0.38168585300445557
2 0.3535205125808716 0.6812346577644348 0.32188528776168823 0.7230431437492371 0.3985516428947449
2 0.351296067237854 0.21876321732997894 -7.978359222412109 0.2287333756685257 9.824483871459961
2 0.34901538491249084 0.6247668862342834 0.33670756220817566 0.660945475101471 0.4102763235569
2 0.34806251525878906 0.6585875153541565 0.30132195353507996 0.7042939066886902 0.37161198258399963
2 0.3478054702281952 0.6316604018211365 0.27854394912719727 0.6775258183479309 0.3444896936416626
4 0.34538429975509644 -0.041517019271850586 0.8587442636489868 0.2360045313835144 0.9418555498123169
4 0.3439740836620331 -0.05596451461315155 0.8920882940292358 0.22294436395168304 0.9688235521316528
3 0.3353525400161743 0.588361382484436 0.7860853672027588 0.9768389463424683 0.9200589656829834
2 0.3349769115447998 0.4967438578605652 0.4288800358772278 0.5285182595252991 0.5349534749984741
2 0.33010298013687134 0.8897936940193176 0.5394400358200073 0.9062686562538147 0.5558226108551025
2 0.32518866658210754 0.24287329614162445 -7.323517799377441 0.25165602564811707 9.155167579650879
2 0.3248353898525238 0.7942970991134644 0.3587625026702881 0.9087839126586914 0.5331354141235352
