2 0.6588727831840515 -0.7504445314407349 0.590749204158783 2.5015788078308105 0.6180422902107239
2 0.6033742427825928 -0.6981710195541382 0.5801435112953186 2.4450454711914062 0.6041833758354187
2 0.5371682643890381 -0.7888966798782349 0.6097790598869324 2.576298236846924 0.6372031569480896
2 0.45673441886901855 -0.4076613187789917 0.5702974200248718 2.191277503967285 0.5917771458625793
2 0.4483652412891388 0.20196321606636047 -8.820292472839355 0.21292725205421448 10.65234088897705
2 0.44124656915664673 0.18337613344192505 -4.748702526092529 0.19987332820892334 6.618217945098877
2 0.436761736869812 0.22947119176387787 -6.574942588806152 0.25046396255493164 8.383933067321777
2 0.4084254503250122 -0.6137343645095825 0.6350321173667908 2.456393241882324 0.6565592885017395
3 0.397737592458725 0.34678590297698975 0.7628798484802246 0.7075691223144531 0.8760147094726562
2 0.3897397816181183 -0.37714362144470215 0.6611086130142212 2.1760213375091553 0.6803511381149292
3 0.36880216002464294 0.5239189863204956 0.7646203637123108 0.74599289894104 0.8933979868888855
2 0.3683183193206787 0.24066762626171112 -5.882801055908203 0.26201099157333374 7.663087844848633
2 0.35906991362571716 0.22934772074222565 -7.283786773681641 0.2393481582403183 9.122276306152344
2 0.3549885153770447 -0.027878403663635254 0.8243155479431152 0.34439194202423096 0.9025338888168335
2 0.3524685800075531 0.8894197940826416 0.35535842180252075 0.9275602102279663 0.37314045429229736
2 0.35230785608291626 -0.014417976140975952 0.6680386662483215 0.17209550738334656 0.8048549294471741
1 0.34739094972610474 -0.41033077239990234 0.45554155111312866 1.9526760578155518 0.4793487787246704
2 0.3434033691883087 0.06780696660280228 0.6858653426170349 0.196244478225708 0.8050300478935242
3 0.3428953289985657 0.43133068084716797 0.7917531728744507 0.7780125141143799 0.9150782823562622
2 0.34175246953964233 -0.15776744484901428 0.8504525423049927 0.3320489823818207 1.0073221921920776
