2 0.45006367564201355 0.1561487913131714 -5.856368064880371 0.1777862310409546 7.659887313842773
4 0.4203355610370636 -0.036582306027412415 0.8473655581474304 0.27115726470947266 0.950489342212677
4 0.38579779863357544 -1.2711094617843628 0.5596886873245239 3.0745038986206055 0.5860241651535034
1 0.38499143719673157 0.7838405966758728 0.24189569056034088 0.8394870162010193 0.32487115263938904
1 0.37761107087135315 0.6207127571105957 0.2833549380302429 0.7252209186553955 0.37577593326568604
4 0.3774774968624115 -1.4829277992248535 0.585315465927124 3.2731361389160156 0.6114672422409058
0 0.36285287141799927 -0.8465603590011597 0.6060131788253784 2.4497947692871094 0.6279984712600708
4 0.35094526410102844 -1.6968986988067627 0.594776451587677 3.4486567974090576 0.6245666146278381
2 0.34861722588539124 0.031411029398441315 0.8923377990722656 0.27096232771873474 0.9507410526275635
2 0.34791645407676697 -0.15160933136940002 0.8699484467506409 0.3374895751476288 1.015515685081482
2 0.3442811965942383 0.2262551337480545 -8.021120071411133 0.23973719775676727 9.871448516845703
1 0.34328222274780273 0.8161521553993225 0.26323139667510986 0.8471450209617615 0.3583363890647888
4 0.3424447774887085 0.20968744158744812 -7.318489074707031 0.22054734826087952 9.10957145690918
4 0.3413846492767334 -1.1329765319824219 0.5729818344116211 2.8309433460235596 0.5962884426116943
4 0.3367944359779358 0.1784467101097107 -7.408897399902344 0.18457859754562378 9.157562255859375
1 0.3259744644165039 0.41455531120300293 0.7889140844345093 0.6988441944122314 0.9468487501144409
2 0.3249049186706543 0.8882383108139038 0.36102792620658875 0.9171735048294067 0.3802901804447174
2 0.32351285219192505 0.0025015994906425476 0.9080175757408142 0.20235073566436768 0.9849746823310852
0 0.3160818815231323 0.2559395432472229 0.6323404908180237 0.6733369827270508 0.8698143362998962
0 0.31226637959480286 0.39090248942375183 0.7093940377235413 0.8045605421066284 0.8826399445533752
