4 0.4668043255805969 -1.1851776838302612 0.5743745565414429 3.1019392013549805 0.5989950895309448
4 0.43664485216140747 -1.1479240655899048 0.5897060036659241 2.9915099143981934 0.6105546355247498
2 0.4305087625980377 0.19821733236312866 -6.5131659507751465 0.21029281616210938 8.313180923461914
4 0.40839526057243347 -1.1887331008911133 0.6086349487304688 2.9937591552734375 0.6285794973373413
2 0.407946914434433 0.20765893161296844 -4.374028205871582 0.22941507399082184 6.195672035217285
4 0.3990153968334198 -1.2389633655548096 0.6388753652572632 3.0635597705841064 0.6613153219223022
2 0.3803311586380005 0.9031785726547241 0.3919159173965454 0.9271279573440552 0.40903735160827637
2 0.3727666437625885 0.14760245382785797 -2.8335628509521484 0.15420274436473846 4.587543964385986
1 0.3651927411556244 -0.8226920366287231 0.49746230244636536 2.556638717651367 0.518080472946167
3 0.36467117071151733 0.5208995938301086 0.7299036383628845 0.7803521752357483 0.8853872418403625
3 0.3571278154850006 0.5912292003631592 0.7284500002861023 0.9446680545806885 0.8657644391059875
2 0.3502364158630371 0.8799595236778259 0.5785836577415466 0.8963053822517395 0.5932716727256775
2 0.3410084545612335 0.0027339383959770203 0.8949016332626343 0.24141037464141846 0.9704698324203491
2 0.3350276052951813 0.22178016602993011 -8.61213493347168 0.2353154569864273 10.430002212524414
3 0.32785022258758545 -0.005363374948501587 0.8549960851669312 0.2128913700580597 0.955130934715271
1 0.3277228772640228 -0.036013007164001465 0.8363751769065857 0.3305603861808777 0.8968772292137146
2 0.3171883225440979 0.43103450536727905 0.2543676495552063 0.49369144439697266 0.34357696771621704
2 0.31711339950561523 0.18130691349506378 0.38474321365356445 0.6765469908714294 0.7566283941268921
3 0.31317219138145447 0.5371852517127991 0.7882838249206543 0.7874516844749451 0.9462709426879883
2 0.3112146258354187 0.8825370073318481 0.5941242575645447 0.9052345752716064 0.6163434386253357
