0 0.5305137038230896 -1.669646978378296 0.6832497119903564 3.4098474979400635 0.7156633138656616
0 0.5244045853614807 -1.8218188285827637 0.6648425459861755 3.600780963897705 0.6964322924613953
0 0.47035834193229675 -0.8294236063957214 0.6142504811286926 2.7342405319213867 0.6548851132392883
0 0.4670169949531555 -1.374342441558838 0.6416808366775513 3.1904850006103516 0.6762444972991943
0 0.46174630522727966 0.19887225329875946 -6.778003692626953 0.2028321772813797 8.541519165039062
0 0.4522824287414551 -2.015148162841797 0.6523503661155701 3.791584014892578 0.6831791996955872
1 0.4426456391811371 -0.05374760925769806 0.7828071713447571 0.3421381115913391 0.8722068667411804
2 0.4056852459907532 0.009915634989738464 0.7915085554122925 0.2886584997177124 0.9370797872543335
2 0.39756542444229126 0.16206024587154388 0.7892387509346008 0.41472089290618896 0.9393587708473206
0 0.3867111802101135 0.2225305438041687 -5.773975372314453 0.23054486513137817 7.512423515319824
2 0.38545215129852295 0.39908891916275024 0.5314204692840576 0.42677193880081177 0.6255874633789062
2 0.37953314185142517 0.4051284193992615 0.5007472038269043 0.4402438998222351 0.5967416763305664
2 0.3699896037578583 0.15099942684173584 0.3676139712333679 0.5642408132553101 0.76136714220047
2 0.3648845851421356 0.4205319285392761 0.46717217564582825 0.4630510210990906 0.553608238697052
2 0.36387500166893005 0.1595003455877304 -3.2360618114471436 0.16363073885440826 5.050571441650391
2 0.360035240650177 0.4667994976043701 0.342401921749115 0.5037634372711182 0.4396037459373474
2 0.3596128523349762 0.4489128589630127 0.40922218561172485 0.4880253076553345 0.49817878007888794
2 0.35685446858406067 0.44051864743232727 0.5003198981285095 0.47693535685539246 0.5939361453056335
2 0.3554992973804474 0.2448817640542984 0.6341168284416199 0.4046311378479004 0.7396393418312073
2 0.35365280508995056 0.4303264617919922 0.5540906190872192 0.46786391735076904 0.6281629800796509
