4 0.4568551182746887 -0.7453938722610474 0.5363579988479614 2.635979652404785 0.5617580413818359
1 0.4318932890892029 0.23750735819339752 -6.949892997741699 0.25376060605049133 8.784257888793945
4 0.4295178949832916 -0.6813992261886597 0.5619443655014038 2.5388107299804688 0.5864521265029907
1 0.42153486609458923 0.041189439594745636 0.8260045051574707 0.24498295783996582 0.9250271320343018
1 0.3828372061252594 -0.016973286867141724 0.8330568075180054 0.3591238558292389 0.9132910966873169
1 0.3782658278942108 0.029706187546253204 0.8603501319885254 0.22569847106933594 0.9438791275024414
2 0.37026962637901306 0.9171717166900635 0.34049192070961 0.9420793056488037 0.35968849062919617
1 0.35594692826271057 0.7561492323875427 0.3087174892425537 0.7888540625572205 0.4171997308731079
1 0.35546693205833435 0.7426416873931885 0.17588582634925842 0.793248176574707 0.2807949483394623
2 0.3537425994873047 0.5448806285858154 0.354673832654953 0.7412310838699341 0.47203049063682556
1 0.35235628485679626 0.6809673309326172 0.0947619378566742 0.7542725801467896 0.19573619961738586
1 0.3470458686351776 0.7095951437950134 0.08460958302021027 0.8064375519752502 0.1830175369977951
4 0.3459044098854065 -0.689865231513977 0.575916051864624 2.566317558288574 0.6006177663803101
1 0.34240034222602844 0.7863816618919373 0.14923353493213654 0.8399962782859802 0.2572350800037384
1 0.3377143144607544 0.8043923377990723 0.17647041380405426 0.8542903661727905 0.28654587268829346
2 0.3350223898887634 0.8410250544548035 0.8375445604324341 0.9460998177528381 1.019137978553772
2 0.33277270197868347 0.812357485294342 0.3549162447452545 0.9296956658363342 0.5500891208648682
2 0.3327040672302246 0.8298577070236206 0.270851194858551 0.9647802114486694 0.4543657898902893
2 0.3292548358440399 0.9073720574378967 0.9054592251777649 0.9087957739830017 0.9259403347969055
1 0.3276824951171875 0.7766521573066711 0.2085765302181244 0.8283774256706238 0.32010629773139954
