4 0.4868903160095215 -1.4041194915771484 0.6105268597602844 3.2744436264038086 0.6375642418861389
4 0.4842855632305145 -1.6853349208831787 0.6266688704490662 3.5311014652252197 0.6467778086662292
4 0.4225580096244812 -1.3449794054031372 0.6007078886032104 3.195949077606201 0.6181522607803345
1 0.3664778172969818 0.24720728397369385 -6.895876884460449 0.26033246517181396 8.735831260681152
1 0.3500400483608246 0.21127910912036896 -6.201756954193115 0.2232751101255417 8.058965682983398
2 0.346041738986969 0.26264774799346924 0.3510690927505493 0.6230133175849915 0.680564284324646
2 0.34093940258026123 0.2232196033000946 0.4683804214000702 0.5597121715545654 0.8295514583587646
2 0.33761289715766907 0.2969741225242615 0.6339036226272583 0.43434375524520874 0.7632673978805542
1 0.327914834022522 0.22421695291996002 -7.068274974822998 0.23633728921413422 8.904963493347168
2 0.32257890701293945 0.10653796792030334 0.5398532748222351 0.38993707299232483 0.8748398423194885
2 0.3217928409576416 0.190514475107193 0.33422067761421204 0.4537375867366791 0.45341047644615173
2 0.31735366582870483 0.930306613445282 0.33189770579338074 0.9619314074516296 0.3514625132083893
1 0.3150520920753479 -0.004643723368644714 0.8695432543754578 0.23343710601329803 0.9557912945747375
1 0.3114345967769623 0.6423354148864746 0.2833487093448639 0.7414995431900024 0.36104294657707214
1 0.31018295884132385 0.6620039939880371 0.32089534401893616 0.7470028400421143 0.3923737704753876
3 0.3101048767566681 0.5995496511459351 0.7774247527122498 0.9061647653579712 0.9191787838935852
3 0.3098667562007904 0.176996111869812 0.11877313256263733 0.6770941019058228 0.765261173248291
1 0.3094448149204254 0.20365364849567413 -6.2597856521606445 0.21789191663265228 8.1016206741333
1 0.3094174861907959 0.22972895205020905 -7.7177324295043945 0.2396938055753708 9.566214561462402
2 0.3089490532875061 0.03799637407064438 0.6764792203903198 0.185675710439682 0.8107739686965942
