2 0.4544593095779419 0.17707869410514832 -1.9656697511672974 0.18528029322624207 3.7708945274353027
3 0.4269617795944214 0.12113076448440552 0.7335211634635925 0.4750390648841858 0.8821030259132385
3 0.4028865396976471 0.08786448836326599 0.8023495078086853 0.47184160351753235 0.9355254769325256
3 0.3873123824596405 0.3048360347747803 0.7574838399887085 0.6477880477905273 0.9035805463790894
2 0.38624683022499084 0.8588055372238159 0.839623212814331 0.9558852910995483 1.0198512077331543
2 0.3784025311470032 0.7526199221611023 0.46414053440093994 0.8625151515007019 0.6597174406051636
2 0.37649816274642944 0.7428154349327087 0.8849425315856934 0.8608282208442688 1.0392314195632935
2 0.3622301518917084 0.9121286273002625 0.3728199303150177 0.947990357875824 0.3896063268184662
2 0.36204320192337036 0.2510932683944702 -7.110400199890137 0.2627706527709961 8.931702613830566
4 0.3547977805137634 -0.8896017074584961 0.5379585027694702 2.6074047088623047 0.5648261308670044
4 0.3540251851081848 -1.0857491493225098 0.5229648947715759 2.973633289337158 0.5567783713340759
2 0.3494258224964142 0.8920673131942749 0.5205093026161194 0.9180434942245483 0.5355520844459534
2 0.34715545177459717 0.7014789581298828 0.42090335488319397 0.8450732231140137 0.5843802094459534
4 0.34708303213119507 -0.0005969852209091187 0.8410170674324036 0.2503708600997925 0.9404577612876892
1 0.34522902965545654 0.10247522592544556 0.8462039828300476 0.3540908098220825 0.8985527157783508
0 0.34292155504226685 0.2947627007961273 -5.761410713195801 0.3105146586894989 7.580727577209473
2 0.34230148792266846 0.42804330587387085 0.6391053795814514 0.6101140379905701 0.7512559294700623
3 0.34130987524986267 0.22160674631595612 0.7960473299026489 0.5485348105430603 0.9476854801177979
4 0.33899813890457153 -0.63382887840271 0.444291353225708 2.3056914806365967 0.46310484409332275
2 0.3388991355895996 0.24654851853847504 -8.417794227600098 0.2560039460659027 10.253727912902832
