2 0.6314622759819031 0.22343629598617554 -7.392822742462158 0.24369966983795166 9.22960376739502
2 0.461601585149765 0.21916614472866058 -6.453178405761719 0.23641999065876007 8.281037330627441
2 0.42876389622688293 0.042835310101509094 0.867633581161499 0.27538734674453735 0.9186887741088867
2 0.4226062595844269 0.03472747653722763 0.8759366273880005 0.21737566590309143 0.9514611959457397
2 0.411563515663147 0.2392866611480713 -7.327826023101807 0.26386988162994385 9.150741577148438
1 0.3850410282611847 0.6904299855232239 0.16815979778766632 0.7432587742805481 0.25595688819885254
1 0.3746706545352936 0.7771386504173279 0.19740834832191467 0.8308747410774231 0.28453192114830017
1 0.37163540720939636 0.6788619756698608 0.11718368530273438 0.747412919998169 0.2114884853363037
1 0.35416391491889954 0.6220367550849915 0.12523245811462402 0.7155887484550476 0.2238696813583374
1 0.34051087498664856 0.8363654017448425 0.21280205249786377 0.8966668248176575 0.29271042346954346
4 0.3398202657699585 0.0489068478345871 0.8093159794807434 0.45800817012786865 0.9024044871330261
1 0.3324776589870453 -1.7661452293395996 0.5748433470726013 3.6268506050109863 0.5938318371772766
2 0.32821473479270935 0.16852709650993347 -1.6341958045959473 0.17789992690086365 3.3983922004699707
4 0.3267063498497009 -1.6134203672409058 0.5830679535865784 3.485137939453125 0.6045748591423035
1 0.32555022835731506 0.20503704249858856 0.17944857478141785 0.6909468770027161 0.7556613683700562
2 0.3245375156402588 -1.0957112312316895 0.5648689866065979 2.994619846343994 0.5839661955833435
1 0.3133326768875122 0.8063840270042419 0.17699240148067474 0.8480368256568909 0.24747641384601593
1 0.3115198612213135 0.7811987996101379 0.14998304843902588 0.8371672034263611 0.23990535736083984
2 0.3078117072582245 0.20453429222106934 0.3310389518737793 0.725982129573822 0.6012586355209351
1 0.3064657747745514 0.6659906506538391 0.15924018621444702 0.732562243938446 0.25021499395370483
