4 0.42630863189697266 -0.7055249810218811 0.5276800394058228 2.61205792427063 0.5597164630889893
4 0.40505528450012207 -0.5042667984962463 0.5747039318084717 2.318645477294922 0.6052861213684082
4 0.3855014741420746 -0.9711467623710632 0.6028962135314941 2.7187836170196533 0.633158802986145
3 0.38333943486213684 0.39714717864990234 0.7864466905593872 0.6439136266708374 0.9421951770782471
4 0.3800137937068939 -1.1545113325119019 0.6153122782707214 2.888272762298584 0.6464799046516418
2 0.3628879189491272 0.9021422863006592 0.5722486972808838 0.9200866222381592 0.5892105102539062
2 0.35892146825790405 0.8635042309761047 0.8562636375427246 0.9442643523216248 1.050252079963684
4 0.3555249273777008 0.016466811299324036 0.8070169687271118 0.38894057273864746 0.9264461994171143
4 0.35493990778923035 -0.5517618656158447 0.44258108735084534 2.210728168487549 0.4700893461704254
2 0.35156986117362976 0.8884948492050171 0.36600548028945923 0.9174116849899292 0.3857581615447998
1 0.34881553053855896 0.6238763332366943 0.25048744678497314 0.7117536067962646 0.32938748598098755
1 0.3463088870048523 0.30871644616127014 -6.971902847290039 0.3246782720088959 8.789156913757324
2 0.33863282203674316 0.8196314573287964 0.34846657514572144 0.9244296550750732 0.5529130697250366
1 0.3354939818382263 0.23953598737716675 -8.430926322937012 0.2540149688720703 10.247260093688965
2 0.33173951506614685 0.816966712474823 0.4030144214630127 0.9076598286628723 0.6110842227935791
1 0.33126652240753174 0.26951315999031067 -6.767635822296143 0.28832724690437317 8.581607818603516
2 0.3248855769634247 0.7819252610206604 0.30149000883102417 0.8674208521842957 0.5190643668174744
2 0.32247215509414673 0.9032596349716187 0.5823644399642944 0.9224859476089478 0.6052923202514648
1 0.32041090726852417 0.7821770310401917 0.25722309947013855 0.8216843008995056 0.32465919852256775
4 0.31739744544029236 -0.0027899593114852905 0.877848744392395 0.22240851819515228 0.9570411443710327
