4 0.4722989797592163 -2.253375768661499 0.6046892404556274 4.08418083190918 0.6291388273239136
4 0.44226908683776855 -1.5923961400985718 0.5938742160797119 3.4908251762390137 0.6180143356323242
4 0.4262959957122803 -2.2489893436431885 0.6161940693855286 4.077049255371094 0.6420541405677795
1 0.42228788137435913 0.010615572333335876 0.8192728161811829 0.2953594923019409 0.880431592464447
4 0.411594420671463 -1.1857130527496338 0.5062633752822876 2.8468821048736572 0.5254313945770264
1 0.4077228605747223 0.03437282145023346 0.8435192108154297 0.26289522647857666 0.8946560621261597
1 0.37936466932296753 0.2444160431623459 -6.726258277893066 0.25843435525894165 8.538335800170898
1 0.37763991951942444 0.2148253172636032 -6.946381092071533 0.22875012457370758 8.739542961120605
1 0.37385159730911255 0.2668205797672272 -6.015294551849365 0.2923101484775543 7.814622402191162
1 0.3633325695991516 0.24774473905563354 -7.804514408111572 0.2656499743461609 9.60858154296875
2 0.3632858693599701 0.1912553310394287 0.39623212814331055 0.5429940223693848 0.7731373310089111
2 0.35328757762908936 0.22988338768482208 0.4492129385471344 0.688338041305542 0.8765869140625
1 0.3485497534275055 0.0609789714217186 0.8560198545455933 0.24848803877830505 0.9412106275558472
2 0.3477044105529785 0.12375599145889282 0.32429665327072144 0.8036977648735046 0.7724331021308899
1 0.34754568338394165 0.2267676293849945 -7.8729753494262695 0.24082955718040466 9.67805004119873
2 0.3448325991630554 0.1817941665649414 -2.646214246749878 0.18681007623672485 4.442384719848633
2 0.3359426259994507 0.9127823114395142 0.3609004020690918 0.9363666772842407 0.3786086440086365
2 0.32978352904319763 0.6437807083129883 0.4544447064399719 0.770317792892456 0.6180700659751892
1 0.3244965672492981 0.7142013311386108 0.2907247245311737 0.7841116189956665 0.3702799379825592
2 0.31476837396621704 0.8706420660018921 0.5044969916343689 0.8883662223815918 0.519491970539093
