2 0.44617021083831787 0.20486252009868622 -9.807093620300293 0.21937008202075958 11.63988208770752
4 0.43418776988983154 -0.541395902633667 0.542484700679779 2.442570686340332 0.5653839707374573
0 0.4072454571723938 -1.2785913944244385 0.5679959654808044 3.149566888809204 0.5946009755134583
3 0.3767507076263428 0.5332930088043213 0.8154763579368591 0.8392103910446167 0.9553770422935486
4 0.3752180337905884 -0.5146650075912476 0.46965959668159485 2.256021022796631 0.4870804250240326
3 0.3697655498981476 0.06936332583427429 0.8219892382621765 0.2940693199634552 0.9741807579994202
2 0.367860347032547 0.19848491251468658 0.3036609888076782 0.6587719917297363 0.8560217618942261
0 0.36710602045059204 -1.3207083940505981 0.5855846405029297 3.190171718597412 0.6125496625900269
2 0.3641963601112366 0.21895606815814972 0.4115409255027771 0.7108436226844788 0.7179870009422302
4 0.36417356133461 -0.029012739658355713 0.8979082107543945 0.22952783107757568 0.9763777256011963
2 0.35745909810066223 0.8998071551322937 0.35565701127052307 0.929300844669342 0.37391385436058044
2 0.35606539249420166 0.3152863681316376 -5.285876750946045 0.326034814119339 7.1302056312561035
2 0.35598811507225037 0.9129242300987244 0.5629423260688782 0.93299800157547 0.5788928866386414
4 0.3551722466945648 -0.5615089535713196 0.5651363134384155 2.419898509979248 0.5815619230270386
2 0.3521588146686554 0.19292742013931274 0.3530420660972595 0.4249139428138733 0.44308191537857056
2 0.35140979290008545 0.8722143769264221 0.8414255380630493 0.9528831839561462 1.0248229503631592
2 0.3496932089328766 0.12949354946613312 -2.960388660430908 0.13379763066768646 4.724098205566406
1 0.3474190831184387 0.7041988968849182 0.1321936696767807 0.8050846457481384 0.22897960245609283
2 0.34633684158325195 0.022693678736686707 0.723795473575592 0.2776036262512207 0.8992254137992859
2 0.34300047159194946 0.2680377960205078 -3.7967143058776855 0.2825281620025635 5.631205081939697
