3 0.4762699604034424 0.5976006984710693 0.789189338684082 0.9648022651672363 0.9316267967224121
3 0.44854411482810974 0.48644617199897766 0.8220219016075134 0.8763654232025146 0.9634431004524231
2 0.41050654649734497 0.2642771005630493 -6.569328308105469 0.2788151502609253 8.366511344909668
4 0.40720394253730774 -0.7469063997268677 0.5045459270477295 2.6258139610290527 0.5259478092193604
3 0.4067266285419464 0.43019723892211914 0.8028197884559631 0.7534222602844238 0.9412526488304138
2 0.37988683581352234 0.24182221293449402 -6.994585990905762 0.2558983266353607 8.806705474853516
1 0.3680487275123596 0.7509048581123352 0.3376010060310364 0.7958502173423767 0.3989375829696655
4 0.36723777651786804 -0.7846970558166504 0.5997598171234131 2.547137498855591 0.6192203760147095
1 0.35766634345054626 0.6416034698486328 0.18390990793704987 0.7634117603302002 0.25953108072280884
4 0.35722845792770386 -0.4968448281288147 0.41439422965049744 2.079474925994873 0.4352959096431732
1 0.35475364327430725 0.721602737903595 0.23761557042598724 0.7776437401771545 0.3007460832595825
1 0.35200026631355286 0.7460280060768127 0.31554609537124634 0.7755724787712097 0.3798999786376953
4 0.3497633635997772 -0.756449282169342 0.6243137717247009 2.488908052444458 0.6438258290290833
1 0.34908124804496765 0.7664104700088501 0.15686315298080444 0.7990473508834839 0.22654300928115845
2 0.34643152356147766 0.27564531564712524 -6.438957214355469 0.28974324464797974 8.218073844909668
2 0.3444041311740875 0.9250817894935608 0.308016836643219 0.9531611800193787 0.32547813653945923
1 0.34213563799858093 0.25863051414489746 -6.694968223571777 0.2726065516471863 8.532992362976074
2 0.3406626880168915 0.17095999419689178 -2.6142077445983887 0.1802598387002945 4.374749660491943
4 0.3372306525707245 -0.7396917343139648 0.5755050778388977 2.5606517791748047 0.592311441898346
1 0.3368203639984131 0.7577128410339355 0.23913607001304626 0.8008253574371338 0.3125036060810089
