2 0.49050116539001465 0.7684289216995239 0.23523718118667603 0.8239020109176636 0.27886962890625
2 0.48763546347618103 0.7497705817222595 0.2697279453277588 0.796396791934967 0.32182449102401733
2 0.4442894756793976 0.32410767674446106 0.5983233451843262 0.47373679280281067 0.725483775138855
2 0.4330861568450928 0.8456318974494934 0.19864290952682495 0.8859688639640808 0.24855172634124756
3 0.4023107588291168 0.030988290905952454 0.8799253106117249 0.25775134563446045 0.9560849070549011
1 0.40149351954460144 0.25536268949508667 -6.809215545654297 0.2657383680343628 8.599875450134277
3 0.3908225893974304 0.31155747175216675 0.7636796832084656 0.5966287851333618 0.9142466187477112
2 0.38985756039619446 0.5468428134918213 0.2796635031700134 0.5797555446624756 0.38603663444519043
2 0.3837154507637024 0.4823837876319885 0.327512264251709 0.5060063600540161 0.4242924451828003
2 0.38295799493789673 0.19908969104290009 -4.883404731750488 0.21077992022037506 6.701574325561523
3 0.3795279860496521 0.4067327380180359 0.7660077810287476 0.6957969069480896 0.9093030691146851
2 0.3794483542442322 0.09695368260145187 0.3978749215602875 0.32268238067626953 0.5130358338356018
2 0.37609460949897766 0.3831932544708252 0.6159974336624146 0.5532566905021667 0.7303797006607056
2 0.37556636333465576 0.8934512734413147 0.528016984462738 0.9516293406486511 0.562913715839386
2 0.3738989531993866 0.5078498721122742 0.6074948906898499 0.5192822813987732 0.6912053227424622
2 0.3702603280544281 0.1834796965122223 0.7900946140289307 0.46166953444480896 0.92608642578125
2 0.369450181722641 0.3963245451450348 0.2932477593421936 0.4410463869571686 0.39567095041275024
2 0.3691887855529785 0.4272727966308594 0.3821409046649933 0.4554314613342285 0.4783957898616791
2 0.36768484115600586 0.5042739510536194 0.5920912027359009 0.5181216597557068 0.6745309829711914
2 0.3668423891067505 0.8575242757797241 0.5070462226867676 0.9193605184555054 0.538001298904419
