4 0.5451899170875549 -0.5267608165740967 0.5506792664527893 2.332918643951416 0.5931496024131775
3 0.41236594319343567 0.4997365474700928 0.7658683657646179 0.7325491905212402 0.9244663119316101
4 0.40498316287994385 -0.9249358177185059 0.5682602524757385 2.832484483718872 0.6016673445701599
2 0.4006129503250122 0.20357374846935272 -3.9867489337921143 0.23572112619876862 5.801235675811768
3 0.38542720675468445 0.4513753652572632 0.8054113388061523 0.7054877281188965 0.9532392024993896
2 0.3800795078277588 0.059792548418045044 0.8546866178512573 0.30108192563056946 0.9149373769760132
3 0.3766626715660095 0.5912696719169617 0.7719619870185852 0.7915080189704895 0.9363222718238831
2 0.37365585565567017 0.22242048382759094 0.30753645300865173 0.6520854234695435 0.8258538246154785
2 0.37325721979141235 0.33343809843063354 0.3599731922149658 0.779087245464325 0.8659719228744507
3 0.3717706501483917 0.5667636394500732 0.7203496098518372 0.7845818996429443 0.8650684952735901
1 0.3691355288028717 -0.9500280618667603 0.4556095600128174 2.59067440032959 0.4742893576622009
3 0.367868036031723 0.6718952655792236 0.7212821245193481 0.8978406190872192 0.8770192861557007
2 0.3428812325000763 0.2693566679954529 -5.383412837982178 0.2821391224861145 7.184317111968994
2 0.3416498601436615 0.3488104045391083 0.5634928345680237 0.5185815095901489 0.6848428845405579
2 0.340034157037735 0.24099059402942657 -5.7507243156433105 0.26073968410491943 7.55167818069458
2 0.3344346582889557 0.008162900805473328 0.8709020018577576 0.24496079981327057 0.9558241963386536
2 0.3230409026145935 0.10231473296880722 0.6925163269042969 0.24006643891334534 0.7925543785095215
2 0.3194746673107147 0.3127351403236389 0.541559100151062 0.6140238642692566 0.8916440010070801
2 0.31743213534355164 0.906802237033844 0.36758947372436523 0.944807231426239 0.38885068893432617
2 0.3105294108390808 0.1904221773147583 0.5840805172920227 0.40087008476257324 0.6714957356452942
