2 0.4099665880203247 0.17136669158935547 -5.393684387207031 0.20198571681976318 7.212977409362793
1 0.4095834195613861 0.7597271203994751 0.25888291001319885 0.7997473478317261 0.3393191397190094
1 0.4016931354999542 0.787146270275116 0.3380543887615204 0.8221614956855774 0.41982826590538025
1 0.3946051597595215 0.7803419828414917 0.24813850224018097 0.8323081731796265 0.32418909668922424
4 0.37954071164131165 0.26764360070228577 0.2229122519493103 0.8076330423355103 0.7379992008209229
0 0.37067458033561707 -0.9700324535369873 0.642179012298584 2.833031177520752 0.6607365608215332
0 0.36427921056747437 -0.7530723810195923 0.61944979429245 2.6580233573913574 0.6397808194160461
1 0.36188146471977234 0.7010709643363953 0.42509835958480835 0.7313047051429749 0.5117908716201782
2 0.360012948513031 0.922282874584198 0.3775356411933899 0.948759138584137 0.3965883255004883
1 0.359965056180954 -0.08064740896224976 0.8366150856018066 0.355060338973999 0.8911280632019043
2 0.3560916781425476 0.13374082744121552 -3.128448724746704 0.13927461206912994 4.834083557128906
2 0.3501366376876831 0.9040946960449219 0.5582624673843384 0.9217586517333984 0.5751039981842041
2 0.34700924158096313 0.2077583521604538 -6.54814338684082 0.23449446260929108 8.367049217224121
2 0.34567946195602417 0.8644337058067322 0.8348881602287292 0.9476010203361511 1.0338139533996582
1 0.34524694085121155 0.780137300491333 0.14870703220367432 0.8371216058731079 0.23285508155822754
2 0.3410503566265106 0.8093160390853882 0.44192394614219666 0.9028283357620239 0.6666303277015686
2 0.3341387212276459 -0.02995435893535614 0.8869471549987793 0.22256551682949066 0.959214448928833
1 0.330597460269928 0.5450649857521057 0.16857405006885529 0.6244048476219177 0.2584155797958374
1 0.32505184412002563 -0.025706946849822998 0.8632726669311523 0.2795178294181824 0.9157562255859375
2 0.3214362859725952 0.18258178234100342 -8.523816108703613 0.19702500104904175 10.324816703796387
