4 0.5049591660499573 -1.315698266029358 0.5582418441772461 3.139655113220215 0.583993673324585
4 0.4685799181461334 -1.8038620948791504 0.5271478891372681 3.653294563293457 0.5484353303909302
2 0.451644629240036 0.22773496806621552 -7.954318046569824 0.23421289026737213 9.825591087341309
3 0.41876500844955444 0.6270889043807983 0.7843361496925354 0.8717631101608276 0.9352328181266785
2 0.4115724265575409 0.21131469309329987 -5.066506385803223 0.22465835511684418 6.943739891052246
1 0.4093582034111023 -0.007023602724075317 0.8939360976219177 0.2474452555179596 0.9555657505989075
4 0.40859973430633545 -1.1673369407653809 0.5328465700149536 2.961930274963379 0.558393120765686
0 0.40511155128479004 0.16918978095054626 0.38605791330337524 0.6826057434082031 0.7989560961723328
1 0.3900282680988312 0.7424193024635315 0.3185683488845825 0.8299092650413513 0.40942490100860596
1 0.38118743896484375 0.15049538016319275 0.18852311372756958 0.5639938116073608 0.7296357154846191
1 0.37875425815582275 0.7052581310272217 0.23123908042907715 0.7764489650726318 0.34733569622039795
3 0.3745829463005066 0.360139399766922 0.7568789720535278 0.6383050680160522 0.9098178148269653
1 0.3713926374912262 0.7626128196716309 0.15661419928073883 0.8242696523666382 0.2541677951812744
1 0.371327668428421 0.2188645452260971 0.007570087909698486 0.7099917531013489 0.9570037722587585
4 0.37093809247016907 -2.3212032318115234 0.5409804582595825 4.149512767791748 0.5600359439849854
1 0.37052837014198303 0.7404305934906006 0.3396502137184143 0.7781335115432739 0.4320717453956604
1 0.3701460659503937 0.7224490642547607 0.3144890069961548 0.7804088592529297 0.41740351915359497
4 0.36943432688713074 -0.8629175424575806 0.4953075051307678 2.786956310272217 0.5233243107795715
1 0.36902356147766113 0.733472466468811 0.11342901736497879 0.8064854145050049 0.21479719877243042
1 0.3612377643585205 0.031801655888557434 0.024115324020385742 0.45504969358444214 0.8016592264175415
