2 0.579928994178772 -0.017120465636253357 0.7927494049072266 0.2755618691444397 0.9258360862731934
2 0.5719218850135803 0.24009311199188232 -8.430545806884766 0.25274157524108887 10.290548324584961
2 0.5119202733039856 0.23817865550518036 -10.320072174072266 0.24626149237155914 12.17782974243164
4 0.490045964717865 -0.8276439905166626 0.6223471164703369 2.6422219276428223 0.6522107124328613
2 0.47124528884887695 0.17571990191936493 -4.860361099243164 0.18648363649845123 6.673123359680176
4 0.4671329855918884 -0.48488008975982666 0.6417270302772522 2.2835350036621094 0.673541247844696
4 0.46436038613319397 -1.5158348083496094 0.6057068109512329 3.273590087890625 0.6381312608718872
3 0.45274707674980164 0.42031100392341614 0.8016066551208496 0.8150690793991089 0.9274277687072754
2 0.4349048137664795 0.15589024126529694 -2.155778408050537 0.16335688531398773 3.8544301986694336
2 0.42009782791137695 0.23190221190452576 -7.281654357910156 0.24273350834846497 9.113956451416016
3 0.4005964398384094 0.6148960590362549 0.8194810152053833 0.9688117504119873 0.9542148113250732
2 0.3919662833213806 0.2733309864997864 0.617651641368866 0.4444195628166199 0.7218087315559387
3 0.386545866727829 0.4451358914375305 0.8400975465774536 0.6678189635276794 0.9228793382644653
2 0.36241987347602844 0.18535937368869781 0.4871799647808075 0.23832862079143524 0.5485374331474304
2 0.3609066903591156 0.22761942446231842 0.5612422823905945 0.2605656385421753 0.605814516544342
3 0.36069372296333313 0.3702647387981415 0.7564554214477539 0.6336967945098877 0.9008586406707764
2 0.35468870401382446 0.9195685386657715 0.29563409090042114 0.9500565528869629 0.3161616921424866
2 0.35453251004219055 0.29262810945510864 0.8019246459007263 0.48839569091796875 0.8930844664573669
2 0.3534717261791229 0.1561586856842041 0.48628684878349304 0.19269442558288574 0.5773846507072449
2 0.3525581955909729 0.09407275170087814 0.6043850183486938 0.24717360734939575 0.7029557228088379
