2 0.5429702997207642 0.15190939605236053 0.8171056509017944 0.583313524723053 0.945656418800354
2 0.4582515060901642 0.010609298944473267 0.7885169982910156 0.3649314343929291 0.91196608543396
2 0.40367230772972107 0.2519212067127228 -6.4915595054626465 0.275194376707077 8.314017295837402
2 0.4017631709575653 0.4238051474094391 0.44806647300720215 0.46177205443382263 0.5252508521080017
2 0.38624149560928345 0.30224284529685974 -5.65347146987915 0.3290450870990753 7.45995569229126
2 0.3862411081790924 0.4146142899990082 0.4742940664291382 0.45688262581825256 0.5508029460906982
4 0.3806038200855255 -1.5688599348068237 0.5657268762588501 3.3788137435913086 0.5944886207580566
2 0.37390652298927307 0.40319982171058655 0.3739485740661621 0.4538670480251312 0.4537249803543091
2 0.37333929538726807 -0.0011636912822723389 0.878007709980011 0.22307905554771423 0.9611172080039978
2 0.3714030981063843 0.02397856116294861 0.695399284362793 0.22840091586112976 0.8017616271972656
2 0.36940374970436096 0.2646908760070801 0.6130380034446716 0.44496166706085205 0.7109382748603821
2 0.3632751703262329 0.25732630491256714 0.5094674229621887 0.29170697927474976 0.5876302123069763
2 0.3619837760925293 0.3936993181705475 0.6337246894836426 0.4155410826206207 0.6972165107727051
2 0.3613319396972656 0.27295422554016113 0.5024071931838989 0.3074760437011719 0.5798757076263428
1 0.3608376979827881 0.7533947229385376 0.25836503505706787 0.8006421327590942 0.33306455612182617
2 0.3599272072315216 0.2773685157299042 0.7918071150779724 0.4552101194858551 0.8841466307640076
2 0.35731664299964905 0.18232467770576477 0.46813881397247314 0.4138577878475189 0.5696687698364258
1 0.35683324933052063 0.7847009301185608 0.1932065337896347 0.8400868773460388 0.2633300721645355
2 0.3558242917060852 0.40791308879852295 0.6336318850517273 0.4364534616470337 0.6968936324119568
2 0.3540135324001312 0.24786868691444397 0.5284069776535034 0.2822912633419037 0.606667160987854
