4 0.5797854661941528 -1.5833070278167725 0.5534771084785461 3.4048473834991455 0.5721312165260315
4 0.5691957473754883 -1.1749211549758911 0.5623684525489807 2.9837584495544434 0.5816287398338318
4 0.47435736656188965 -1.8471447229385376 0.5843286514282227 3.5758471488952637 0.5974611043930054
2 0.4342357814311981 0.2688695788383484 0.25698423385620117 0.7922014594078064 0.6895039677619934
2 0.4276069700717926 0.2388172596693039 -4.581317901611328 0.2554513216018677 6.381504058837891
4 0.4156513512134552 -1.455430030822754 0.6121333241462708 3.2542285919189453 0.628125011920929
2 0.4050837457180023 0.22353114187717438 -6.1519293785095215 0.23207472264766693 7.932337284088135
2 0.38860687613487244 0.14540408551692963 0.3505285978317261 0.6085477471351624 0.7060198783874512
1 0.37234213948249817 -0.6640557050704956 0.48903888463974 2.3529915809631348 0.5102361440658569
2 0.3614184260368347 0.15460816025733948 0.4277017116546631 0.7103438377380371 0.8274362087249756
2 0.3612635135650635 0.9353560209274292 0.33556586503982544 0.9639662504196167 0.35330402851104736
4 0.35924389958381653 0.23619289696216583 -8.433905601501465 0.2475215643644333 10.199727058410645
0 0.34007298946380615 0.2738093435764313 -5.220714569091797 0.28707435727119446 7.045088768005371
2 0.3334583640098572 0.2528543770313263 -8.767284393310547 0.2683509290218353 10.595619201660156
2 0.33315178751945496 0.9577363729476929 0.8937379121780396 0.9591110944747925 0.9142774343490601
0 0.33144527673721313 0.2820470631122589 -6.898256778717041 0.290928453207016 8.690369606018066
1 0.3283916115760803 0.6407790780067444 0.11530974507331848 0.7006775736808777 0.18539002537727356
2 0.32650086283683777 0.8803536295890808 0.534659743309021 0.900303065776825 0.5489908456802368
1 0.326476126909256 0.663020670413971 0.3546510338783264 0.7017877697944641 0.42210447788238525
1 0.32637131214141846 0.6857556700706482 0.254354864358902 0.7389429211616516 0.33377692103385925
