0 0.4173484146595001 -0.4708273410797119 0.6358079314231873 2.3539822101593018 0.6626465916633606
2 0.4060553312301636 0.22389951348304749 0.36220937967300415 0.7888444662094116 0.7542474865913391
3 0.3899182081222534 0.6260450482368469 0.7549948692321777 0.9507350325584412 0.8917471170425415
1 0.37389254570007324 0.730759859085083 0.13329163193702698 0.8101077079772949 0.18730971217155457
0 0.3719038963317871 -0.3492546081542969 0.5059815049171448 1.9350979328155518 0.5273011326789856
1 0.3716469407081604 0.8328888416290283 0.18760253489017487 0.971754789352417 0.24911992251873016
3 0.363633930683136 0.48822686076164246 0.8701004981994629 0.837918758392334 0.9898667335510254
0 0.35652869939804077 -0.4697563648223877 0.6685267686843872 2.284050703048706 0.6897008419036865
2 0.35616031289100647 0.10164151340723038 0.40555623173713684 0.3345992863178253 0.5184383392333984
2 0.35597652196884155 0.16500812768936157 0.39154577255249023 0.5691652894020081 0.7885310649871826
2 0.3541156053543091 0.029792971909046173 0.3024032711982727 0.18958264589309692 0.4150708317756653
2 0.3535395562648773 0.0071603357791900635 0.657176673412323 0.2133769690990448 0.7789797186851501
2 0.3531091809272766 -0.002798929810523987 0.8641046285629272 0.2610705494880676 0.9582055807113647
2 0.3487558960914612 0.13657376170158386 0.3070254921913147 0.19124248623847961 0.3727284073829651
1 0.34529608488082886 0.8357753157615662 0.1993846446275711 0.9216781258583069 0.2419910877943039
2 0.34021419286727905 0.14338722825050354 0.27291980385780334 0.204891175031662 0.33143147826194763
4 0.33984845876693726 0.23476354777812958 -6.822948455810547 0.25581860542297363 8.66223430633545
1 0.3392123878002167 0.02335059642791748 0.8398527503013611 0.335249125957489 0.9002202153205872
2 0.3386664390563965 0.07871201634407043 0.5858467817306519 0.47501978278160095 0.8017221689224243
2 0.33853745460510254 0.12733598053455353 0.40349557995796204 0.1631598323583603 0.5272976160049438
