2 0.44951003789901733 0.14865367114543915 -5.943977355957031 0.1784849315881729 7.766720771789551
2 0.39872318506240845 0.1560923010110855 -2.3494796752929688 0.16228990256786346 4.145771503448486
1 0.3878583312034607 -1.3494359254837036 0.559644877910614 3.152674674987793 0.5903031229972839
4 0.38302862644195557 -0.0020828843116760254 0.8632063269615173 0.23149257898330688 0.9299982190132141
2 0.3731442093849182 0.08713185042142868 0.7224961519241333 0.3279836177825928 0.890987753868103
1 0.35945308208465576 -0.7565709948539734 0.46138522028923035 2.3688645362854004 0.48443594574928284
2 0.35192838311195374 0.013357028365135193 0.6669831275939941 0.1543119102716446 0.8088054656982422
2 0.34401386976242065 0.9051653742790222 0.3570250868797302 0.939200222492218 0.3761700987815857
2 0.32294878363609314 0.23156782984733582 -7.509155750274658 0.2539304196834564 9.330462455749512
2 0.32174772024154663 0.14801272749900818 0.7525190114974976 0.268749862909317 0.8590013980865479
2 0.31717488169670105 0.129694402217865 0.5984256863594055 0.3081985116004944 0.6942705512046814
2 0.3115884065628052 0.2936587929725647 0.6379954814910889 0.4607025384902954 0.751091718673706
2 0.30992159247398376 0.30254125595092773 0.7466296553611755 0.5260734558105469 0.9276028275489807
2 0.3065428137779236 0.13663488626480103 0.6110013127326965 0.24703991413116455 0.7389751076698303
2 0.3053690195083618 0.8885383009910583 0.5000624656677246 0.9143659472465515 0.5151323080062866
3 0.30453991889953613 0.53724205493927 0.7620293498039246 0.7613059282302856 0.9101365208625793
3 0.3007899820804596 0.44856876134872437 0.7732852101325989 0.7118362784385681 0.9214281439781189
2 0.3003876507282257 0.21583077311515808 0.3532198369503021 0.43052414059638977 0.4688071310520172
3 0.2978475093841553 0.5855574011802673 0.7928517460823059 0.8198409676551819 0.9381988644599915
2 0.290616512298584 0.35154783725738525 0.6789133548736572 0.51146000623703 0.7882363796234131
