4 0.611201286315918 -1.559203028678894 0.548436164855957 3.3558712005615234 0.5701987743377686
4 0.5697500109672546 -1.8039149045944214 0.5356304049491882 3.6087241172790527 0.5541502833366394
4 0.4897575080394745 -0.970278799533844 0.5543327331542969 2.8228402137756348 0.5762182474136353
1 0.3810044527053833 0.6638745665550232 0.15734733641147614 0.7796891331672668 0.2420084923505783
1 0.3739472031593323 0.23214784264564514 -6.996600151062012 0.25463953614234924 8.814865112304688
1 0.36504337191581726 0.7535297870635986 0.20155566930770874 0.8388495445251465 0.28817278146743774
2 0.36227065324783325 -0.024829238653182983 0.8594096899032593 0.2995893657207489 0.9573465585708618
2 0.36105969548225403 0.9212306141853333 0.363535612821579 0.946382462978363 0.38102540373802185
4 0.35787612199783325 0.20696641504764557 -4.793412208557129 0.22051064670085907 6.61998176574707
1 0.3521939218044281 0.21709714829921722 -7.331683158874512 0.240449920296669 9.143752098083496
1 0.3508440852165222 0.780062198638916 0.1778692901134491 0.8587894439697266 0.26721933484077454
1 0.3417259752750397 0.7103071212768555 0.18761970102787018 0.7649573087692261 0.27818048000335693
4 0.33924147486686707 0.24408245086669922 -7.031630992889404 0.2565855383872986 8.85997200012207
4 0.3306233584880829 -1.1993722915649414 0.5701941251754761 2.995171070098877 0.5905975103378296
1 0.33029356598854065 -0.025315195322036743 0.8553522229194641 0.29462215304374695 0.9082590937614441
2 0.33026158809661865 0.8715843558311462 0.5407353043556213 0.8880683779716492 0.5561187863349915
2 0.31980058550834656 0.040938422083854675 0.674481213092804 0.19881750643253326 0.8049084544181824
1 0.31840068101882935 0.6252621412277222 0.21808893978595734 0.6688228845596313 0.31401970982551575
3 0.31600090861320496 0.6968804597854614 0.7539372444152832 0.956612229347229 0.9174456596374512
2 0.3141661584377289 0.0976998507976532 0.7402677536010742 0.4209039509296417 0.8788070678710938
