2 0.5281628966331482 0.8577074408531189 0.6273525357246399 0.8905648589134216 0.6746546626091003
2 0.4777146577835083 0.5474255084991455 0.5579149723052979 0.5932924747467041 0.6094232797622681
2 0.46481984853744507 0.7689542174339294 0.5308701992034912 0.7927140593528748 0.5813744068145752
2 0.4329875707626343 0.01746257394552231 0.8476095199584961 0.2566109001636505 0.9549624919891357
3 0.39229923486709595 0.2648140788078308 0.8065902590751648 0.5784729719161987 0.9394277930259705
2 0.3737201988697052 0.87620609998703 0.36392104625701904 0.9076367020606995 0.38296759128570557
2 0.37291327118873596 0.9054893851280212 0.499406099319458 0.952411949634552 0.5319650173187256
2 0.37213030457496643 0.8400618433952332 0.48628929257392883 0.8823923468589783 0.5221033692359924
2 0.3594229817390442 0.8608385324478149 0.5137977004051208 0.9100444316864014 0.5543815493583679
2 0.3442724943161011 0.8745261430740356 0.48023054003715515 0.9244402647018433 0.5144805312156677
4 0.3422204256057739 0.24714627861976624 -7.054205894470215 0.26419708132743835 8.883233070373535
2 0.34042495489120483 0.044343650341033936 0.654456615447998 0.19981098175048828 0.7746217250823975
2 0.3398517370223999 0.5224141478538513 0.35343724489212036 0.5648956894874573 0.4575192332267761
4 0.339114248752594 0.19725559651851654 -6.6125335693359375 0.2160772830247879 8.421345710754395
2 0.3390089273452759 0.2761608064174652 0.6137769818305969 0.45012763142585754 0.7097319960594177
2 0.338956356048584 0.8552336096763611 0.5230879783630371 0.9034343361854553 0.5649164915084839
2 0.33801260590553284 0.43480244278907776 0.41129985451698303 0.4725562036037445 0.5105623006820679
2 0.3347797989845276 0.19976282119750977 0.6111740469932556 0.37554579973220825 0.7025776505470276
2 0.33372417092323303 0.8329064249992371 0.5598325133323669 0.854775607585907 0.5752615332603455
2 0.3325575590133667 0.662848949432373 0.8904549479484558 0.7844083309173584 1.0225070714950562
