3 0.38708820939064026 0.4880905747413635 0.7957807183265686 0.9108743071556091 0.934966504573822
1 0.37545520067214966 0.23521815240383148 -9.73301887512207 0.2451506406068802 11.578824996948242
1 0.37530517578125 -0.35960453748703003 0.5186136364936829 2.0585763454437256 0.5341797471046448
1 0.3742918372154236 0.2226460576057434 -8.073493957519531 0.23326653242111206 9.913738250732422
3 0.3561127781867981 0.38413944840431213 0.8375532627105713 0.8277829885482788 0.9443647861480713
1 0.35077962279319763 0.24194419384002686 -7.6677656173706055 0.2520928382873535 9.515069007873535
1 0.3468623161315918 -1.3173726797103882 0.620169460773468 3.129631996154785 0.6413756012916565
1 0.3422309160232544 -1.780035138130188 0.602462887763977 3.5907669067382812 0.6231831312179565
1 0.34214213490486145 -0.8085533380508423 0.6479138731956482 2.632371425628662 0.6692047715187073
2 0.33922773599624634 0.17188364267349243 -2.311305522918701 0.17891603708267212 4.078202724456787
2 0.3268284499645233 0.07933229953050613 0.6373620629310608 0.22683191299438477 0.7822466492652893
2 0.3242725431919098 0.1720488965511322 0.6973609924316406 0.28948143124580383 0.8151922225952148
2 0.32065320014953613 0.8212234973907471 0.839798629283905 0.9472830295562744 0.9851637482643127
1 0.31742963194847107 0.26036667823791504 -9.333276748657227 0.2691448926925659 11.178592681884766
1 0.31418725848197937 -1.147013545036316 0.6344430446624756 2.994906425476074 0.6548304557800293
0 0.312917023897171 0.7171627879142761 0.19678276777267456 0.915702760219574 0.2625458836555481
1 0.311273992061615 0.27376788854599 -9.192148208618164 0.2829400300979614 11.035066604614258
2 0.3105076253414154 0.15761880576610565 0.5950808525085449 0.2805787920951843 0.7247227430343628
0 0.31003618240356445 0.7731492519378662 0.24917060136795044 0.8896831274032593 0.3115902543067932
3 0.3084696829319 0.3124442398548126 0.808476448059082 0.7126647233963013 0.9381217956542969
