2 0.5167332887649536 0.34856927394866943 0.7573408484458923 0.6250007748603821 0.923927366733551
2 0.4273160696029663 0.2773416340351105 -7.358752250671387 0.292881578207016 9.173380851745605
0 0.41345301270484924 0.017377376556396484 0.30621057748794556 0.5267204642295837 0.8466888070106506
2 0.4035661220550537 0.2583516836166382 -8.017230033874512 0.2735838294029236 9.840716361999512
1 0.3957251310348511 0.8188342452049255 0.3560371398925781 0.8497325778007507 0.4437103271484375
0 0.3928886950016022 0.17165076732635498 0.28878146409988403 0.6255440711975098 0.7640432715415955
1 0.38984736800193787 -0.03182782232761383 0.8660619854927063 0.21788765490055084 0.9542424082756042
1 0.38369396328926086 0.7419688105583191 0.34865811467170715 0.7725271582603455 0.42897382378578186
2 0.3828792870044708 0.2822535037994385 0.5913625359535217 0.4470972418785095 0.7190337777137756
4 0.38238009810447693 -1.111426591873169 0.5995322465896606 2.889678716659546 0.6298081874847412
2 0.3799554705619812 0.11050538718700409 0.6577839255332947 0.40674644708633423 0.8298446536064148
2 0.37837573885917664 0.22601985931396484 0.7835178375244141 0.38993483781814575 0.9082577228546143
1 0.3757072389125824 0.6887543201446533 0.2515970766544342 0.7220537662506104 0.36132869124412537
0 0.3721694052219391 0.33368271589279175 0.332671582698822 0.8682317137718201 0.8079100251197815
2 0.36909720301628113 0.09691083431243896 0.7194803357124329 0.24957948923110962 0.822836697101593
4 0.3614678382873535 -1.8003408908843994 0.5442743897438049 3.68583083152771 0.5660479664802551
3 0.35502028465270996 0.6501670479774475 0.7483987808227539 0.9540525078773499 0.8894926309585571
4 0.3526211082935333 -1.761601448059082 0.5641590356826782 3.653911590576172 0.5855342149734497
0 0.34953412413597107 -1.4664474725723267 0.5877066254615784 3.342006206512451 0.6113747954368591
2 0.3472738265991211 0.16378507018089294 0.5105705261230469 0.3374467194080353 0.6122053861618042
