4 0.44674429297447205 -0.599756121635437 0.6141244769096375 2.4055919647216797 0.6416286826133728
2 0.44512781500816345 0.17166325449943542 -2.6729278564453125 0.17833217978477478 4.450942039489746
4 0.4165390431880951 -0.5236952900886536 0.5761295557022095 2.4170024394989014 0.6064249277114868
3 0.4122087359428406 0.23767168819904327 0.7785187363624573 0.5901125073432922 0.8957712054252625
2 0.39759495854377747 0.2744412124156952 -5.719318389892578 0.28623226284980774 7.540390968322754
2 0.39129337668418884 0.233921617269516 -4.689358711242676 0.2515486776828766 6.495857238769531
4 0.38574686646461487 -0.9106135964393616 0.6033903360366821 2.7263572216033936 0.6261037588119507
2 0.37760260701179504 0.26451462507247925 -5.124715805053711 0.2816963195800781 6.928850173950195
2 0.37571415305137634 0.447459876537323 0.3464542329311371 0.4872663617134094 0.44876518845558167
4 0.3709515631198883 0.20056894421577454 -7.844349384307861 0.2094118893146515 9.652117729187012
4 0.36850324273109436 -1.0623224973678589 0.5893295407295227 2.85628604888916 0.6125685572624207
2 0.36728212237358093 0.253712922334671 -6.562604904174805 0.2623353898525238 8.302407264709473
2 0.36683541536331177 0.4439690113067627 0.4074542820453644 0.4954569935798645 0.503035843372345
2 0.365521103143692 0.9141034483909607 0.33829399943351746 0.9420047402381897 0.3575449287891388
2 0.35145875811576843 0.28128108382225037 0.40463125705718994 0.4811514914035797 0.523281455039978
2 0.3491370677947998 0.9026279449462891 0.5351146459579468 0.9213954210281372 0.5511680841445923
2 0.34830549359321594 0.45451271533966064 0.33359214663505554 0.5069631338119507 0.42507633566856384
2 0.34774211049079895 0.7142118811607361 0.3469942510128021 0.7496011853218079 0.4101068079471588
2 0.34768685698509216 0.7556583881378174 0.32135477662086487 0.8620343208312988 0.4991122782230377
2 0.34553784132003784 0.021977856755256653 0.8563991785049438 0.35797297954559326 0.9154072999954224
