0 0.42077144980430603 -0.20647966861724854 0.5495677590370178 2.1084556579589844 0.5747378468513489
2 0.42024075984954834 0.25003257393836975 -7.545638084411621 0.25848308205604553 9.353299140930176
2 0.41864722967147827 0.1989285945892334 -2.1869282722473145 0.20421409606933594 3.9397358894348145
0 0.41812801361083984 -0.18766605854034424 0.5710731148719788 1.9751847982406616 0.5909489989280701
0 0.3980317711830139 0.487454891204834 0.29757463932037354 0.8281203508377075 0.66413813829422
0 0.39699670672416687 -0.63514244556427 0.5631031394004822 2.3189191818237305 0.5811713337898254
0 0.39548736810684204 0.10907655954360962 0.4532477855682373 0.6820264458656311 0.7983814477920532
0 0.39493173360824585 -0.7507809996604919 0.5480002164840698 2.491295576095581 0.5660569667816162
0 0.39132076501846313 0.24347762763500214 0.426862895488739 0.7154221534729004 0.6949525475502014
2 0.3826428949832916 0.2790931463241577 -8.066922187805176 0.2856801152229309 9.869856834411621
2 0.3727901875972748 0.22025811672210693 -8.512614250183105 0.2285252809524536 10.337250709533691
1 0.3721558451652527 0.6304060220718384 0.23134978115558624 0.6821821928024292 0.30963805317878723
3 0.36901044845581055 0.041558437049388885 0.8744718432426453 0.22578531503677368 0.9453163743019104
1 0.35981035232543945 0.747742235660553 0.23169063031673431 0.7935037016868591 0.30260252952575684
1 0.3578963577747345 0.615756630897522 0.332687109708786 0.6616733074188232 0.4102227985858917
0 0.35173094272613525 0.20150400698184967 0.6346999406814575 0.5653405785560608 0.8383651971817017
1 0.34721699357032776 0.2633594274520874 -7.751622200012207 0.2697252035140991 9.61306095123291
0 0.344768762588501 -1.4003345966339111 0.5537471175193787 3.2109930515289307 0.5711682438850403
1 0.34172892570495605 0.7712060809135437 0.38614311814308167 0.8133408427238464 0.46185967326164246
2 0.333763986825943 0.3293956518173218 0.6202232241630554 0.4850809574127197 0.7332678437232971
