4 0.4524790048599243 0.042254336178302765 0.8678849339485168 0.2537596821784973 0.9604944586753845
2 0.43579015135765076 0.22260846197605133 -5.624680519104004 0.23568587005138397 7.47343635559082
2 0.38161441683769226 0.24971789121627808 0.24165943264961243 0.628212571144104 0.7519221305847168
2 0.37740811705589294 -1.3565247058868408 0.5705966949462891 3.1967036724090576 0.5884401798248291
2 0.3683898150920868 -1.7780916690826416 0.5976278781890869 3.6131584644317627 0.6176518201828003
2 0.35997137427330017 0.25950944423675537 -7.931626796722412 0.2700134515762329 9.771049499511719
1 0.3421359658241272 0.018330901861190796 0.878456175327301 0.17653414607048035 0.9856382012367249
1 0.33429384231567383 0.6949692964553833 0.22484496235847473 0.7533496618270874 0.2935340702533722
1 0.3335094749927521 0.23297956585884094 -6.603371620178223 0.2460136115550995 8.440888404846191
1 0.3329361379146576 0.7774883508682251 0.1432807594537735 0.8396321535110474 0.22756211459636688
3 0.33256709575653076 0.17571261525154114 0.7966760396957397 0.5828564167022705 0.9298948049545288
3 0.3300395905971527 0.6659367084503174 0.7895717620849609 0.9513528347015381 0.9423632621765137
1 0.3285292685031891 0.7726419568061829 0.19974055886268616 0.8423306345939636 0.27234187722206116
1 0.327579140663147 0.7514009475708008 0.21863660216331482 0.8081358671188354 0.2817089855670929
2 0.32467225193977356 0.15099215507507324 -2.349612236022949 0.15633857250213623 4.038089752197266
2 0.32404443621635437 -1.43397057056427 0.6045787930488586 3.2644238471984863 0.623417317867279
2 0.32314223051071167 0.939880907535553 0.3326527774333954 0.9710215926170349 0.3513629734516144
1 0.32068565487861633 0.8042905926704407 0.20750069618225098 0.8684105277061462 0.27134597301483154
2 0.3122884929180145 0.9283348321914673 0.48113709688186646 0.9478126764297485 0.49723702669143677
2 0.31108689308166504 -0.8200750350952148 0.5317155718803406 2.7422850131988525 0.5562400221824646
