1 0.4552791714668274 0.2692325711250305 -6.343504428863525 0.28451263904571533 8.178072929382324
3 0.3774079382419586 0.6641966700553894 0.7590756416320801 0.9417176842689514 0.9133585691452026
2 0.37422460317611694 0.7987791299819946 0.3956485986709595 0.8842910528182983 0.6192203760147095
2 0.37350478768348694 0.8539913296699524 0.29913511872291565 0.9633581042289734 0.49405166506767273
3 0.37082502245903015 0.39192038774490356 0.18995681405067444 0.8763813376426697 0.7608412504196167
2 0.3691650629043579 0.8578296303749084 0.4527726173400879 0.9380114674568176 0.6688828468322754
1 0.3628329038619995 0.2274467796087265 -7.374628067016602 0.24762578308582306 9.160240173339844
3 0.3585032820701599 0.03991814702749252 0.8842055201530457 0.24154624342918396 0.9668365120887756
2 0.35602548718452454 0.8916581869125366 0.3913463056087494 0.9202066659927368 0.44801780581474304
2 0.3515620529651642 0.8449176549911499 0.35192206501960754 0.9369070529937744 0.5750600099563599
0 0.35118669271469116 -0.554336428642273 0.5500236749649048 2.3883399963378906 0.5755559206008911
2 0.34109219908714294 0.11691831052303314 0.3002820909023285 0.5807715654373169 0.6242848634719849
2 0.3387816250324249 0.7675763368606567 0.40177100896835327 0.8201963901519775 0.4788135886192322
2 0.33715400099754333 0.15828444063663483 -2.5949621200561523 0.16495315730571747 4.307079792022705
0 0.3359920084476471 -0.9026257991790771 0.6105449199676514 2.6614222526550293 0.6378614902496338
2 0.33386847376823425 0.8841837644577026 0.8250246644020081 0.9607168436050415 1.0127356052398682
1 0.3322595953941345 0.20941506326198578 -7.442739486694336 0.22573216259479523 9.23233413696289
2 0.3286837339401245 0.7526947855949402 0.2937823534011841 0.8965644240379333 0.4617103338241577
2 0.32842281460762024 0.9106892943382263 0.496324747800827 0.9352630972862244 0.5116099715232849
2 0.3278754651546478 0.9317217469215393 0.33902138471603394 0.96476811170578 0.3576241731643677
