2 0.4378402829170227 0.2897871434688568 -4.615564346313477 0.30634018778800964 6.443799018859863
2 0.41732093691825867 0.2958492934703827 -4.020778179168701 0.3207862079143524 5.8461012840271
4 0.40971580147743225 -1.3913317918777466 0.5691254734992981 3.226144313812256 0.6009098887443542
2 0.38459843397140503 0.9039198160171509 0.4615551829338074 0.9470032453536987 0.5064482688903809
3 0.3783634901046753 -0.028499171137809753 0.8607302904129028 0.2512316107749939 0.9601699113845825
4 0.37804341316223145 -1.7627160549163818 0.6065481901168823 3.6056339740753174 0.6378446817398071
2 0.3774275481700897 0.31074678897857666 0.38684892654418945 0.5011115074157715 0.5068716406822205
2 0.3699541687965393 0.41337132453918457 0.3785231411457062 0.5989123582839966 0.4995385706424713
2 0.36657750606536865 0.8952398300170898 0.4788927435874939 0.9358944892883301 0.5248890519142151
2 0.3663034439086914 0.9074667096138 0.4491860568523407 0.9559721350669861 0.4881521761417389
1 0.3638935089111328 -0.5518209934234619 0.4547242224216461 2.2121870517730713 0.47831180691719055
2 0.36273935437202454 0.9234068393707275 0.36047762632369995 0.9543361663818359 0.3798568844795227
3 0.34376683831214905 0.7111496329307556 0.7398291826248169 0.9721441864967346 0.8934512138366699
2 0.34340187907218933 0.003720298409461975 0.8469113111495972 0.3286420702934265 0.9114266633987427
2 0.34302639961242676 0.8880147337913513 0.5366883873939514 0.9088948369026184 0.5518643260002136
2 0.34072166681289673 0.27643057703971863 -6.265131950378418 0.2897140085697174 8.072011947631836
2 0.34072166681289673 0.8920714259147644 0.4121605455875397 0.941961944103241 0.4547136127948761
2 0.33649036288261414 0.40319329500198364 0.3466170132160187 0.6070999503135681 0.4587101638317108
3 0.32554891705513 0.3578929603099823 0.3303919732570648 0.6630867719650269 0.8043440580368042
3 0.3250032365322113 0.6356920599937439 0.7301290035247803 0.8754141926765442 0.8754801750183105
