2 0.4771957993507385 0.25214052200317383 -5.926969528198242 0.2599872350692749 7.737414360046387
2 0.45774656534194946 0.26112231612205505 -6.1319580078125 0.27360525727272034 7.9460344314575195
2 0.45668160915374756 -1.0789437294006348 0.4867367148399353 3.016536235809326 0.5112367868423462
0 0.4483273923397064 -2.126803398132324 0.6009922623634338 3.9335379600524902 0.618893563747406
0 0.4407438039779663 -1.429225206375122 0.636295735836029 3.1859500408172607 0.6563255190849304
2 0.43584370613098145 -0.9467988014221191 0.415779173374176 2.644725799560547 0.43131864070892334
2 0.4136618971824646 -0.0009879469871520996 0.8645025491714478 0.3114355802536011 0.9323676824569702
2 0.39847418665885925 0.18150018155574799 -2.1198372840881348 0.18717189133167267 3.9422316551208496
0 0.39352524280548096 -2.8606173992156982 0.5711451768875122 4.680299282073975 0.5894793272018433
1 0.3917396664619446 0.5469391942024231 0.12000671029090881 0.804530680179596 0.19148632884025574
2 0.3827030062675476 0.855050265789032 0.8485667109489441 0.9749615788459778 1.0025404691696167
1 0.3817380964756012 0.781915009021759 0.07304041087627411 0.8903416991233826 0.145296111702919
2 0.3600340187549591 0.7252702713012695 0.8926447629928589 0.8493428230285645 1.0390077829360962
4 0.35737523436546326 0.16500717401504517 0.3326936364173889 0.907461941242218 0.7992251515388489
4 0.3566094934940338 0.26345494389533997 0.29060637950897217 0.7295099496841431 0.67665696144104
2 0.32994383573532104 0.26527926325798035 -6.973181247711182 0.2848949730396271 8.794901847839355
1 0.32834815979003906 0.7354613542556763 0.1316099315881729 0.8473292589187622 0.19398383796215057
2 0.32819807529449463 0.03144601732492447 0.6457160711288452 0.20256224274635315 0.7636123895645142
1 0.32711994647979736 0.746775209903717 0.22260555624961853 0.8829399943351746 0.27124670147895813
1 0.3262733817100525 0.7972427606582642 0.1139889508485794 0.8882356882095337 0.17868362367153168
