4 0.459627240896225 0.007853120565414429 0.8768391013145447 0.23859962821006775 0.9736607670783997
4 0.4355735778808594 -1.5057204961776733 0.583553671836853 3.3903536796569824 0.6034146547317505
4 0.4322302043437958 -1.4287501573562622 0.565451443195343 3.3167762756347656 0.581657350063324
3 0.41999760270118713 0.523281991481781 0.8150902986526489 0.9381019473075867 0.9417122602462769
4 0.40404799580574036 -1.5008002519607544 0.5582796335220337 3.3671188354492188 0.5746604204177856
4 0.3898462951183319 -1.5469751358032227 0.5920200347900391 3.4271960258483887 0.6128389835357666
0 0.37753474712371826 0.10853466391563416 0.36457815766334534 0.6559523344039917 0.8720552921295166
4 0.3666348457336426 -1.0228365659713745 0.6227586269378662 2.8842544555664062 0.6472228765487671
1 0.3527955114841461 0.6801367402076721 0.31940075755119324 0.785318911075592 0.37987473607063293
1 0.34899041056632996 0.7236217856407166 0.20841950178146362 0.8290513157844543 0.275587260723114
2 0.3479323387145996 0.23793117702007294 -7.128369331359863 0.25399741530418396 8.914219856262207
2 0.34767991304397583 0.920587420463562 0.30775466561317444 0.9529225826263428 0.3286210000514984
3 0.3461008667945862 0.054587677121162415 0.8644057512283325 0.28333979845046997 0.9106354713439941
3 0.34231746196746826 0.33484432101249695 0.7476158738136292 0.6341447830200195 0.8810037970542908
1 0.3349471688270569 0.6775861382484436 0.22658534348011017 0.7695595622062683 0.2978820204734802
2 0.32826289534568787 0.02865186333656311 0.6797962188720703 0.1888529360294342 0.8039889335632324
2 0.3274897336959839 0.6813095808029175 0.23577579855918884 0.8901420831680298 0.37392351031303406
1 0.3271045684814453 0.5317842960357666 0.08536873757839203 0.610100507736206 0.18080730736255646
3 0.31777000427246094 0.4219740033149719 0.7726840972900391 0.850497305393219 0.8871369361877441
1 0.3127218186855316 0.7679551839828491 0.17100507020950317 0.8291932344436646 0.2417358160018921
