4 0.40464094281196594 -1.2914562225341797 0.5144724249839783 3.177957534790039 0.53191739320755
1 0.39823049306869507 -0.06236065924167633 0.8484610915184021 0.29051148891448975 0.9621115326881409
4 0.3916507661342621 -0.9463362693786621 0.5952340960502625 2.7425577640533447 0.6122236847877502
4 0.3912256956100464 -1.536725401878357 0.5528576970100403 3.3330225944519043 0.5704026818275452
4 0.3850729167461395 -1.3876417875289917 0.5402882099151611 3.2358036041259766 0.5560269355773926
4 0.38126713037490845 -1.5159409046173096 0.5591207146644592 3.317655324935913 0.5780647397041321
1 0.36519935727119446 -0.020769283175468445 0.8522372245788574 0.35085529088974 0.9079062938690186
1 0.3547172248363495 0.7610459327697754 0.2576872706413269 0.8328334093093872 0.3232657313346863
1 0.35261085629463196 0.7142608761787415 0.1540282517671585 0.8215366005897522 0.21905194222927094
1 0.33742019534111023 0.2196389138698578 -7.195955276489258 0.234614759683609 9.02058219909668
2 0.33563148975372314 0.1542806178331375 -3.0331993103027344 0.15966080129146576 4.8070855140686035
1 0.33227530121803284 0.6595701575279236 0.29246172308921814 0.7273139357566833 0.370342880487442
1 0.33098089694976807 0.7297852039337158 0.23832133412361145 0.7822797298431396 0.3056432902812958
1 0.3304850459098816 0.20845764875411987 -8.203529357910156 0.2203722596168518 10.008123397827148
1 0.32467392086982727 0.23327460885047913 -8.042954444885254 0.2436557114124298 9.864256858825684
2 0.3228813111782074 0.07087227702140808 0.7481423020362854 0.19699284434318542 0.9143175482749939
2 0.3223545551300049 0.39051389694213867 0.6644892692565918 0.5456708669662476 0.7877225875854492
2 0.32023826241493225 0.14368164539337158 0.7878357768058777 0.24738121032714844 0.9229353070259094
1 0.32015401124954224 0.75685054063797 0.3134571611881256 0.7945317625999451 0.3773927390575409
1 0.32003751397132874 0.5167151093482971 0.18741610646247864 0.6890971064567566 0.26139262318611145
