4 0.47755947709083557 -1.2400928735733032 0.5795170664787292 2.986304759979248 0.5976837277412415
4 0.445864200592041 -1.0558886528015137 0.5836525559425354 2.7914485931396484 0.6072515845298767
4 0.44052761793136597 -0.753908634185791 0.6241891384124756 2.518641471862793 0.6517194509506226
1 0.42208388447761536 0.6706904172897339 0.20576204359531403 0.7350749969482422 0.2877626419067383
4 0.4111856520175934 -1.060129165649414 0.6013607978820801 2.812623977661133 0.6271051168441772
1 0.41031506657600403 0.71063631772995 0.27076759934425354 0.7591097950935364 0.36331906914711
1 0.40967676043510437 0.7808327674865723 0.1516038477420807 0.8443005084991455 0.23462817072868347
1 0.4019770324230194 0.6703269481658936 0.12159930169582367 0.8416397571563721 0.2085065394639969
1 0.38883277773857117 0.7589845061302185 0.08938265591859818 0.8309245705604553 0.17479711771011353
1 0.38351333141326904 0.7469526529312134 0.24173596501350403 0.7951430082321167 0.3421243727207184
4 0.3646167814731598 -1.4961304664611816 0.5708143711090088 3.399416446685791 0.5908304452896118
2 0.36296120285987854 0.14829860627651215 0.34709811210632324 0.6178122162818909 0.7335489988327026
2 0.3587825894355774 0.19537724554538727 -1.9210104942321777 0.20673875510692596 3.6684341430664062
4 0.35158663988113403 0.037883222103118896 0.8549284934997559 0.22924530506134033 0.9326552152633667
1 0.3505169451236725 0.7640346884727478 0.21368737518787384 0.8087514042854309 0.31978780031204224
2 0.33870384097099304 0.9251306653022766 0.310213178396225 0.9561683535575867 0.328358918428421
2 0.33545926213264465 0.14582830667495728 -4.9677839279174805 0.16726160049438477 6.7552947998046875
2 0.3323759436607361 0.26919206976890564 -6.781970977783203 0.2905676066875458 8.59689998626709
2 0.32825756072998047 0.28622686862945557 0.356332927942276 0.7110151648521423 0.6621168851852417
2 0.3230128586292267 0.059091717004776 0.6634064316749573 0.18780967593193054 0.8045880198478699
