1 0.37496399879455566 -0.6841205358505249 0.49059027433395386 2.2816524505615234 0.5135063529014587
1 0.35412490367889404 -0.04971294105052948 0.8394647836685181 0.317430317401886 0.8978662490844727
1 0.3473223149776459 0.20176471769809723 -6.540282249450684 0.21733014285564423 8.404726028442383
1 0.34721991419792175 -0.03676912188529968 0.8876646161079407 0.21858420968055725 0.9643102288246155
1 0.34140872955322266 0.0011641383171081543 0.8655288219451904 0.2607889175415039 0.9153547286987305
4 0.34013301134109497 -1.3213214874267578 0.5792558789253235 3.1190123558044434 0.6109125018119812
1 0.33569231629371643 0.21712318062782288 -6.455609321594238 0.2262870967388153 8.319831848144531
1 0.33072584867477417 0.5926917195320129 0.7549753189086914 0.8589009642601013 0.9040968418121338
1 0.32354241609573364 0.41422411799430847 0.7740634083747864 0.6938880681991577 0.9224013686180115
1 0.30953729152679443 0.1892746090888977 -6.802435398101807 0.20146030187606812 8.669532775878906
1 0.30910012125968933 0.6033071279525757 0.8072848320007324 0.8655698299407959 0.9516167640686035
2 0.3034262955188751 0.9178902506828308 0.3827015161514282 0.9507904648780823 0.4010723829269409
4 0.3029944896697998 -1.1192562580108643 0.5918762683868408 2.953108549118042 0.6196088790893555
1 0.290424644947052 0.19673825800418854 -7.2388458251953125 0.20717857778072357 9.107513427734375
2 0.28674983978271484 0.8250809907913208 0.8111463189125061 0.9235615730285645 0.9781877398490906
0 0.28404730558395386 0.19463375210762024 -6.790853023529053 0.20068714022636414 8.56843090057373
0 0.2806853950023651 0.5793787240982056 0.19283485412597656 0.689924955368042 0.27002304792404175
3 0.2797743082046509 0.36537349224090576 0.7956529259681702 0.6154947876930237 0.939215362071991
0 0.27907267212867737 0.6161403656005859 0.2613855004310608 0.683748722076416 0.32587867975234985
0 0.27783718705177307 0.6332644820213318 0.28967252373695374 0.6986530423164368 0.3539558947086334
