4 0.5162380337715149 -0.7738503813743591 0.6135735511779785 2.4622585773468018 0.637627363204956
4 0.5126339197158813 -0.597284197807312 0.6370100378990173 2.328611373901367 0.6594007611274719
4 0.5018630623817444 -0.5321598649024963 0.6257306337356567 2.257629156112671 0.6472522020339966
1 0.47601935267448425 -0.023347415030002594 0.83976811170578 0.20942917466163635 0.9383123517036438
4 0.4639805257320404 -0.29506874084472656 0.5975422859191895 2.155125379562378 0.621077299118042
2 0.42456063628196716 0.7280568480491638 0.15269622206687927 0.8148799538612366 0.23733893036842346
2 0.4215726852416992 0.29297199845314026 -8.405638694763184 0.3022110164165497 10.266528129577637
1 0.40468868613243103 0.14867183566093445 0.20555540919303894 0.5111879110336304 0.8587950468063354
1 0.3992891013622284 0.2169986367225647 0.23544937372207642 0.681359589099884 0.7792432904243469
2 0.38673657178878784 0.2764970660209656 -9.436405181884766 0.28231728076934814 11.313148498535156
4 0.37199756503105164 -0.5481225252151489 0.5072851181030273 2.061007022857666 0.5262705087661743
2 0.35710057616233826 0.1504548043012619 -2.633671283721924 0.1569339781999588 4.386449813842773
1 0.34775859117507935 0.32951584458351135 0.10235154628753662 0.6917785406112671 0.6526573896408081
3 0.3336603045463562 0.4422442317008972 0.788002073764801 0.7796685099601746 0.9352683424949646
2 0.3298530578613281 0.660731852054596 0.1603810340166092 0.7236732840538025 0.22635911405086517
1 0.32945072650909424 0.47134894132614136 0.034221142530441284 0.7479421496391296 0.687374472618103
2 0.3268856108188629 0.8954795598983765 0.3637184202671051 0.9261080026626587 0.38010284304618835
1 0.3245072066783905 0.6766386032104492 0.5822942852973938 0.7133018970489502 0.6210876107215881
1 0.3207463324069977 0.6489370465278625 0.5755257606506348 0.6898481249809265 0.6254492998123169
0 0.32069602608680725 0.212178573012352 -8.142992973327637 0.22071094810962677 9.874958992004395
