0 0.4549808204174042 -0.5343847870826721 0.5600785613059998 2.4067118167877197 0.5817487835884094
0 0.422039657831192 -1.000645399093628 0.5787429213523865 2.847233295440674 0.5990872979164124
2 0.39582717418670654 0.28543198108673096 0.4068051278591156 0.7244607210159302 0.7700417041778564
2 0.38352009654045105 0.1656208634376526 0.32190433144569397 0.6246958374977112 0.8275179862976074
2 0.3640316128730774 0.4095762372016907 0.3690061867237091 0.46105676889419556 0.47471120953559875
2 0.3622744679450989 0.45845654606819153 0.383780837059021 0.6504749059677124 0.5244448781013489
2 0.35228675603866577 0.8837881088256836 0.3609735667705536 0.9150500297546387 0.38113823533058167
2 0.35001540184020996 0.026949137449264526 0.6610644459724426 0.19208571314811707 0.7798194289207458
2 0.3432641625404358 0.3692418336868286 0.27055197954177856 0.41641831398010254 0.3725735545158386
2 0.34228289127349854 0.41279327869415283 0.47394824028015137 0.4579086899757385 0.5834217071533203
2 0.3378347158432007 0.5894744396209717 0.39182382822036743 0.7940719127655029 0.5276510119438171
3 0.3353557586669922 0.36812669038772583 0.7789244651794434 0.630549967288971 0.9188611507415771
3 0.3347037136554718 0.45892611145973206 0.7608338594436646 0.6728693246841431 0.9052022695541382
2 0.3343750834465027 0.7161607146263123 0.31462177634239197 0.9107096791267395 0.4705107510089874
2 0.3332907259464264 0.23721328377723694 0.40699273347854614 0.40668484568595886 0.5497879385948181
3 0.32972246408462524 -0.00399993360042572 0.8828045725822449 0.24645154178142548 0.9580956101417542
0 0.3237978518009186 -0.583768367767334 0.5876487493515015 2.4328808784484863 0.61873459815979
2 0.32377928495407104 0.17978353798389435 0.3905642628669739 0.3682619333267212 0.5245532989501953
2 0.3205268979072571 0.14069461822509766 -3.188520908355713 0.14477670192718506 4.948483943939209
1 0.3183601200580597 0.6818763017654419 0.3410385847091675 0.7437424659729004 0.4082143306732178
