4 0.6229057908058167 -0.15392327308654785 0.5593574047088623 1.795626163482666 0.583876371383667
4 0.5991988778114319 -0.2561536431312561 0.5929920673370361 2.1597907543182373 0.6348270177841187
4 0.5695854425430298 -0.40103793144226074 0.6013739109039307 2.1433749198913574 0.6573694944381714
2 0.47315552830696106 0.7357649207115173 0.35232803225517273 0.763189971446991 0.37990567088127136
4 0.4717705547809601 -0.8405464887619019 0.5738718509674072 2.6133785247802734 0.6275597810745239
2 0.4583766460418701 0.3552471399307251 0.5862641334533691 0.39022111892700195 0.6261249780654907
2 0.45627912878990173 0.21115924417972565 -1.8221033811569214 0.22361956536769867 3.6200246810913086
2 0.4558882713317871 0.7802948951721191 0.34044045209884644 0.8070921897888184 0.3686423897743225
2 0.4312017858028412 0.3583625555038452 0.37399551272392273 0.39896559715270996 0.42402735352516174
2 0.42902857065200806 0.27339598536491394 0.4093524217605591 0.7103238105773926 0.7249634265899658
1 0.4243937134742737 0.25719693303108215 -0.06508666276931763 0.7509702444076538 1.0321025848388672
2 0.42185357213020325 0.3743339478969574 0.6561183333396912 0.40621939301490784 0.7020507454872131
0 0.4180658757686615 -0.49403852224349976 0.5666462779045105 2.2937729358673096 0.6028421521186829
2 0.41701340675354004 0.28156206011772156 -4.323726654052734 0.29238298535346985 6.108501434326172
2 0.40475693345069885 0.08587750792503357 0.3586425185203552 0.7696712017059326 0.6100233793258667
2 0.3989607095718384 0.1539430469274521 0.7234703302383423 0.3839613199234009 0.8672460317611694
2 0.39895573258399963 0.4195179045200348 0.47520068287849426 0.4599439799785614 0.5265505909919739
2 0.3954773247241974 0.1660146415233612 0.36088287830352783 0.6014143228530884 0.771178126335144
2 0.3898763656616211 0.3693559169769287 0.779175877571106 0.5897220373153687 0.9198054075241089
1 0.3894047439098358 0.29569050669670105 0.08501690626144409 0.614666223526001 0.7867942452430725
