2 0.6224901080131531 0.2083740532398224 0.8141213655471802 0.5505814552307129 0.9331809282302856
2 0.40762898325920105 0.009929373860359192 0.8171952366828918 0.3475230932235718 0.9307374358177185
3 0.40614891052246094 0.5690230131149292 0.7601872086524963 0.897850513458252 0.8979435563087463
2 0.38882169127464294 0.39293789863586426 0.47711026668548584 0.4363844394683838 0.5563862323760986
2 0.3855740427970886 0.40858691930770874 0.45500892400741577 0.44943714141845703 0.5313308238983154
2 0.37974971532821655 0.22611035406589508 0.46758314967155457 0.2649925947189331 0.5506591796875
2 0.37763431668281555 0.25464415550231934 0.4146212041378021 0.2951524257659912 0.4982691705226898
2 0.3771763741970062 0.23343943059444427 0.4977633059024811 0.2716670334339142 0.5779465436935425
2 0.3750540316104889 0.3946630656719208 0.5700603723526001 0.4196302592754364 0.6391417980194092
2 0.3744055926799774 0.4075465202331543 0.4222242534160614 0.4571659564971924 0.49785086512565613
2 0.37380853295326233 0.24149292707443237 0.5158677101135254 0.2794263958930969 0.5944066047668457
4 0.3722321391105652 0.21839261054992676 -3.194800853729248 0.22822386026382446 4.992996692657471
2 0.3719930648803711 0.2642541527748108 0.7743268013000488 0.44529348611831665 0.8662216663360596
2 0.37156355381011963 0.2570951282978058 0.5322502255439758 0.2918524444103241 0.6085231900215149
4 0.37071457505226135 0.22856082022190094 -4.975936412811279 0.23814742267131805 6.784728527069092
2 0.36756908893585205 0.37722688913345337 0.5927159190177917 0.3995654582977295 0.6608688235282898
0 0.3662763833999634 -0.6184948682785034 0.525694727897644 2.4583826065063477 0.5460218191146851
2 0.3659787178039551 0.31349021196365356 0.5910580158233643 0.49429380893707275 0.6943098306655884
2 0.36510464549064636 0.24229586124420166 0.48477208614349365 0.28844010829925537 0.5451452732086182
2 0.3637300431728363 0.3951803743839264 0.4359065592288971 0.4469984471797943 0.5142513513565063
