2 0.5468854904174805 0.7858856916427612 0.19404463469982147 0.8265551328659058 0.23224623501300812
2 0.5364148616790771 0.7239304780960083 0.27308884263038635 0.7648801803588867 0.30916693806648254
2 0.5351155996322632 0.7865625023841858 0.251337468624115 0.8176783919334412 0.29640501737594604
2 0.48957446217536926 0.1680579036474228 -1.7793127298355103 0.1734228879213333 3.528831958770752
0 0.48348912596702576 -0.5966295003890991 0.6613147854804993 2.4680042266845703 0.6986263394355774
2 0.4714439809322357 0.6653890013694763 0.3592074513435364 0.7036252617835999 0.39706194400787354
0 0.4151592254638672 -0.3381004333496094 0.5179407000541687 1.8254587650299072 0.5471864342689514
1 0.41395285725593567 -0.12117566168308258 0.8410531878471375 0.342010498046875 1.0251905918121338
1 0.4119448959827423 0.03425675630569458 0.7979878783226013 0.3584858775138855 0.8922901749610901
0 0.40698695182800293 0.3161619305610657 -4.168609142303467 0.3281645178794861 5.9321417808532715
0 0.3987986147403717 -1.287227988243103 0.6278936862945557 3.040390968322754 0.6599650382995605
0 0.3968486785888672 -0.5257409811019897 0.6856309175491333 2.35213565826416 0.7206737995147705
0 0.3944791853427887 -1.0726373195648193 0.6373699307441711 2.804915428161621 0.6714721322059631
2 0.3883943259716034 -0.001330941915512085 0.3192547559738159 0.5078446865081787 0.6451944708824158
1 0.3818317651748657 0.031196385622024536 0.8448303937911987 0.29285064339637756 0.9234534502029419
0 0.3797273337841034 -0.8863454461097717 0.6494261026382446 2.7354674339294434 0.6813710927963257
4 0.37966081500053406 0.3038772940635681 -4.815637588500977 0.31619101762771606 6.604854583740234
2 0.3729420602321625 0.6807515621185303 0.3309781551361084 0.7079591751098633 0.3694697618484497
2 0.3708706200122833 0.8064201474189758 0.8378354907035828 0.9058818221092224 1.030689001083374
2 0.3673155903816223 0.8069184422492981 0.4965055286884308 0.9499709010124207 0.673809289932251
