2 0.6009148955345154 0.22422340512275696 -3.036271095275879 0.2535025179386139 4.819802761077881
2 0.4973900616168976 0.24534690380096436 -3.843963623046875 0.26829850673675537 5.60981559753418
2 0.4323413670063019 0.21744012832641602 0.3363974690437317 0.7397212386131287 0.871284544467926
3 0.4135664403438568 -0.014570340514183044 0.8509921431541443 0.2438480705022812 0.9567880034446716
3 0.40291476249694824 0.4904117286205292 0.7827106714248657 0.7133765816688538 0.9361331462860107
3 0.3925553858280182 0.5790612101554871 0.6874945759773254 0.7832034230232239 0.8442930579185486
4 0.3911890685558319 -0.9483902454376221 0.6012558341026306 2.8288304805755615 0.6214726567268372
2 0.38697829842567444 -0.0038186460733413696 0.8965944647789001 0.2668544054031372 0.9737620949745178
1 0.38392695784568787 0.650065004825592 0.1389198899269104 0.847368061542511 0.2294175624847412
4 0.3807801306247711 -1.2900062799453735 0.5954092741012573 3.1757640838623047 0.6153837442398071
1 0.37911614775657654 0.7914551496505737 0.13125334680080414 0.8479495048522949 0.22480644285678864
1 0.3781396150588989 0.7876027822494507 0.17633980512619019 0.8296619653701782 0.277252733707428
2 0.3758489191532135 0.23239277303218842 -6.989638328552246 0.2434028536081314 8.72396469116211
2 0.3756728172302246 0.1610022485256195 -2.9134182929992676 0.17080983519554138 4.71860933303833
1 0.3749769628047943 0.6480243802070618 0.10014474391937256 0.7431076169013977 0.18536746501922607
4 0.3586607277393341 -0.8242528438568115 0.6186264157295227 2.695425271987915 0.6400840878486633
1 0.3584863841533661 0.8373194336891174 0.22149232029914856 0.8789913058280945 0.3089604675769806
1 0.3558763861656189 -0.702522873878479 0.6296086311340332 2.5558552742004395 0.660158634185791
1 0.3449651896953583 0.807348906993866 0.2042170763015747 0.8643251061439514 0.27645009756088257
2 0.34299516677856445 0.1981622576713562 0.2779393196105957 0.6490529179573059 0.6867966055870056
