2 0.559367835521698 0.11862017959356308 -6.689291000366211 0.13218769431114197 8.566083908081055
2 0.504292905330658 0.14812661707401276 -9.957551956176758 0.1543368548154831 11.829797744750977
2 0.45322662591934204 0.19045111536979675 -9.830999374389648 0.19683346152305603 11.706977844238281
1 0.4443608224391937 0.029524914920330048 0.8766072392463684 0.20232969522476196 0.9672116637229919
2 0.4232120215892792 -0.03106994926929474 0.8468119502067566 0.3127442002296448 0.908643901348114
2 0.40502408146858215 0.1232110783457756 -2.831432819366455 0.12826454639434814 4.578341484069824
4 0.3721214234828949 -0.8459984064102173 0.5675346851348877 2.738615036010742 0.5968880653381348
2 0.37031325697898865 0.22082091867923737 -8.309791564941406 0.23056326806545258 10.179239273071289
4 0.36974653601646423 -1.1532491445541382 0.5860956907272339 2.931870460510254 0.609799861907959
2 0.3605124056339264 0.23231953382492065 -8.513931274414062 0.24415814876556396 10.365789413452148
2 0.34157511591911316 0.9015680551528931 0.5478851795196533 0.9332805871963501 0.5898768901824951
2 0.33925530314445496 0.022533074021339417 0.8830514550209045 0.27701741456985474 0.9378949999809265
4 0.3364562690258026 -0.11741174757480621 0.8752460479736328 0.29441118240356445 0.9861212968826294
2 0.3308873772621155 0.8929282426834106 0.531494677066803 0.928065299987793 0.5737863183021545
2 0.32988080382347107 0.6706593036651611 0.30160996317863464 0.7060873508453369 0.3644440472126007
2 0.32858002185821533 0.9076995849609375 0.34226107597351074 0.9372847080230713 0.35911989212036133
2 0.3244691491127014 0.16355423629283905 -7.8895039558410645 0.16973908245563507 9.663175582885742
2 0.31953170895576477 0.04161740094423294 0.7216249704360962 0.2720196843147278 0.9315725564956665
4 0.3193039298057556 0.19599179923534393 -8.17304515838623 0.20713485777378082 9.976366996765137
2 0.31838953495025635 0.7520914673805237 0.33884403109550476 0.8660869002342224 0.506371259689331
