2 0.5345031023025513 0.2061709463596344 -1.7998141050338745 0.21369752287864685 3.5873279571533203
3 0.3885812759399414 0.6325239539146423 0.7789921760559082 0.8544517159461975 0.9391281604766846
3 0.3749717175960541 0.2517941892147064 0.7865008115768433 0.5723793506622314 0.9228397607803345
2 0.3645283281803131 0.9226532578468323 0.3818942606449127 0.953449547290802 0.3988160789012909
2 0.352070689201355 0.04345368593931198 0.6635466814041138 0.20373797416687012 0.781782865524292
3 0.3519091010093689 0.5702155828475952 0.7609562873840332 0.8177698850631714 0.9057772159576416
3 0.35074183344841003 0.39619630575180054 0.7749527096748352 0.6913829445838928 0.9253820776939392
2 0.3504194915294647 0.3782811760902405 0.5050259232521057 0.42680853605270386 0.5990397334098816
2 0.3462579846382141 0.3917250633239746 0.49403542280197144 0.44296884536743164 0.5937240719795227
2 0.3433244526386261 0.29197391867637634 -4.282495498657227 0.2989528477191925 6.056767463684082
1 0.34019961953163147 0.8060687184333801 0.2526523172855377 0.8483490347862244 0.32931646704673767
2 0.3399979770183563 0.9147740602493286 0.5051894187927246 0.9368389844894409 0.520199179649353
2 0.328732430934906 0.24647951126098633 -6.690214157104492 0.2712697982788086 8.508999824523926
2 0.3235986828804016 0.262467622756958 -6.560783386230469 0.28991854190826416 8.368408203125
1 0.3214944303035736 0.7312949895858765 0.35100477933883667 0.7932313680648804 0.44297629594802856
3 0.3201024830341339 0.04904599487781525 0.8715779781341553 0.2517944574356079 0.9610439538955688
1 0.3114885985851288 0.2802153527736664 0.07729974389076233 0.7552181482315063 0.734149694442749
2 0.30754148960113525 0.9091630578041077 0.5194677710533142 0.9362813830375671 0.5427328944206238
1 0.3064590394496918 0.7885972857475281 0.2286205291748047 0.888753354549408 0.3121352791786194
2 0.30603986978530884 0.19521774351596832 0.32205730676651 0.26619860529899597 0.38367730379104614
