2 0.5458750128746033 0.732764482498169 0.4256240725517273 0.7626103162765503 0.5164118409156799
2 0.4558970332145691 0.7774379253387451 0.44274112582206726 0.8304455280303955 0.5038699507713318
2 0.4510515332221985 0.757502019405365 0.38620030879974365 0.7928829789161682 0.48331940174102783
0 0.4332914650440216 -1.5943048000335693 0.5729703307151794 3.4047329425811768 0.6072883009910583
2 0.4226730763912201 0.6875937581062317 0.24119031429290771 0.7223021388053894 0.3279232382774353
1 0.403227835893631 0.21185481548309326 -10.015703201293945 0.2246282696723938 11.875972747802734
3 0.3949570953845978 0.6034379005432129 0.7549644708633423 0.8860174417495728 0.9060343503952026
2 0.39037251472473145 0.30359089374542236 0.335150808095932 0.48553621768951416 0.4587099850177765
0 0.39013394713401794 -1.4316149950027466 0.6172024607658386 3.2141098976135254 0.6499807238578796
1 0.38811567425727844 -0.4589352607727051 0.44800660014152527 2.098890542984009 0.47210875153541565
2 0.37568360567092896 0.748909592628479 0.32823073863983154 0.8329207897186279 0.5477787852287292
2 0.3715653121471405 0.887079119682312 0.5074396133422852 0.9410405158996582 0.5472205877304077
2 0.371503621339798 0.8589431047439575 0.46741437911987305 0.9047650098800659 0.5108643770217896
2 0.37146902084350586 0.2564811706542969 0.2931409478187561 0.4509589672088623 0.4113484025001526
2 0.37131285667419434 0.21421031653881073 0.3815575838088989 0.4324505925178528 0.49261391162872314
0 0.3708961308002472 -1.0856525897979736 0.6078186631202698 2.9159085750579834 0.6381047368049622
2 0.3592740595340729 0.40228864550590515 0.3243052661418915 0.5526033043861389 0.4545823037624359
2 0.3540714383125305 0.8807761669158936 0.4515783190727234 0.9235076904296875 0.4992801547050476
2 0.34888672828674316 0.911434531211853 0.3916369378566742 0.9452327489852905 0.41050371527671814
2 0.3460824489593506 0.6399055123329163 0.3369850814342499 0.7778133749961853 0.5164312720298767
