0 0.4489598572254181 -0.44292712211608887 0.5403538346290588 2.351375102996826 0.5817334055900574
0 0.43436935544013977 -0.6485267877578735 0.57135009765625 2.448556900024414 0.6064858436584473
1 0.3900054097175598 0.002779439091682434 0.8384394645690918 0.2641487717628479 0.9586547613143921
2 0.3849753141403198 0.1626463681459427 -1.380761742591858 0.16970191895961761 3.13533353805542
4 0.379280686378479 -0.8617758750915527 0.6293021440505981 2.531543016433716 0.6552015542984009
1 0.37629008293151855 0.10587826371192932 0.2969490885734558 0.6732932329177856 0.8167555928230286
3 0.3706742823123932 0.41208958625793457 0.7567369341850281 0.7577099800109863 0.8989798426628113
3 0.359488844871521 0.296261727809906 -5.5699872970581055 0.3059447407722473 7.400727272033691
1 0.3585304617881775 0.2890198528766632 -8.418319702148438 0.2930050194263458 10.236120223999023
2 0.35122230648994446 0.1864432543516159 0.28948497772216797 0.4868679642677307 0.5157462358474731
1 0.3480569124221802 0.5990006327629089 0.3018035292625427 0.6367666125297546 0.3698851466178894
1 0.3460449278354645 0.5884423851966858 0.3764497935771942 0.628261387348175 0.45702359080314636
1 0.3454769551753998 0.6572631597518921 0.2697563171386719 0.6843479871749878 0.3308572769165039
2 0.3442603349685669 0.7759905457496643 0.31957846879959106 0.8741235136985779 0.5177561044692993
1 0.3429914116859436 0.29266273975372314 0.2669844925403595 0.840613842010498 0.9120436906814575
1 0.3414459824562073 0.719906747341156 0.15789900720119476 0.7501236796379089 0.2268107682466507
2 0.34128299355506897 0.054233863949775696 0.8426074385643005 0.3147405982017517 0.9011946320533752
1 0.3375357687473297 0.6636428236961365 0.39671769738197327 0.6994971632957458 0.4610845148563385
1 0.3365190923213959 0.7664932608604431 0.22526685893535614 0.8256084322929382 0.297812819480896
0 0.3364868462085724 -0.3891336917877197 0.44361358880996704 2.027670383453369 0.4688264727592468
