2 0.5273473858833313 0.2179344892501831 -4.647857666015625 0.22816359996795654 6.494312286376953
2 0.4325542449951172 0.2023116797208786 -7.785937309265137 0.21297748386859894 9.571825981140137
2 0.4316108524799347 0.2635677456855774 -6.895574569702148 0.27071648836135864 8.767447471618652
2 0.39010587334632874 0.21511469781398773 -11.245957374572754 0.2288133054971695 13.063736915588379
0 0.38673222064971924 -0.8510006666183472 0.626488983631134 2.6115612983703613 0.6500161290168762
0 0.386685848236084 -0.8330938220024109 0.6121454238891602 2.5923290252685547 0.6361525058746338
0 0.38005542755126953 -0.6865054368972778 0.5755699872970581 2.586169719696045 0.6086845397949219
2 0.36641329526901245 0.1917794644832611 -6.97608757019043 0.19762542843818665 8.71872329711914
0 0.364569753408432 -0.8686509132385254 0.6352994441986084 2.622655153274536 0.6585555076599121
2 0.36317867040634155 0.24183712899684906 -7.863489151000977 0.2514018714427948 9.720186233520508
2 0.361287385225296 0.9151509404182434 0.3791828155517578 0.9424137473106384 0.39612823724746704
2 0.35703060030937195 0.1419861912727356 -2.941239833831787 0.1483755111694336 4.6580610275268555
2 0.3482702970504761 0.23030859231948853 -8.769394874572754 0.2390727400779724 10.599640846252441
0 0.34583449363708496 -0.5333408713340759 0.5302141904830933 2.2277755737304688 0.5499465465545654
4 0.3434710204601288 0.1954042613506317 0.3223639726638794 0.7184689044952393 0.6631138920783997
3 0.3255879282951355 0.6672232151031494 0.773613691329956 0.9915157556533813 0.924553394317627
2 0.31915998458862305 0.8728963732719421 0.5427764058113098 0.891200602054596 0.5585283637046814
1 0.3149714469909668 0.6461424231529236 0.3139321506023407 0.6971730589866638 0.37701180577278137
2 0.3133523166179657 0.8410598635673523 0.8588640093803406 0.9462516903877258 1.0222665071487427
1 0.3122548758983612 0.5566885471343994 0.21617913246154785 0.6491986513137817 0.30008816719055176
