4 0.5033068060874939 -0.8135391473770142 0.6030093431472778 2.652845859527588 0.6149791479110718
2 0.41201093792915344 -0.03144252300262451 0.8922440409660339 0.22834360599517822 0.9833570122718811
4 0.3886406421661377 -0.8458256125450134 0.5849838852882385 2.571381092071533 0.59727543592453
1 0.38739410042762756 0.7021808624267578 0.17118357121944427 0.7539341449737549 0.22742082178592682
1 0.3798104226589203 0.7452824711799622 0.12849465012550354 0.7888578772544861 0.19448772072792053
3 0.3771783411502838 0.24813029170036316 0.7448921203613281 0.629074215888977 0.8845357894897461
1 0.3762248456478119 0.7305086255073547 0.16727998852729797 0.7679809927940369 0.23023608326911926
4 0.3732222318649292 -0.889374852180481 0.6100263595581055 2.738072395324707 0.6247919797897339
1 0.37050652503967285 0.7918181419372559 0.16344326734542847 0.8321704864501953 0.23007088899612427
3 0.36803293228149414 0.39606401324272156 0.7535421252250671 0.7532408237457275 0.8977900147438049
2 0.3635639548301697 0.9212449193000793 0.29918286204338074 0.9529004693031311 0.31512776017189026
1 0.3586276173591614 0.6431775093078613 0.15326598286628723 0.6831554174423218 0.21276429295539856
2 0.35744792222976685 0.1803029626607895 -2.2376604080200195 0.18517954647541046 4.055835723876953
2 0.35368070006370544 0.035112909972667694 0.6967476606369019 0.1933506727218628 0.8160685300827026
4 0.3498097360134125 0.17912156879901886 0.3479819893836975 0.6407651305198669 0.8208145499229431
2 0.34942448139190674 0.20655064284801483 -6.445003032684326 0.21723081171512604 8.279062271118164
4 0.347430020570755 0.287516713142395 0.2766459584236145 0.7369685173034668 0.6781851649284363
1 0.34580984711647034 0.7508324384689331 0.22390437126159668 0.7952407598495483 0.27405160665512085
3 0.345238596200943 0.16491928696632385 0.7623505592346191 0.43851205706596375 0.909414529800415
2 0.33463573455810547 -0.5777152180671692 0.5838117599487305 2.4780960083007812 0.6103115081787109
