3 0.3908630907535553 0.6334109902381897 0.7431036233901978 0.9640504717826843 0.9118694067001343
3 0.38494712114334106 -0.004655212163925171 0.8784094452857971 0.2627114951610565 0.9391338229179382
1 0.3839367628097534 0.7860754728317261 0.1831226944923401 0.8252147436141968 0.25727617740631104
1 0.37990525364875793 0.7142297029495239 0.08854730427265167 0.7610331773757935 0.17762069404125214
2 0.37960225343704224 0.267734169960022 -6.8683271408081055 0.28889942169189453 8.690629005432129
1 0.37927740812301636 0.25759372115135193 -6.261914253234863 0.2742205560207367 8.114127159118652
4 0.378085196018219 -0.7817040085792542 0.6102518439292908 2.6573238372802734 0.6328172087669373
1 0.37682127952575684 0.814018189907074 0.18564820289611816 0.8434322476387024 0.2669385075569153
1 0.37511005997657776 0.7718108892440796 0.1708049774169922 0.8092691898345947 0.2537842392921448
1 0.374564528465271 0.8020644187927246 0.20134371519088745 0.8335020542144775 0.27738410234451294
4 0.3678519129753113 -0.05647663772106171 0.8549851775169373 0.2559970021247864 0.9750290513038635
1 0.36567339301109314 0.7312303781509399 0.10250629484653473 0.803007960319519 0.20138774812221527
4 0.364807665348053 -0.5515904426574707 0.5417993664741516 2.4857099056243896 0.5696026682853699
4 0.35359397530555725 -0.4935759902000427 0.5943465232849121 2.3856780529022217 0.6210006475448608
1 0.34974169731140137 0.7963512539863586 0.3085888624191284 0.820690929889679 0.37745237350463867
1 0.3463958203792572 0.2367996871471405 -7.815489292144775 0.24885758757591248 9.642099380493164
3 0.34446024894714355 0.51900315284729 0.8027272820472717 0.8380560874938965 0.9619503617286682
2 0.34300604462623596 0.925300657749176 0.33757758140563965 0.9495406746864319 0.3566772937774658
2 0.33679232001304626 0.3109334111213684 0.6246809959411621 0.4736608862876892 0.728519082069397
2 0.32920944690704346 0.2511524558067322 -7.630427360534668 0.2679229974746704 9.452101707458496
