3 0.4692513942718506 0.2973736524581909 0.7950534224510193 0.6450688242912292 0.9259777665138245
3 0.43862786889076233 0.21948927640914917 0.8210442066192627 0.546147882938385 0.951817512512207
2 0.3735617697238922 0.26423484086990356 -7.998626708984375 0.27654385566711426 9.817049026489258
2 0.3696323037147522 -0.011341363191604614 0.7789852023124695 0.28589364886283875 0.9103394150733948
4 0.3570447564125061 -1.6899869441986084 0.5605261325836182 3.4591314792633057 0.5878846645355225
2 0.3565860092639923 0.019843436777591705 0.6188309192657471 0.15607312321662903 0.7461129426956177
2 0.3555971384048462 0.11496509611606598 0.7779437303543091 0.38507986068725586 0.8999910354614258
2 0.35196393728256226 0.2947320342063904 -6.566117286682129 0.3098476529121399 8.385419845581055
2 0.33862602710723877 0.2380162477493286 -7.336413383483887 0.24870455265045166 9.15212345123291
2 0.33453020453453064 -1.5126781463623047 0.5767340064048767 3.4268112182617188 0.6017656922340393
4 0.3259080946445465 0.5170280933380127 0.8291270136833191 0.8185231685638428 0.9530768990516663
2 0.3183245360851288 0.9364063143730164 0.3506249189376831 0.9617369771003723 0.36836743354797363
2 0.3140377998352051 0.13582584261894226 -2.0493907928466797 0.14400973916053772 3.8122262954711914
2 0.31263285875320435 0.27197545766830444 0.7963833808898926 0.44464898109436035 0.8914961814880371
2 0.31100940704345703 0.23080658912658691 -4.488579750061035 0.24606651067733765 6.295534133911133
1 0.30400365591049194 0.6953688859939575 0.22383613884449005 0.803236722946167 0.28570830821990967
1 0.3028886318206787 0.7114992141723633 0.2398379147052765 0.8139655590057373 0.3038505017757416
2 0.30210694670677185 -0.00886516273021698 0.8522337675094604 0.26226234436035156 0.9414511919021606
2 0.29846665263175964 0.9059926271438599 0.5082424879074097 0.9241961240768433 0.5236655473709106
4 0.2983681261539459 -2.08701491355896 0.6016096472740173 3.8801934719085693 0.625382125377655
