4 0.6621047854423523 -0.6183236837387085 0.6469243764877319 2.309969425201416 0.6685564517974854
4 0.6292969584465027 -0.40671300888061523 0.6911543011665344 2.1189470291137695 0.7093614935874939
4 0.5540652871131897 -0.8658291101455688 0.590264081954956 2.585747241973877 0.6177279949188232
4 0.5484017133712769 -0.49387890100479126 0.5736636519432068 2.283064126968384 0.6066580414772034
4 0.5383046269416809 -0.3477576971054077 0.5564894080162048 2.124091625213623 0.5898727774620056
1 0.5045461654663086 -0.08640368282794952 0.862718403339386 0.2556106448173523 0.9306010603904724
4 0.5018346309661865 -0.37628650665283203 0.6569742560386658 2.137847423553467 0.6733019948005676
3 0.43052253127098083 0.38112232089042664 0.7797852754592896 0.6950474977493286 0.9261723756790161
1 0.42970752716064453 -0.009710043668746948 0.8385054469108582 0.3258911669254303 0.9024158120155334
2 0.4145911633968353 0.24052876234054565 -5.622908115386963 0.25302815437316895 7.452396869659424
3 0.41421785950660706 0.44656819105148315 0.8028303384780884 0.8517753481864929 0.9213317632675171
1 0.39797985553741455 -0.11527808010578156 0.8399582505226135 0.32343798875808716 1.0146723985671997
1 0.3810383975505829 0.27549979090690613 -6.023686408996582 0.2961004078388214 7.827828407287598
3 0.37354975938796997 0.216892808675766 0.7954650521278381 0.5497832298278809 0.9203214049339294
4 0.35798224806785583 -0.4363548755645752 0.4920136034488678 2.040275812149048 0.511481761932373
2 0.3447657525539398 0.24512070417404175 -3.7120964527130127 0.2659987807273865 5.538016319274902
1 0.3367193639278412 0.6717541217803955 0.2853793799877167 0.7333139181137085 0.3322194516658783
2 0.33637091517448425 0.8928670287132263 0.3608289062976837 0.9201396107673645 0.37665387988090515
2 0.33590948581695557 0.3246539235115051 0.37779003381729126 0.7430641055107117 0.69926518201828
1 0.331213116645813 0.6584552526473999 0.20013602077960968 0.7276040315628052 0.2798237204551697
