2 0.6214208602905273 -0.05238325893878937 0.8228411078453064 0.27121198177337646 0.922847330570221
2 0.5598883032798767 0.2998184263706207 -4.241971969604492 0.30938634276390076 6.038451194763184
2 0.5351884961128235 0.18399862945079803 -1.5822694301605225 0.19828398525714874 3.3285534381866455
2 0.5131942629814148 0.22183707356452942 -5.308158874511719 0.23078235983848572 7.141807556152344
2 0.5080796480178833 0.2726306617259979 -4.4264912605285645 0.28491196036338806 6.179149150848389
2 0.49358874559402466 0.004882723093032837 0.8246866464614868 0.30405744910240173 0.8867712020874023
2 0.43476659059524536 0.19053809344768524 -6.336823463439941 0.19985903799533844 8.160834312438965
2 0.3886345326900482 0.21442703902721405 -6.164208889007568 0.22113998234272003 7.959489345550537
2 0.3796914219856262 0.40904510021209717 0.2897034287452698 0.7256501913070679 0.7365767359733582
2 0.36082082986831665 0.2012958973646164 0.4899652600288391 0.5614891052246094 0.8178039193153381
2 0.3580247163772583 0.31789430975914 0.46963900327682495 0.6802830696105957 0.7999961972236633
2 0.3551469147205353 0.9024996757507324 0.38048431277275085 0.9456510543823242 0.4000180661678314
4 0.35459357500076294 -0.5924488306045532 0.547202467918396 2.326223373413086 0.5787073373794556
3 0.35374364256858826 0.4773382544517517 0.8057947754859924 0.758486807346344 0.9404811263084412
2 0.3506922423839569 0.20104719698429108 0.4095951318740845 0.22920452058315277 0.5215889811515808
1 0.3422278165817261 0.7394373416900635 0.2540750801563263 0.8021724224090576 0.29533132910728455
4 0.34220048785209656 -0.6103410720825195 0.5987393260002136 2.5195841789245605 0.6387122273445129
2 0.34188976883888245 0.43745481967926025 0.42417705059051514 0.48466622829437256 0.5239877104759216
4 0.3394356369972229 -0.5348827838897705 0.6294962167739868 2.4043126106262207 0.6607331037521362
2 0.33616799116134644 0.9530137777328491 0.8686730265617371 0.9564710855484009 0.8935077786445618
