3 0.42504122853279114 0.4376855492591858 0.8199341893196106 0.7265397906303406 0.9544500708580017
2 0.41116657853126526 0.244800865650177 -8.166455268859863 0.26029515266418457 9.973467826843262
3 0.41068923473358154 0.6827608346939087 0.7913685441017151 0.9521430730819702 0.9370297789573669
3 0.3959033191204071 0.736248791217804 0.8187229633331299 1.0996477603912354 0.9383652210235596
2 0.3914298117160797 -0.03633606433868408 0.8821136951446533 0.29578346014022827 0.9514825344085693
2 0.386701762676239 0.9051128625869751 0.38315099477767944 0.9309309720993042 0.40149301290512085
3 0.375509649515152 0.26953497529029846 0.7844429016113281 0.5862535238265991 0.9305849075317383
2 0.3681286573410034 0.6711635589599609 0.8873513340950012 0.7736380100250244 1.0328320264816284
2 0.3659733235836029 0.8708264827728271 0.5799081921577454 0.8881547451019287 0.5963925719261169
2 0.3623533546924591 0.8221691250801086 0.8387035131454468 0.9118450284004211 1.007531762123108
2 0.36107754707336426 0.2563318908214569 -7.796518325805664 0.2722513973712921 9.625871658325195
2 0.35798630118370056 0.23567931354045868 -7.346701145172119 0.25296494364738464 9.18178653717041
2 0.3457202613353729 0.8730073571205139 0.580590546131134 0.8948201537132263 0.6046556830406189
2 0.34310856461524963 0.04119591414928436 0.6224184036254883 0.20022077858448029 0.7528431415557861
2 0.3350483477115631 0.300963819026947 0.38660094141960144 0.4944518804550171 0.5011163353919983
1 0.331957072019577 0.23903122544288635 -7.223360061645508 0.24677631258964539 9.061716079711914
2 0.3318248689174652 0.127609521150589 0.6739829182624817 0.2519282400608063 0.7892118096351624
2 0.3265216052532196 0.7344425916671753 0.29269251227378845 0.8590081930160522 0.46340706944465637
2 0.32638394832611084 0.8814022541046143 0.5302528738975525 0.9158511161804199 0.5749697089195251
2 0.32575345039367676 0.837820827960968 0.9154762029647827 0.839170515537262 0.9324425458908081
