2 0.4907808005809784 0.17431430518627167 -3.344341278076172 0.2105783373117447 5.175789833068848
2 0.42372554540634155 0.2868921756744385 0.30824515223503113 0.6829165816307068 0.7165013551712036
1 0.386583536863327 0.7994801998138428 0.28269529342651367 0.8645110130310059 0.3597673177719116
2 0.38378646969795227 0.23242880403995514 -5.287408351898193 0.2564998269081116 7.078611850738525
1 0.37280046939849854 0.8626338243484497 0.43730661273002625 0.9057797193527222 0.4953986704349518
1 0.3700469732284546 0.7512132525444031 0.24611318111419678 0.82148677110672 0.32361119985580444
3 0.36769726872444153 0.6467782855033875 0.7319600582122803 0.8622424006462097 0.8897304534912109
2 0.3667761981487274 0.2938254475593567 0.6377907395362854 0.6731736660003662 0.8305642008781433
0 0.36636558175086975 -0.9338701963424683 0.6131177544593811 2.764631748199463 0.6349171996116638
2 0.3624398112297058 0.9074633121490479 0.5231402516365051 0.9251673221588135 0.5383235812187195
2 0.3598610460758209 0.9268168807029724 0.38641786575317383 0.9535744786262512 0.40335357189178467
2 0.35423654317855835 0.20042629539966583 0.45579659938812256 0.6569200158119202 0.7451046705245972
4 0.3503372073173523 -0.021492749452590942 0.8972800970077515 0.2675587236881256 0.9517847299575806
2 0.3438596725463867 0.2142551690340042 -8.152425765991211 0.22553060948848724 9.985519409179688
1 0.343527615070343 -0.2984973192214966 0.49797675013542175 1.9491981267929077 0.5130245089530945
2 0.3381408154964447 0.39284244179725647 0.7410088777542114 0.5865682363510132 0.8938659429550171
2 0.3331235349178314 0.16828608512878418 0.43864181637763977 0.38460540771484375 0.6806750297546387
2 0.3320404887199402 0.24553273618221283 0.44258496165275574 0.31874170899391174 0.4901978075504303
1 0.3280482888221741 0.6991152763366699 0.2295992523431778 0.7867593765258789 0.29407501220703125
3 0.31895384192466736 0.67192143201828 0.781491756439209 0.9126593470573425 0.9383175373077393
