1 0.6586472988128662 0.04947417229413986 0.835261881351471 0.2661689519882202 0.8915991187095642
1 0.6536083221435547 -0.01985907554626465 0.8250951766967773 0.25968992710113525 0.9169424772262573
1 0.6095132231712341 0.006064862012863159 0.8103055953979492 0.29383137822151184 0.8787071704864502
1 0.5969125628471375 0.02895514667034149 0.8545342683792114 0.25097906589508057 0.9336093664169312
1 0.4904416501522064 -0.12187880277633667 0.8439672589302063 0.3352033495903015 1.0038197040557861
1 0.47510024905204773 0.24732521176338196 -12.774690628051758 0.25080999732017517 14.62065315246582
0 0.4725641906261444 -0.6989766359329224 0.6284304857254028 2.424211025238037 0.6881330013275146
4 0.4717141389846802 -0.6568429470062256 0.5738008618354797 2.3925538063049316 0.6201241612434387
1 0.46984726190567017 0.2662532925605774 -11.337799072265625 0.2705844044685364 13.178173065185547
1 0.4438488483428955 0.26834341883659363 -10.3408784866333 0.273555725812912 12.179154396057129
2 0.43527713418006897 0.22950200736522675 -5.643965244293213 0.24220223724842072 7.495071887969971
2 0.38614246249198914 0.6741800308227539 0.30735862255096436 0.8377289772033691 0.4668951630592346
2 0.3779785931110382 0.6797040700912476 0.7511889338493347 0.9769126176834106 0.9200373291969299
3 0.37210071086883545 0.608387291431427 0.7452871203422546 0.8762035965919495 0.8956868052482605
2 0.3610284924507141 0.25417590141296387 -8.32332992553711 0.25890296697616577 10.174758911132812
2 0.35802024602890015 0.1897953748703003 0.5294368267059326 0.3024158477783203 0.6580488681793213
0 0.35766541957855225 -0.7897980213165283 0.6032829284667969 2.598261833190918 0.6462787389755249
1 0.3570622205734253 0.2560493052005768 -7.153421878814697 0.2592279016971588 8.985864639282227
1 0.3546937108039856 0.2655853033065796 -6.412759780883789 0.279354989528656 8.241406440734863
1 0.3462173044681549 0.07186105847358704 0.26982879638671875 0.5993161201477051 0.7235008478164673
