2 0.399048388004303 0.17011965811252594 -6.124372959136963 0.1923036426305771 7.956465244293213
2 0.3854943513870239 0.11797049641609192 -2.7027504444122314 0.12473645806312561 4.42051887512207
3 0.3560563027858734 0.5195088982582092 0.7771223783493042 0.8378171324729919 0.929824948310852
2 0.35144320130348206 0.8388370275497437 0.34843775629997253 0.9379245042800903 0.5493361949920654
1 0.348353773355484 -0.006001412868499756 0.8495513796806335 0.32223373651504517 0.9042811989784241
2 0.34008386731147766 0.16638393700122833 -8.563232421875 0.1798987239599228 10.37289047241211
4 0.3358885943889618 -0.08579020202159882 0.8557997345924377 0.28851914405822754 0.9365653395652771
2 0.33526742458343506 0.7858601808547974 0.4573901891708374 0.8918865919113159 0.6396074295043945
2 0.3319839835166931 0.6904001832008362 0.628252387046814 0.826701819896698 0.7745152711868286
1 0.33095139265060425 0.2059437334537506 -9.946836471557617 0.2209712564945221 11.780988693237305
2 0.32825249433517456 0.8889083862304688 0.3369741439819336 0.918384313583374 0.35533666610717773
2 0.32585614919662476 0.3489146828651428 0.6087501049041748 0.4897193908691406 0.7296072244644165
2 0.32122474908828735 0.16409219801425934 -7.978130340576172 0.17011074721813202 9.754079818725586
2 0.32064640522003174 0.8997066020965576 0.5098650455474854 0.9200875759124756 0.5249574184417725
1 0.3182985186576843 0.20132368803024292 -10.531843185424805 0.21152061223983765 12.365169525146484
2 0.3165927827358246 0.1762668639421463 -7.686811923980713 0.18712787330150604 9.478348731994629
2 0.3130430281162262 0.6574448943138123 0.3199516832828522 0.8212751746177673 0.4746447503566742
2 0.3111637830734253 0.8419769406318665 0.8439937829971313 0.9326854348182678 1.0266917943954468
1 0.3105982542037964 0.7236018776893616 0.1957906186580658 0.7825278639793396 0.26671603322029114
2 0.30884021520614624 0.6770609617233276 0.2502009868621826 0.8554779291152954 0.41237950325012207
