3 0.4108324646949768 0.6437333822250366 0.7416833639144897 0.9437085390090942 0.8870981931686401
0 0.3985024392604828 -0.5394399166107178 0.5934447646141052 2.3637235164642334 0.6116668581962585
2 0.3980649709701538 0.15043143928050995 0.4033673107624054 0.1841648370027542 0.5070172548294067
2 0.3914720416069031 0.22130171954631805 -6.8604736328125 0.23119910061359406 8.703239440917969
2 0.38731053471565247 0.17576681077480316 0.5066789984703064 0.21914847195148468 0.5735296607017517
2 0.3848765194416046 0.16751164197921753 0.32050764560699463 0.6048473715782166 0.7600175142288208
2 0.3843574821949005 0.17152023315429688 0.41795623302459717 0.20685791969299316 0.5179364681243896
2 0.38416826725006104 0.10874302685260773 0.5127273201942444 0.49095940589904785 0.760328471660614
2 0.382150799036026 0.03615253418684006 0.6452780961990356 0.26704901456832886 0.7877603769302368
2 0.3800632953643799 0.1863998919725418 0.45912760496139526 0.23320512473583221 0.525059700012207
2 0.3791450262069702 0.29953986406326294 0.36040857434272766 0.33466315269470215 0.4538886249065399
2 0.37210941314697266 0.20063500106334686 0.41021719574928284 0.23868151009082794 0.5057768821716309
2 0.37162140011787415 0.36096975207328796 0.4014008343219757 0.3980293571949005 0.4953812062740326
2 0.37056732177734375 0.31053513288497925 0.36212196946144104 0.3509741425514221 0.45435693860054016
2 0.36943814158439636 0.4270169734954834 0.3641712963581085 0.4700256586074829 0.45476165413856506
0 0.367282897233963 -0.6525719165802002 0.5602497458457947 2.4177825450897217 0.5759806036949158
2 0.3658234477043152 0.19360211491584778 0.5186911821365356 0.2391928732395172 0.5841368436813354
2 0.3647480309009552 0.9228472709655762 0.36006319522857666 0.9516479969024658 0.37987470626831055
2 0.3626030683517456 0.21259570121765137 0.42313480377197266 0.25141894817352295 0.5166754722595215
0 0.3585413694381714 -0.9185137152671814 0.5627590417861938 2.770843505859375 0.584208607673645
