2 0.45018380880355835 0.1537543535232544 -3.53383731842041 0.15685081481933594 5.299533843994141
3 0.4246988892555237 0.4527525305747986 0.7815605401992798 0.6632965207099915 0.9392060041427612
2 0.41364407539367676 0.22757460176944733 -8.136157035827637 0.2360355705022812 9.986659049987793
2 0.39876702427864075 0.2692940831184387 -6.6233320236206055 0.27831822633743286 8.468173027038574
2 0.3958738446235657 0.26267433166503906 -5.496161460876465 0.27458834648132324 7.319954872131348
0 0.3920879364013672 0.2861943244934082 0.2510475814342499 0.7130041122436523 0.6981639862060547
1 0.38744255900382996 0.7618440389633179 0.21851742267608643 0.8045421838760376 0.2966036796569824
1 0.38730672001838684 0.7959256768226624 0.18995477259159088 0.858998715877533 0.2638435363769531
1 0.3665997385978699 0.7658745050430298 0.24327129125595093 0.802550196647644 0.32204610109329224
0 0.36505457758903503 -1.7162312269210815 0.6595126390457153 3.535186767578125 0.6767410039901733
4 0.35719576478004456 -0.855703592300415 0.59260493516922 2.7682061195373535 0.617077648639679
2 0.34973984956741333 0.907150149345398 0.39667755365371704 0.9391576051712036 0.4142853617668152
0 0.349378764629364 0.19480788707733154 0.40118294954299927 0.7465967535972595 0.8429449200630188
2 0.34702304005622864 0.21140055358409882 -6.900531768798828 0.2152397781610489 8.663125038146973
1 0.3439854681491852 0.7831107974052429 0.3167029023170471 0.8153443932533264 0.39486390352249146
1 0.34350016713142395 0.7288123965263367 0.15370674431324005 0.7838456034660339 0.2288430780172348
3 0.3428671061992645 0.3467622399330139 0.7895731925964355 0.5811291337013245 0.9423614740371704
0 0.3388129472732544 -1.0517226457595825 0.6384153366088867 2.8947086334228516 0.6574656963348389
0 0.33439013361930847 -0.9402298927307129 0.6384508013725281 2.77248477935791 0.6873828768730164
0 0.3209717869758606 0.3424674868583679 0.4442731738090515 0.6778760552406311 0.9262352585792542
