2 0.40304768085479736 0.2540402412414551 -7.605733394622803 0.27097177505493164 9.443367958068848
2 0.4006538391113281 0.1579260230064392 -3.4308369159698486 0.16448992490768433 5.169981956481934
2 0.3727327585220337 0.2597872316837311 -6.228789806365967 0.281101256608963 8.061661720275879
2 0.3549751937389374 0.21184100210666656 -9.589143753051758 0.22191433608531952 11.439264297485352
2 0.34722885489463806 0.9023811221122742 0.36438843607902527 0.9337843060493469 0.38212695717811584
4 0.3458921015262604 -1.2724521160125732 0.6212626099586487 3.086763620376587 0.6411541104316711
2 0.33976367115974426 0.02692609280347824 0.8799741864204407 0.2714282274246216 0.9290446639060974
4 0.33704710006713867 -0.022103577852249146 0.8718031048774719 0.28626522421836853 0.9697749018669128
4 0.33389371633529663 -1.2150975465774536 0.5546208620071411 3.1407694816589355 0.5859942436218262
3 0.3331548869609833 0.2199554294347763 0.741748034954071 0.5795456171035767 0.8698317408561707
2 0.3321588933467865 0.24166792631149292 -6.8519768714904785 0.25748687982559204 8.694820404052734
3 0.3314676284790039 0.3075256943702698 0.7792872190475464 0.7525262236595154 0.8955353498458862
4 0.3291473686695099 -1.4043669700622559 0.565453290939331 3.2537617683410645 0.5965335369110107
2 0.32797056436538696 0.017434723675251007 0.6338918209075928 0.1672237515449524 0.7601367235183716
2 0.32530781626701355 0.13976643979549408 0.4163628816604614 0.5710872411727905 0.692294716835022
2 0.324837863445282 0.19626878201961517 -5.3101301193237305 0.21351434290409088 7.157798767089844
2 0.31425905227661133 0.9032336473464966 0.5074412822723389 0.9240607023239136 0.5237540006637573
3 0.31362470984458923 0.12914782762527466 0.7716044783592224 0.4140733480453491 0.9129548668861389
4 0.307405948638916 0.20247386395931244 -13.197962760925293 0.2107314020395279 15.03501033782959
1 0.30016666650772095 0.6438814997673035 0.1904226839542389 0.7244192957878113 0.2694626748561859
