2 0.43306049704551697 0.1742187738418579 -1.9513450860977173 0.17916995286941528 3.7586774826049805
2 0.4259178638458252 0.676382839679718 0.23706035315990448 0.7069960236549377 0.3026061952114105
3 0.40814030170440674 0.3174003064632416 0.7849332094192505 0.5684564113616943 0.91962730884552
2 0.39593228697776794 0.23473796248435974 -3.7557811737060547 0.2481655776500702 5.578212738037109
2 0.3929072618484497 0.25206422805786133 -5.437649250030518 0.2567490339279175 7.226089954376221
3 0.3754841983318329 0.3711489737033844 0.7305654287338257 0.6003521084785461 0.881346583366394
2 0.3659154176712036 0.8816413283348083 0.36201032996177673 0.9197235703468323 0.40082988142967224
3 0.3650456368923187 -0.04167400300502777 0.8533424735069275 0.2673313021659851 0.9538459181785583
2 0.3559088408946991 0.8730621933937073 0.39958974719047546 0.9148195385932922 0.4365334212779999
2 0.3472211956977844 0.9075632691383362 0.33745133876800537 0.9479870200157166 0.37394165992736816
2 0.3449244499206543 0.8924399614334106 0.27876016497612 0.937071681022644 0.29741552472114563
2 0.3445361852645874 0.8177168369293213 0.8395770192146301 0.9002186059951782 1.0170499086380005
2 0.33490896224975586 0.8017477989196777 0.3789752423763275 0.8285279273986816 0.4457786977291107
2 0.33462998270988464 0.23482169210910797 0.1744837760925293 0.2977026402950287 0.22647041082382202
2 0.3308401107788086 0.028714969754219055 0.8502583503723145 0.3403019309043884 0.920029878616333
3 0.32806622982025146 0.6226187348365784 0.7839813232421875 0.7946699261665344 0.9251105785369873
2 0.3274236023426056 0.7622552514076233 0.20408478379249573 0.8071314692497253 0.2870818078517914
2 0.32716670632362366 0.22170668840408325 0.397265762090683 0.4727216362953186 0.5088292956352234
2 0.3254406154155731 0.6623651385307312 0.8902878761291504 0.7691031098365784 1.036234736442566
2 0.3248234689235687 0.2499096393585205 -6.652288436889648 0.26284265518188477 8.494913101196289
