2 0.5276998281478882 0.18289294838905334 -5.8287763595581055 0.19576945900917053 7.6902666091918945
2 0.4572575092315674 0.201679989695549 -8.899517059326172 0.20968861877918243 10.762231826782227
3 0.3939829170703888 0.5789270401000977 0.7936260104179382 0.930121898651123 0.9355996251106262
1 0.3745793104171753 -0.06629981100559235 0.8590596318244934 0.27036380767822266 0.952907145023346
2 0.3695055842399597 0.9196435213088989 0.37140050530433655 0.944726824760437 0.38961485028266907
0 0.36479511857032776 -1.42760169506073 0.5932850241661072 3.176784038543701 0.6181597113609314
2 0.3616371154785156 0.21757309138774872 -8.769914627075195 0.2283858209848404 10.628009796142578
0 0.3577122986316681 -1.676551342010498 0.5793678760528564 3.4526610374450684 0.6045393943786621
2 0.3521595895290375 0.8876747488975525 0.5236075520515442 0.9065561890602112 0.5407727360725403
2 0.3507438600063324 0.14782530069351196 -2.8681490421295166 0.1542109251022339 4.646857261657715
2 0.34630152583122253 0.8260431289672852 0.841746985912323 0.9376368522644043 0.9984418749809265
2 0.3443922698497772 0.7672581672668457 0.27320751547813416 0.8928897380828857 0.45324602723121643
2 0.3443882167339325 0.1590094119310379 0.7528149485588074 0.4184873700141907 0.9102787375450134
1 0.3442857563495636 0.24141553044319153 -7.208695888519287 0.25764575600624084 9.029520034790039
2 0.34097814559936523 0.878109335899353 0.48599252104759216 0.8976947069168091 0.5113481879234314
3 0.33931830525398254 0.5028375387191772 0.822943389415741 0.8173646926879883 0.9608102440834045
4 0.32082700729370117 -1.3046727180480957 0.6242038607597351 3.0701918601989746 0.6494341492652893
2 0.31728583574295044 0.8895100951194763 0.4629794657230377 0.923370897769928 0.5091016888618469
2 0.31594592332839966 0.6425343751907349 0.8929202556610107 0.7657811641693115 1.0325380563735962
2 0.3145849108695984 0.7163375020027161 0.15499287843704224 0.7643126845359802 0.22554314136505127
