2 0.7677459716796875 -0.9048780202865601 0.494006484746933 2.6937098503112793 0.526324987411499
2 0.7144537568092346 -0.8644368648529053 0.5311704874038696 2.614640235900879 0.571205735206604
2 0.6856039762496948 -0.6134428977966309 0.4797126352787018 2.4311745166778564 0.5068219900131226
2 0.5993908643722534 -0.3327758312225342 0.5569871664047241 2.1137070655822754 0.60340416431427
2 0.4787918031215668 0.008437097072601318 0.5125839710235596 1.8261561393737793 0.5646064281463623
2 0.45120248198509216 0.17652812600135803 -4.177750110626221 0.1907743513584137 6.048549175262451
2 0.42921823263168335 0.22342053055763245 -5.299036502838135 0.23570337891578674 7.149960041046143
2 0.40096190571784973 0.13108649849891663 0.5002480149269104 0.16232451796531677 0.5994146466255188
2 0.39718496799468994 0.12464898079633713 0.4611009955406189 0.16218769550323486 0.5355646014213562
2 0.3960191011428833 0.23125186562538147 0.36873120069503784 0.6963437795639038 0.7131903767585754
2 0.39343464374542236 0.11822333186864853 0.4561633765697479 0.14808323979377747 0.5555071830749512
2 0.3934152126312256 0.24235749244689941 -5.705816745758057 0.25598281621932983 7.522549152374268
2 0.3930499255657196 0.14873963594436646 0.43164539337158203 0.1855849027633667 0.5039825439453125
1 0.38922956585884094 0.19760364294052124 -5.91602897644043 0.21051424741744995 7.748941421508789
2 0.38522571325302124 0.11603427678346634 0.4295838177204132 0.15796218812465668 0.5020155310630798
2 0.3821532726287842 0.13217245042324066 0.5466004610061646 0.16656865179538727 0.6391223669052124
2 0.3718854784965515 0.26854416728019714 0.42949700355529785 0.30790069699287415 0.5240493416786194
2 0.3707698881626129 0.15304581820964813 0.372202605009079 0.19500292837619781 0.4415818154811859
2 0.36824527382850647 0.12692052125930786 0.38335028290748596 0.17399412393569946 0.4465768039226532
2 0.3655244708061218 0.12395094335079193 0.2793351411819458 0.5808562636375427 0.6411398649215698
