2 0.4664858281612396 0.237216055393219 0.8160632252693176 0.5847000479698181 0.9584961533546448
4 0.45701292157173157 -1.336185097694397 0.5984954833984375 3.0932536125183105 0.6141103506088257
2 0.4455004930496216 -0.009725823998451233 0.8089488744735718 0.3463557958602905 0.9365848302841187
2 0.38129866123199463 -0.02503529191017151 0.8657503128051758 0.361179918050766 0.9251104593276978
4 0.37572312355041504 -0.7844573259353638 0.5537845492362976 2.682339668273926 0.5678951144218445
2 0.3675646483898163 0.14326755702495575 -2.812807083129883 0.15121324360370636 4.528677940368652
1 0.3561730980873108 0.6000730395317078 0.08420518785715103 0.7133944630622864 0.14968737959861755
1 0.34877708554267883 0.6171824932098389 0.11119025945663452 0.8786108493804932 0.17591696977615356
2 0.3446614444255829 0.04340063035488129 0.675903856754303 0.22313101589679718 0.8048297762870789
2 0.3434047996997833 0.25170302391052246 0.809662401676178 0.45431429147720337 0.9028246998786926
2 0.3429510295391083 0.8939027786254883 0.3330485224723816 0.9275271892547607 0.34886616468429565
2 0.3409428894519806 0.14675362408161163 0.414427787065506 0.4224510192871094 0.5269551873207092
4 0.34040728211402893 -1.7977644205093384 0.6043881177902222 3.5670666694641113 0.6210266351699829
1 0.3383312225341797 0.7462475895881653 0.1251716911792755 0.8364481329917908 0.17730757594108582
2 0.33549290895462036 0.21296989917755127 0.4954223930835724 0.24607843160629272 0.5754348635673523
2 0.33469000458717346 0.3820427656173706 0.4423055648803711 0.4346100091934204 0.5150672197341919
2 0.3307894468307495 0.22721761465072632 0.5848286151885986 0.410144567489624 0.6905652284622192
2 0.32380324602127075 0.2063889056444168 0.4712369441986084 0.2572598457336426 0.5276843905448914
1 0.3209802508354187 0.5611011385917664 0.16406118869781494 0.6658470034599304 0.21812474727630615
2 0.3204393684864044 0.27914494276046753 0.6116482019424438 0.4540454149246216 0.7146409749984741
