2 0.43393999338150024 0.1435987800359726 0.8194752931594849 0.4632209539413452 0.9597944021224976
3 0.4063299298286438 0.5359633564949036 0.8081904649734497 1.023017406463623 0.9305542707443237
2 0.3911578357219696 0.24645748734474182 -8.935393333435059 0.25491830706596375 10.794135093688965
2 0.387722909450531 0.7870566248893738 0.33781638741493225 0.8053156733512878 0.37832531332969666
2 0.3870202302932739 0.7465260028839111 0.344284325838089 0.7597649097442627 0.38423702120780945
2 0.38565629720687866 -0.00980307161808014 0.8340519070625305 0.2773597240447998 0.9309789538383484
0 0.37832194566726685 -0.892757773399353 0.538888692855835 2.8111748695373535 0.5580432415008545
1 0.3768156170845032 0.6733546853065491 0.2178524285554886 0.7638847231864929 0.27700695395469666
1 0.37670791149139404 0.7332994937896729 0.16075856983661652 0.7822737693786621 0.21545551717281342
3 0.373405784368515 0.440029501914978 0.7597295641899109 0.7855157852172852 0.8917942643165588
3 0.36880940198898315 0.4674367904663086 0.794482946395874 0.8598728179931641 0.946340799331665
0 0.36786335706710815 -1.0298761129379272 0.5897388458251953 2.7804336547851562 0.6060558557510376
2 0.3669742941856384 0.43942058086395264 0.5939945578575134 0.4625033736228943 0.6719366908073425
0 0.35509902238845825 -0.6914398074150085 0.4593225121498108 2.3433961868286133 0.4739561080932617
2 0.3477962017059326 0.36940979957580566 0.44696691632270813 0.4147283434867859 0.5332938432693481
2 0.3460984230041504 0.26601749658584595 -6.3860626220703125 0.275471568107605 8.136296272277832
2 0.3456626236438751 0.05960448086261749 0.26762285828590393 0.5204647183418274 0.7206994295120239
2 0.3454928696155548 0.2365083396434784 0.6025797724723816 0.2578558623790741 0.6872003674507141
2 0.34517696499824524 0.18862716853618622 0.46475276350975037 0.21707375347614288 0.5581663846969604
1 0.3448260426521301 0.7467226982116699 0.27690041065216064 0.7825407981872559 0.32809901237487793
