4 0.4457961320877075 0.2051967978477478 0.6067215800285339 1.6865613460540771 0.670183002948761
4 0.4240254759788513 0.02050924301147461 0.673170804977417 1.7527151107788086 0.7250490188598633
2 0.41680294275283813 0.44544753432273865 0.5526965260505676 0.49361303448677063 0.6426391005516052
2 0.41008928418159485 0.43811315298080444 0.49304139614105225 0.4810653328895569 0.5836844444274902
2 0.401398241519928 0.14380580186843872 0.7850058078765869 0.46148282289505005 0.9301068782806396
4 0.4012252986431122 0.24238675832748413 0.4958004653453827 1.3859827518463135 0.5319450497627258
4 0.3970145285129547 0.013190269470214844 0.6579530835151672 1.7629952430725098 0.6974030137062073
2 0.392734557390213 0.4006218910217285 0.5371010303497314 0.4512730836868286 0.6298375129699707
2 0.39049232006073 0.340330570936203 0.5791765451431274 0.3992464244365692 0.6677098274230957
3 0.38195285201072693 0.30820274353027344 0.8461722135543823 0.8365075588226318 0.9544100761413574
2 0.3753792643547058 0.47445687651634216 0.2520045042037964 0.5169329643249512 0.34822654724121094
4 0.37372422218322754 0.20780999958515167 -6.665842533111572 0.2165806144475937 8.465679168701172
2 0.3733142018318176 0.039311036467552185 0.7960447072982788 0.3454515337944031 0.9330743551254272
2 0.3719412684440613 0.3829403519630432 0.34262707829475403 0.42578941583633423 0.4446242153644562
2 0.36811205744743347 0.406095415353775 0.28512823581695557 0.44952258467674255 0.37523674964904785
2 0.3661571145057678 0.41379255056381226 0.3256258964538574 0.46176499128341675 0.4291810989379883
2 0.3655766546726227 0.6909661889076233 0.360596626996994 0.9011117815971375 0.5085769891738892
2 0.3580645024776459 0.4846135377883911 0.4708271324634552 0.5186945199966431 0.5420851707458496
4 0.3560011386871338 0.2115243375301361 -6.311774730682373 0.22299370169639587 8.09895133972168
2 0.35007888078689575 0.04142289608716965 0.6891846060752869 0.2209775447845459 0.8032324910163879
