2 0.42863747477531433 0.17308788001537323 -2.241791009902954 0.17859674990177155 3.9934608936309814
2 0.41046950221061707 0.28398123383522034 -5.329900741577148 0.29252758622169495 7.1927385330200195
3 0.3949580490589142 0.4826507568359375 0.7424936294555664 0.723617434501648 0.8970404863357544
1 0.38063186407089233 0.7811505198478699 0.2181500643491745 0.8330352902412415 0.2986372411251068
4 0.37282612919807434 -1.0259356498718262 0.6046382188796997 2.874222993850708 0.6287130117416382
4 0.37235379219055176 -0.8720853924751282 0.5828753113746643 2.754133701324463 0.6079240441322327
1 0.3679451644420624 0.8508850932121277 0.19955283403396606 0.9112618565559387 0.28657984733581543
3 0.36399784684181213 0.23927924036979675 0.8618779182434082 0.5467542409896851 0.9438290596008301
1 0.3639656603336334 0.7540377378463745 0.17270222306251526 0.8132885694503784 0.25035759806632996
0 0.3596694767475128 0.20874181389808655 0.23616045713424683 0.745596170425415 0.7507873773574829
3 0.3531865179538727 0.4229336380958557 0.7708543539047241 0.6747116446495056 0.9320372343063354
3 0.3497770130634308 0.06953250616788864 0.8640879392623901 0.296625018119812 0.966262698173523
1 0.34315943717956543 0.648086428642273 0.20036481320858002 0.7337597608566284 0.2953987121582031
2 0.33081501722335815 0.2412559688091278 -4.587503433227539 0.24824264645576477 6.342057228088379
4 0.3223462998867035 -1.5542666912078857 0.571526825428009 3.4186761379241943 0.5992662310600281
2 0.32041558623313904 0.9260867238044739 0.38794025778770447 0.967383086681366 0.4051569402217865
2 0.31772881746292114 0.3294575810432434 -6.7996602058410645 0.33669763803482056 8.658268928527832
1 0.30853450298309326 0.8649604320526123 0.3264067471027374 0.9122719764709473 0.389824241399765
2 0.30616745352745056 0.09022648632526398 0.7308558225631714 0.3226107954978943 0.9897487163543701
1 0.3029060363769531 0.7408953905105591 0.24003884196281433 0.8028005361557007 0.32037320733070374
