2 0.6234748363494873 0.18277797102928162 -4.732341766357422 0.19916942715644836 6.55674934387207
4 0.5571104288101196 0.0034152641892433167 0.901835024356842 0.19574251770973206 0.967104971408844
2 0.45908182859420776 0.2410358041524887 -6.724189281463623 0.2524760067462921 8.53455638885498
4 0.42454174160957336 -0.08158540725708008 0.8806533217430115 0.3036854863166809 0.9593080878257751
2 0.383810818195343 0.891437828540802 0.46042150259017944 0.9154199957847595 0.5418251156806946
3 0.3799000680446625 -0.870163083076477 0.5873544812202454 2.7245001792907715 0.6136676669120789
2 0.37842294573783875 0.8912703394889832 0.3742106854915619 0.9182146191596985 0.3940216600894928
2 0.36518850922584534 0.9196273684501648 0.5577005743980408 0.9374578595161438 0.5737667679786682
2 0.36121666431427 0.6676908135414124 0.3941496014595032 0.6762377619743347 0.4362461566925049
2 0.35841813683509827 0.5650079250335693 0.3426753282546997 0.5898079872131348 0.4086088538169861
3 0.3583014905452728 -0.025015175342559814 0.5857399702072144 1.9146528244018555 0.6169687509536743
3 0.3564261794090271 -0.3540198802947998 0.5748218894004822 2.1776092052459717 0.6050586104393005
1 0.35406598448753357 0.8636565804481506 0.32914650440216064 0.8925887942314148 0.4058523178100586
3 0.3490469753742218 -0.611992359161377 0.5954061150550842 2.490722417831421 0.6206554770469666
2 0.3486224412918091 0.1901252418756485 -10.22549057006836 0.20481739938259125 12.057472229003906
2 0.34068581461906433 0.9093922972679138 0.5202653408050537 0.960314929485321 0.5564737319946289
3 0.33838316798210144 0.18013571202754974 0.7941288948059082 0.5798651576042175 0.9053945541381836
1 0.33413735032081604 0.8649191856384277 0.3560047447681427 0.8932726383209229 0.4302164614200592
2 0.3329460918903351 0.8722122311592102 0.5237273573875427 0.9193547368049622 0.5616121888160706
2 0.3318116366863251 0.8948057889938354 0.4706886112689972 0.9388456344604492 0.5147393941879272
