4 0.48175564408302307 -1.9211918115615845 0.6030099987983704 3.704430103302002 0.6205310225486755
0 0.4797596037387848 0.32625365257263184 0.35905399918556213 0.6892517805099487 0.8104614019393921
4 0.4739798605442047 -2.0935628414154053 0.5936009287834167 3.7290847301483154 0.6110787987709045
2 0.41823697090148926 0.21802400052547455 -6.0969672203063965 0.23518164455890656 7.930222034454346
0 0.41303491592407227 0.31006357073783875 0.6913565397262573 0.6599498987197876 0.8433042764663696
0 0.41081398725509644 0.22375617921352386 0.27720022201538086 0.599145770072937 0.7755786180496216
0 0.4088855981826782 0.19671590626239777 0.5834811925888062 0.6279008984565735 0.8700729608535767
2 0.4049193263053894 0.19137609004974365 -7.153964519500732 0.20271581411361694 9.001206398010254
0 0.3910985589027405 0.2294609546661377 0.3398668169975281 0.5874575972557068 0.5971677899360657
2 0.38951724767684937 0.9198005795478821 0.400432825088501 0.9533078074455261 0.41917580366134644
0 0.36626946926116943 0.3268604278564453 0.6116718649864197 0.6199973821640015 0.7841156125068665
2 0.36550089716911316 -2.076470375061035 0.5433230400085449 3.7679948806762695 0.5618895292282104
2 0.3635164201259613 0.20197738707065582 -7.880301475524902 0.2113308161497116 9.7012357711792
4 0.36292046308517456 0.2374727874994278 -6.778816223144531 0.24245427548885345 8.545454025268555
1 0.35490652918815613 0.6294170618057251 0.2887216806411743 0.7316936254501343 0.339255690574646
0 0.35012108087539673 0.17486917972564697 0.4545617401599884 0.8557299375534058 0.7696479558944702
1 0.34638163447380066 0.7392160296440125 0.2718583047389984 0.893665611743927 0.3231072723865509
2 0.3393881320953369 0.03499966859817505 0.8519806265830994 0.34569668769836426 0.9266757369041443
4 0.338643878698349 -0.02802985906600952 0.8678737878799438 0.20702999830245972 0.9651685953140259
4 0.3381260633468628 -2.025019407272339 0.6189982891082764 3.6546337604522705 0.6390125751495361
