2 0.3643845319747925 0.8922116160392761 0.3609534204006195 0.9240898489952087 0.37985286116600037
0 0.35245490074157715 0.1848188042640686 -6.186631679534912 0.19067823886871338 7.954054355621338
2 0.3438570201396942 0.04638274013996124 0.6593593955039978 0.2007284015417099 0.7818633913993835
0 0.33701738715171814 0.2117626667022705 -6.05418062210083 0.2227342128753662 7.847909450531006
2 0.33244600892066956 0.8851737380027771 0.5399436354637146 0.9060041308403015 0.5556841492652893
2 0.32977792620658875 0.8740459084510803 0.8333466649055481 0.9565092921257019 1.0203330516815186
2 0.3281710743904114 0.18460848927497864 -6.237923622131348 0.21016445755958557 8.05971908569336
4 0.3201553523540497 -0.0656091719865799 0.8712385892868042 0.2510243058204651 0.9538356065750122
2 0.3172156512737274 0.05311180651187897 0.7901343703269958 0.32662707567214966 0.9308149218559265
2 0.3165331184864044 0.883763313293457 0.5098007321357727 0.9321491718292236 0.5544863343238831
3 0.31280794739723206 0.19713839888572693 0.7722563147544861 0.5029155015945435 0.9109668135643005
2 0.3111712634563446 0.7593111991882324 0.4340156316757202 0.7869136333465576 0.5011366605758667
4 0.31025487184524536 0.2332257628440857 -6.098426818847656 0.24641913175582886 7.937552452087402
0 0.30742964148521423 -0.20312845706939697 0.8482193350791931 0.40322715044021606 1.0086461305618286
3 0.30722007155418396 0.6662895679473877 0.7835233211517334 0.9271384477615356 0.941655158996582
2 0.3062674403190613 0.7873936891555786 0.34072330594062805 0.901003360748291 0.5097295045852661
2 0.30601149797439575 0.7998538613319397 0.44013500213623047 0.8934211134910583 0.6244803667068481
2 0.30553191900253296 0.87587571144104 0.9149230718612671 0.8780028820037842 0.9335013628005981
2 0.3002195358276367 0.1335265338420868 0.7295665144920349 0.2606823146343231 0.8286488652229309
2 0.29856452345848083 0.6619440913200378 0.8832475543022156 0.7649430632591248 1.0382881164550781
