3 0.43895867466926575 0.6531458497047424 0.7566221952438354 0.9438247084617615 0.9018055200576782
2 0.4093150794506073 0.29931965470314026 -4.999689102172852 0.32387253642082214 6.796308517456055
3 0.3969185948371887 0.03807193040847778 0.8747836351394653 0.2959129214286804 0.953694224357605
1 0.39589065313339233 0.5973416566848755 0.28598925471305847 0.676507830619812 0.34719744324684143
1 0.39587321877479553 0.7876458764076233 0.2679946720600128 0.8460084795951843 0.3479989469051361
1 0.3936960697174072 0.7573020458221436 0.2379263937473297 0.808864951133728 0.3261873424053192
1 0.37588754296302795 0.5677788853645325 0.25282809138298035 0.639528214931488 0.31713810563087463
1 0.3744916319847107 0.7394419312477112 0.21997517347335815 0.7859978079795837 0.314514696598053
2 0.3605080246925354 0.02759372442960739 0.6735671758651733 0.1842387318611145 0.7901660203933716
3 0.3467157781124115 0.44797512888908386 0.843206524848938 0.7253818511962891 0.974647045135498
1 0.3429284691810608 0.7264761924743652 0.170620396733284 0.813030481338501 0.2344500869512558
2 0.34133848547935486 0.27205386757850647 0.6750352382659912 0.4465911090373993 0.7804819345474243
0 0.3411574065685272 -0.7056056261062622 0.6248075366020203 2.3754935264587402 0.6451274752616882
2 0.3299245536327362 0.9083349108695984 0.4219188094139099 0.9393003582954407 0.44056111574172974
2 0.32785436511039734 0.19410637021064758 0.644622802734375 0.3542369306087494 0.7548892498016357
0 0.3226219713687897 0.2511485815048218 0.3052978813648224 0.6337491869926453 0.6968884468078613
2 0.3214047849178314 0.20243513584136963 0.38898465037345886 0.36451268196105957 0.5142337679862976
0 0.3209896981716156 -0.2958707809448242 0.46096065640449524 1.9585058689117432 0.4815225899219513
4 0.31788110733032227 -1.005851149559021 0.6495199799537659 2.708059310913086 0.6737275719642639
2 0.31773170828819275 0.8838224411010742 0.5499815344810486 0.9029749631881714 0.566650927066803
