2 0.5300033092498779 0.06527512520551682 0.8678010106086731 0.24128031730651855 0.9634736180305481
2 0.418018639087677 0.07591280341148376 0.8566513061523438 0.35811707377433777 0.9196634292602539
2 0.38852623105049133 0.11131419241428375 0.8770608305931091 0.3292737603187561 0.9420402646064758
2 0.3822435438632965 0.19441089034080505 -2.6242599487304688 0.19979968667030334 4.357269763946533
3 0.3806001842021942 0.4660935699939728 0.7615587115287781 0.734135627746582 0.8908160328865051
2 0.3715195059776306 -0.6685348153114319 0.5715847015380859 2.4307730197906494 0.6176997423171997
2 0.3701733648777008 0.7832249999046326 0.42771270871162415 0.854985773563385 0.6485987901687622
2 0.36516743898391724 0.85066819190979 0.31145209074020386 0.8912665843963623 0.3333757519721985
2 0.36340609192848206 0.8870944976806641 0.5476765632629395 0.9140201807022095 0.5624949932098389
2 0.3631938397884369 0.9198398590087891 0.5375222563743591 0.9535360336303711 0.5571079850196838
2 0.36280959844589233 0.7806004881858826 0.4817051589488983 0.7989969849586487 0.5374451875686646
3 0.36185532808303833 0.4479188919067383 0.8026336431503296 0.7280789613723755 0.9326947927474976
2 0.3617687225341797 0.31280630826950073 0.22623127698898315 0.7381026148796082 0.7202708721160889
0 0.36026787757873535 -0.6267575025558472 0.6123650074005127 2.4799671173095703 0.639685869216919
2 0.35980185866355896 0.9050830602645874 0.8161302208900452 0.9869307279586792 1.0102134943008423
2 0.35050636529922485 -0.41577017307281494 0.5608342885971069 2.251555919647217 0.596585750579834
2 0.34584754705429077 0.46864014863967896 0.6942616105079651 0.7403947710990906 0.8294448256492615
1 0.3401540517807007 0.21718831360340118 -5.4777326583862305 0.23269741237163544 7.289498329162598
2 0.3391180634498596 -0.08658260107040405 0.8677145838737488 0.3577401041984558 1.0167574882507324
2 0.33895090222358704 0.8798168897628784 0.5394279956817627 0.9346529245376587 0.5707461833953857
