4 0.48862284421920776 -1.12367582321167 0.6012867093086243 3.0101170539855957 0.6339936852455139
4 0.46740269660949707 -1.5872504711151123 0.6141640543937683 3.469099760055542 0.6393037438392639
4 0.4116789400577545 -1.441083550453186 0.6420754194259644 3.285468578338623 0.662237286567688
2 0.371263712644577 0.8668227195739746 0.36043328046798706 0.8978590965270996 0.37759047746658325
4 0.3671959340572357 -1.1380648612976074 0.6559754014015198 2.911288261413574 0.6780849099159241
2 0.33349576592445374 0.821481466293335 0.5417887568473816 0.8408461809158325 0.5551227927207947
3 0.3332120180130005 0.3050450086593628 0.7799960374832153 0.5641862154006958 0.9255695343017578
1 0.3246743083000183 0.7502968311309814 0.2009461671113968 0.7962918281555176 0.2623308300971985
2 0.321056991815567 0.7557507753372192 0.8565231561660767 0.87359619140625 1.005649209022522
2 0.32027190923690796 0.04077284038066864 0.6773586273193359 0.19921322166919708 0.8062158823013306
0 0.3188745379447937 0.18834896385669708 -6.5119099617004395 0.19320987164974213 8.268606185913086
2 0.3086455762386322 0.5545846223831177 0.897144079208374 0.6727883815765381 1.0331034660339355
2 0.30836695432662964 0.1205054372549057 0.7411216497421265 0.24526961147785187 0.8464078903198242
0 0.3082396388053894 0.20856621861457825 -6.22212553024292 0.2165643870830536 8.004939079284668
2 0.30559420585632324 0.611437976360321 0.7930996417999268 0.6685137152671814 1.0978894233703613
4 0.30373039841651917 -0.6602997779846191 0.5078667402267456 2.2496120929718018 0.5257441997528076
2 0.30025362968444824 0.11651033908128738 0.5971932411193848 0.2830392122268677 0.6984440088272095
2 0.2979215085506439 0.7629563212394714 0.9031639099121094 0.7651315331459045 0.9227895736694336
2 0.2934930920600891 0.16656552255153656 0.422371506690979 0.351009726524353 0.5411935448646545
1 0.29322588443756104 0.74539715051651 0.2574194669723511 0.7764808535575867 0.30619311332702637
