3 0.44082868099212646 0.3835577368736267 0.8048179149627686 0.7356948256492615 0.929713249206543
3 0.409349262714386 0.5403225421905518 0.8012217283248901 0.9111640453338623 0.9406911134719849
0 0.4067923426628113 -0.40852904319763184 0.6110205054283142 2.3272526264190674 0.6386426091194153
3 0.40671420097351074 0.04320252686738968 0.8668380975723267 0.24558675289154053 0.9414275884628296
1 0.37732383608818054 0.7181581854820251 0.17001400887966156 0.8062084317207336 0.27386558055877686
0 0.3772687017917633 -0.6102497577667236 0.6266200542449951 2.4322829246520996 0.6488265991210938
1 0.3711334466934204 0.20986394584178925 -7.7641072273254395 0.2237115055322647 9.591367721557617
1 0.3680383265018463 0.7314445972442627 0.2446262091398239 0.7980047464370728 0.3201945424079895
1 0.36219340562820435 0.8200540542602539 0.17312757670879364 0.869368314743042 0.26167619228363037
1 0.35620298981666565 0.7798327803611755 0.337429404258728 0.8444127440452576 0.40485358238220215
0 0.35466840863227844 -1.1810412406921387 0.6157891154289246 2.9889578819274902 0.6314621567726135
2 0.351821631193161 0.27847063541412354 -7.83298921585083 0.2870117425918579 9.620442390441895
2 0.35042065382003784 0.2915209233760834 -7.08906364440918 0.3012430965900421 8.933992385864258
2 0.3498079180717468 0.153561532497406 -2.65293550491333 0.16169840097427368 4.369633674621582
2 0.34921741485595703 0.9256216883659363 0.4738243818283081 0.9435952305793762 0.49079424142837524
2 0.34839996695518494 0.9401566386222839 0.33576932549476624 0.9685067534446716 0.353109747171402
3 0.3462928235530853 0.3461778163909912 0.8627275228500366 0.5984005928039551 0.9484182596206665
2 0.34198445081710815 0.273249089717865 0.3578631579875946 0.7141409516334534 0.7874093055725098
2 0.3399161100387573 0.269844114780426 -8.84730339050293 0.27915650606155396 10.689428329467773
0 0.33043864369392395 -0.8195070028305054 0.644741952419281 2.615837574005127 0.6666825413703918
