4 0.4782588481903076 -1.1177939176559448 0.5891383290290833 2.947028636932373 0.6078566908836365
4 0.46184980869293213 -0.9890166521072388 0.6209748983383179 2.841268539428711 0.6357264518737793
4 0.44783926010131836 -1.006069540977478 0.6280243992805481 2.809650421142578 0.6435593962669373
4 0.4387452304363251 -0.9057475328445435 0.6506913900375366 2.6709089279174805 0.6715990304946899
4 0.4367607831954956 -1.0132808685302734 0.5442615747451782 2.9018123149871826 0.5671015977859497
4 0.4295848309993744 -1.7474801540374756 0.5953800082206726 3.5686867237091064 0.611165463924408
1 0.38010305166244507 0.6910979747772217 0.35127002000808716 0.7276593446731567 0.4003468155860901
1 0.36864471435546875 0.6745250225067139 0.46958789229393005 0.7106952667236328 0.5176271200180054
1 0.35900577902793884 0.7116024494171143 0.25374236702919006 0.7485613822937012 0.3052869737148285
2 0.3587503731250763 0.906768798828125 0.353390634059906 0.9327796697616577 0.3702528476715088
1 0.3469991385936737 -0.5589064955711365 0.43428361415863037 2.2405052185058594 0.45544737577438354
3 0.3430919349193573 0.7052545547485352 0.7389644980430603 0.9515981674194336 0.8953931927680969
3 0.3339531421661377 0.08281286060810089 0.8895028829574585 0.24192826449871063 0.9716693162918091
3 0.3292602300643921 0.2963833808898926 0.8263124227523804 0.5137313604354858 0.9109735488891602
2 0.3265206813812256 0.12241970747709274 -2.959350347518921 0.13001340627670288 4.723501205444336
1 0.3173792064189911 0.7701974511146545 0.3368697166442871 0.8122208714485168 0.3950565457344055
1 0.31658437848091125 0.6848371624946594 0.5864862203598022 0.7142168879508972 0.6253306865692139
2 0.3161846399307251 0.17629767954349518 0.7587664127349854 0.2829841077327728 0.8762921094894409
2 0.316006064414978 0.8955481052398682 0.5141624808311462 0.9114974737167358 0.5300464034080505
2 0.3136363923549652 0.8169379830360413 0.8510866761207581 0.9071162343025208 1.0387486219406128
