2 0.44526198506355286 0.045141056180000305 0.865835964679718 0.2821657657623291 0.94773930311203
2 0.4341143071651459 0.21118107438087463 0.25865253806114197 0.7267239093780518 0.6142517328262329
2 0.41749677062034607 0.2377682328224182 -5.830537796020508 0.26055169105529785 7.657112121582031
2 0.3747568428516388 0.17572899162769318 -5.253495693206787 0.19711832702159882 7.086299419403076
3 0.36926230788230896 0.4862194061279297 0.8523839712142944 0.8208358287811279 0.9728268384933472
4 0.3526761829853058 -0.040283843874931335 0.8640394806861877 0.22328637540340424 0.9606725573539734
2 0.35226204991340637 0.9269915223121643 0.35511767864227295 0.9505822062492371 0.3732740879058838
2 0.3511127829551697 0.28768301010131836 -6.347338676452637 0.2983904480934143 8.144112586975098
1 0.3500903844833374 -0.008907526731491089 0.2493876814842224 0.9725390672683716 0.875566303730011
2 0.3470939099788666 0.6340253949165344 0.8907853364944458 0.745453417301178 1.042594313621521
2 0.34145388007164 0.3008069097995758 -5.372760772705078 0.3223174512386322 7.171962738037109
2 0.337218314409256 0.08563145995140076 0.32671499252319336 0.6188260316848755 0.8032447099685669
2 0.33218351006507874 0.2930310368537903 -5.448477268218994 0.3075883388519287 7.233596324920654
2 0.3320390284061432 0.8392801880836487 0.8452224731445312 0.9275720715522766 1.0353412628173828
1 0.3292577564716339 -0.44751715660095215 0.5240157246589661 2.1564528942108154 0.5451144576072693
2 0.32869717478752136 0.011516854166984558 0.6536694765090942 0.15708781778812408 0.7890917062759399
4 0.3228461742401123 -0.84488844871521 0.6029836535453796 2.7509377002716064 0.6312873959541321
2 0.322452574968338 0.8860293626785278 0.506281852722168 0.9024655818939209 0.5239354372024536
3 0.321309894323349 0.5686620473861694 0.8184288740158081 0.8530577421188354 0.9430477619171143
4 0.3202059268951416 -0.7203071117401123 0.6219503879547119 2.5769166946411133 0.648557186126709
