2 0.5822697281837463 0.2539026439189911 -7.2416582107543945 0.2661406099796295 9.077227592468262
2 0.5438308715820312 0.2636667490005493 -6.882091522216797 0.2763514518737793 8.71632194519043
2 0.5022419691085815 0.26949846744537354 -5.068324089050293 0.2848552465438843 6.893094062805176
2 0.4828112721443176 0.23773455619812012 -7.966590881347656 0.24806249141693115 9.813661575317383
2 0.4505862295627594 0.16858194768428802 -2.63517427444458 0.17427827417850494 4.313534259796143
3 0.4419664442539215 0.3878554701805115 0.7583086490631104 0.7126845717430115 0.891887903213501
2 0.4111355245113373 0.192000150680542 0.4139949679374695 0.7364127039909363 0.8459770083427429
2 0.38271087408065796 0.21556058526039124 -6.982738494873047 0.22590407729148865 8.812674522399902
2 0.37338486313819885 0.864714503288269 0.8246576189994812 0.9471074342727661 1.0074970722198486
0 0.35250842571258545 0.23012675344944 -5.7901458740234375 0.23816321790218353 7.580358505249023
0 0.35238295793533325 -0.520732581615448 0.5845413208007812 2.383148193359375 0.627714991569519
2 0.35047322511672974 0.3815537095069885 0.3366251587867737 0.8485143780708313 0.7639536261558533
0 0.34831804037094116 -0.638275146484375 0.6750558614730835 2.3046374320983887 0.7134941816329956
2 0.3422081768512726 0.8402440547943115 0.4722185730934143 0.9174213409423828 0.6925079226493835
2 0.341691255569458 0.4496607184410095 0.29438355565071106 0.519733190536499 0.3704589903354645
0 0.3391508162021637 -0.8728695511817932 0.6597360372543335 2.635843515396118 0.6953283548355103
2 0.33899539709091187 0.35380077362060547 0.30790892243385315 0.4128152132034302 0.3871496617794037
0 0.33877989649772644 0.1998947411775589 -7.050529956817627 0.21001730859279633 8.875347137451172
2 0.3380400240421295 0.9108893275260925 0.5244373083114624 0.942233145236969 0.5374964475631714
0 0.33668702840805054 -0.34230172634124756 0.4958530068397522 1.8899377584457397 0.5310414433479309
