2 0.5895666480064392 0.2332426905632019 -6.856907844543457 0.24321532249450684 8.685113906860352
2 0.5870770812034607 0.22943446040153503 -6.920887470245361 0.23755577206611633 8.762874603271484
2 0.526443362236023 0.22571195662021637 -6.798079490661621 0.2347315400838852 8.624170303344727
2 0.47949230670928955 0.1878008395433426 -4.395933151245117 0.20332805812358856 6.225045204162598
2 0.465969055891037 0.2525467872619629 -6.426334857940674 0.26146554946899414 8.28256607055664
2 0.4366472065448761 0.060156434774398804 0.7776621580123901 0.4516531527042389 0.9194501638412476
2 0.41266706585884094 0.31226933002471924 0.7085568904876709 0.5018771886825562 0.8064649105072021
2 0.4014412462711334 0.14136716723442078 0.502293586730957 0.16756203770637512 0.5974098443984985
2 0.39716875553131104 0.13411621749401093 0.4959508776664734 0.15935619175434113 0.5887574553489685
2 0.3866516351699829 0.26466459035873413 -6.059270858764648 0.27513211965560913 7.903745651245117
2 0.38577574491500854 0.13190408051013947 0.46066218614578247 0.15739570558071136 0.5480006337165833
2 0.38192152976989746 0.11672854423522949 0.7059066295623779 0.22730398178100586 0.8315892219543457
2 0.3802340030670166 0.18324971199035645 0.4479968249797821 0.2122820019721985 0.5415120124816895
2 0.38010239601135254 0.13789694011211395 0.41830122470855713 0.19190575182437897 0.47627562284469604
2 0.379316121339798 0.1002102866768837 0.4636583924293518 0.12666161358356476 0.5550233721733093
1 0.3791685104370117 -0.9302580952644348 0.4804719388484955 2.5227200984954834 0.4998396337032318
2 0.3762238323688507 0.21361815929412842 0.48530125617980957 0.4680863618850708 0.5896754264831543
2 0.36990201473236084 0.3363107740879059 0.41786909103393555 0.3809218108654022 0.511694610118866
2 0.36918962001800537 0.16017204523086548 0.5986207127571106 0.3392118811607361 0.6994103789329529
2 0.365205854177475 0.1451142281293869 0.45781946182250977 0.19306065142154694 0.5179077386856079
