1 0.41020703315734863 0.02113386243581772 0.8569919466972351 0.20020541548728943 0.9382336735725403
1 0.399614155292511 0.24923214316368103 -6.546662330627441 0.25655463337898254 8.392977714538574
0 0.3944394290447235 0.2868828773498535 0.2293323427438736 0.7129722237586975 0.7146561741828918
1 0.3900299072265625 -0.02212078869342804 0.860943078994751 0.316817045211792 0.9145309925079346
2 0.3746912479400635 -0.01470145583152771 0.8573779463768005 0.27733680605888367 0.9911001324653625
2 0.36245617270469666 0.21750861406326294 -3.8718037605285645 0.22987300157546997 5.715510845184326
1 0.36154642701148987 0.7164576649665833 0.2490798681974411 0.7926098704338074 0.3162091374397278
1 0.3555104434490204 0.7799497246742249 0.29313603043556213 0.8519100546836853 0.3655107915401459
1 0.3552350103855133 -0.6857852935791016 0.4415413737297058 2.389324903488159 0.46284401416778564
1 0.3500344157218933 0.13093505799770355 0.13632547855377197 0.5854414701461792 0.7351915836334229
1 0.34941577911376953 0.7915154695510864 0.2702723741531372 0.8633188009262085 0.346157431602478
2 0.34863540530204773 0.8734001517295837 0.8734313249588013 0.9827738404273987 1.0334969758987427
2 0.34857457876205444 0.2817818522453308 -5.917529582977295 0.2912973165512085 7.753986835479736
1 0.34647178649902344 0.7521492838859558 0.22908999025821686 0.8377099633216858 0.28999194502830505
0 0.3446302115917206 -1.2469539642333984 0.6363707184791565 2.951890468597412 0.654998242855072
1 0.3442049026489258 0.7558870315551758 0.1498100608587265 0.8393301963806152 0.23380769789218903
1 0.33719098567962646 -1.4167816638946533 0.6454340219497681 3.1989572048187256 0.662516713142395
1 0.33684250712394714 0.7249862551689148 0.22166593372821808 0.8019874691963196 0.28313586115837097
3 0.33355507254600525 0.32650816440582275 0.7497687339782715 0.6444949507713318 0.8895454406738281
1 0.33194413781166077 0.7045398950576782 0.198348730802536 0.8170181512832642 0.2878783643245697
