4 0.6642256379127502 -1.0000189542770386 0.5660878419876099 2.8492484092712402 0.598394513130188
4 0.5853667855262756 -0.8961017727851868 0.607252299785614 2.6917831897735596 0.6461172699928284
4 0.5767204761505127 -1.546060562133789 0.5344098806381226 3.396143913269043 0.5646985769271851
4 0.38903263211250305 -0.2939853072166443 0.4526154398918152 1.9040441513061523 0.4794037342071533
4 0.37736082077026367 0.02509978413581848 0.7813884615898132 0.3775692284107208 0.9087086319923401
4 0.3695406913757324 0.21012139320373535 0.34596267342567444 0.8608818054199219 0.7157468795776367
2 0.3654717206954956 0.5999882221221924 0.22198037803173065 0.7566238641738892 0.3777933716773987
2 0.345186322927475 0.16295126080513 0.4986395835876465 0.2160225212574005 0.5675653219223022
4 0.3430822491645813 0.2093743234872818 -6.981866836547852 0.22042863070964813 8.80630111694336
2 0.34230324625968933 0.16069208085536957 0.44003134965896606 0.21821309626102448 0.5090888142585754
2 0.3417864143848419 0.21249070763587952 -4.092069625854492 0.23617669939994812 5.944723129272461
2 0.33672308921813965 0.16665558516979218 0.4335305094718933 0.19380249083042145 0.5450286269187927
2 0.3361741006374359 0.19086776673793793 0.43987947702407837 0.24132545292377472 0.5098481774330139
2 0.32811442017555237 0.22021634876728058 0.3272954225540161 0.2764400243759155 0.3967278003692627
2 0.32739946246147156 0.48497986793518066 0.3846804201602936 0.6593836545944214 0.5014687776565552
2 0.32674071192741394 0.1173895001411438 0.40148022770881653 0.17668229341506958 0.47341951727867126
2 0.3233507573604584 0.39718499779701233 0.35552823543548584 0.576163649559021 0.4719604253768921
2 0.32301148772239685 0.6839720606803894 0.2847200334072113 0.8291016221046448 0.4382422864437103
2 0.3216213583946228 0.1559952199459076 0.3996490240097046 0.18350335955619812 0.5156996250152588
2 0.3187715411186218 -0.07816897332668304 0.8479586243629456 0.3088153600692749 0.9682653546333313
