1 0.636260449886322 -0.08891482651233673 0.8773314952850342 0.24373556673526764 0.9506735801696777
1 0.5043412446975708 -0.015275642275810242 0.8484629988670349 0.2386382669210434 0.9757350087165833
4 0.46576911211013794 -0.9017999172210693 0.6038949489593506 2.7036659717559814 0.6214200258255005
4 0.44419679045677185 -1.315415382385254 0.5631991028785706 3.1016736030578613 0.5807421803474426
4 0.38431328535079956 -1.4192556142807007 0.5976307988166809 3.229785442352295 0.6172980666160583
2 0.3828537166118622 0.1428220570087433 0.3446912169456482 0.7046183347702026 0.8353217244148254
2 0.3656923770904541 0.9136991500854492 0.3907450735569 0.9445449113845825 0.4087628424167633
1 0.3625464141368866 0.7919608950614929 0.1898496001958847 0.8834584355354309 0.2571125626564026
2 0.36174651980400085 0.23044602572917938 -8.66041088104248 0.2391582876443863 10.499892234802246
4 0.34775015711784363 -0.9868003129959106 0.5509430766105652 2.8159923553466797 0.5700001120567322
1 0.346952348947525 0.8083899617195129 0.1627502590417862 0.8983890414237976 0.2249213308095932
1 0.337323933839798 0.6226781010627747 0.27310097217559814 0.6987209916114807 0.3637278079986572
4 0.33456581830978394 -0.6786532402038574 0.5056958198547363 2.595449209213257 0.5267879962921143
1 0.3287011384963989 0.5773274302482605 0.30518460273742676 0.6896553635597229 0.3738940358161926
1 0.3252932131290436 0.2699049115180969 0.3370269536972046 0.5135988593101501 1.0310670137405396
2 0.3175029158592224 0.09228029102087021 0.442897230386734 0.3268486559391022 0.5626887083053589
1 0.3169408142566681 0.20708917081356049 -6.65626335144043 0.21812982857227325 8.496451377868652
2 0.3147210478782654 0.8725035190582275 0.5633714199066162 0.8940534591674805 0.5794211626052856
2 0.31319659948349 0.01281215250492096 0.22572112083435059 0.2094234675168991 0.3551841974258423
1 0.3076994717121124 0.25689083337783813 0.23420646786689758 0.6164120435714722 1.1784777641296387
