2 0.5608209371566772 0.15938414633274078 -1.652747392654419 0.16568796336650848 3.401359796524048
2 0.5407595038414001 0.14631310105323792 -3.3016858100891113 0.16713252663612366 5.14763879776001
2 0.45399171113967896 0.20287343859672546 -6.095656394958496 0.21533015370368958 7.931513786315918
2 0.38806650042533875 0.22412487864494324 -5.664854526519775 0.23096922039985657 7.365708827972412
2 0.37977495789527893 0.23440447449684143 -6.24822998046875 0.2455759346485138 8.07345199584961
0 0.3504721224308014 0.2866804301738739 -5.642703056335449 0.29599621891975403 7.430395126342773
3 0.345438688993454 0.5722662210464478 0.7758602499961853 0.829931378364563 0.9233024716377258
2 0.3435440957546234 0.2798692584037781 -7.5760393142700195 0.28877025842666626 9.42553997039795
1 0.34172818064689636 -0.06936298310756683 0.8470551371574402 0.3284531831741333 0.9510052800178528
2 0.34008073806762695 0.22588999569416046 0.3924598693847656 0.6663838028907776 0.7193361520767212
4 0.33878010511398315 -1.3805735111236572 0.5218576788902283 3.282456159591675 0.5485184788703918
1 0.3360241651535034 0.7823917865753174 0.23330280184745789 0.860767126083374 0.31289127469062805
1 0.329012006521225 0.7279713153839111 0.10708707571029663 0.8403885364532471 0.20288974046707153
0 0.32379746437072754 -1.5290114879608154 0.5956990122795105 3.320059061050415 0.6196239590644836
1 0.32205265760421753 0.6103435754776001 0.07849490642547607 0.7907774448394775 0.18218499422073364
2 0.3216148316860199 0.21345432102680206 -6.968687057495117 0.22179923951625824 8.806756973266602
1 0.3150692582130432 0.7564885020256042 0.23988212645053864 0.8346449732780457 0.30564868450164795
2 0.31405481696128845 0.0740167647600174 0.2354598343372345 0.4807177186012268 0.4836253225803375
1 0.3131648004055023 0.841282308101654 0.23493850231170654 0.9082850813865662 0.32131004333496094
2 0.31271788477897644 0.17267681658267975 -8.801396369934082 0.1855645626783371 10.653719902038574
