2 0.44817328453063965 0.20467828214168549 -1.7354859113693237 0.21436388790607452 3.4742469787597656
2 0.4089687466621399 0.45534467697143555 0.3838939666748047 0.489784836769104 0.4798499345779419
1 0.40708422660827637 -0.01095438003540039 0.7579717040061951 0.3481028079986572 0.9378951191902161
2 0.40360069274902344 0.4465848505496979 0.4199680984020233 0.4821529686450958 0.5074304938316345
4 0.39954784512519836 -1.034877061843872 0.5178992748260498 2.8376708030700684 0.5452560186386108
2 0.39593076705932617 0.436914324760437 0.5313906073570251 0.460426390171051 0.6009610295295715
2 0.3955548107624054 0.4323720633983612 0.3572341203689575 0.4666402041912079 0.4530258774757385
2 0.3889579772949219 0.4437640905380249 0.3359200954437256 0.4758946895599365 0.4297199845314026
2 0.38786226511001587 0.44753456115722656 0.5114208459854126 0.4704877734184265 0.5851887464523315
2 0.38503214716911316 0.4269452393054962 0.4264775216579437 0.465067058801651 0.516324520111084
4 0.3782261610031128 -0.9066760540008545 0.5063734650611877 2.6716301441192627 0.5311475396156311
2 0.37632572650909424 0.424937903881073 0.517981767654419 0.44835925102233887 0.5869214534759521
2 0.3753744959831238 0.20422682166099548 0.4119349420070648 0.23249295353889465 0.5164655447006226
2 0.3741611838340759 0.45137274265289307 0.3098166882991791 0.4821079969406128 0.4015559256076813
2 0.3713136911392212 0.23336052894592285 0.4795472323894501 0.2697739601135254 0.5756512880325317
2 0.3711400330066681 0.304272323846817 0.7965889573097229 0.5868788957595825 0.9277917742729187
2 0.3676906228065491 0.18494288623332977 0.3871060609817505 0.20945890247821808 0.506539523601532
2 0.3663617670536041 0.4259319007396698 0.5493078231811523 0.44786587357521057 0.635452389717102
2 0.36038079857826233 0.24379311501979828 0.46110501885414124 0.28702306747436523 0.554628849029541
2 0.35934969782829285 0.9029457569122314 0.30209881067276 0.9371553659439087 0.3181886076927185
