2 0.4601408541202545 0.1880420595407486 -2.7051424980163574 0.1927102655172348 4.424703598022461
0 0.4182646870613098 -1.020587682723999 0.5620313286781311 2.7803001403808594 0.5933600068092346
0 0.4156861901283264 -0.7847938537597656 0.5736166834831238 2.5922985076904297 0.609934389591217
0 0.3796845078468323 -0.698747992515564 0.5420111417770386 2.503282070159912 0.578484058380127
1 0.3775414526462555 0.23280608654022217 -7.824098587036133 0.24303388595581055 9.657562255859375
2 0.37592312693595886 0.8803150653839111 0.5601196885108948 0.9184131622314453 0.5770257115364075
2 0.3721201717853546 0.5672160387039185 0.33022207021713257 0.6058380603790283 0.4371405243873596
2 0.3645398020744324 0.32564467191696167 0.3688738942146301 0.36341434717178345 0.49234145879745483
2 0.36142176389694214 0.49264317750930786 0.309806227684021 0.5322703719139099 0.4186015725135803
2 0.3608608543872833 0.3384740352630615 0.22899508476257324 0.39213788509368896 0.3393439054489136
2 0.3604210913181305 0.252936989068985 -5.658669948577881 0.2580578029155731 7.359921932220459
2 0.3588578999042511 0.46321114897727966 0.4118916392326355 0.5062244534492493 0.5255832076072693
3 0.3569670021533966 0.4394415616989136 0.7760489583015442 0.6837117671966553 0.9167472720146179
2 0.3555726110935211 0.758976936340332 0.4729396402835846 0.8159778118133545 0.4932713210582733
2 0.35482510924339294 0.4061327278614044 0.2815593481063843 0.4650890529155731 0.392467737197876
2 0.35426095128059387 0.6337375640869141 0.8223479986190796 0.6380918025970459 0.8481813669204712
1 0.3536647856235504 -0.003699295222759247 0.857264518737793 0.2144005298614502 0.96368408203125
2 0.3526805639266968 0.4741595685482025 0.3279520869255066 0.5123841762542725 0.442005455493927
2 0.35005509853363037 0.37721118330955505 0.20036610960960388 0.4172114431858063 0.3161715567111969
3 0.34369051456451416 0.13770481944084167 0.2888578772544861 0.6825968027114868 0.8273879885673523
