4 0.5859839916229248 -0.24271118640899658 0.48452287912368774 1.9059425592422485 0.5203282237052917
2 0.5308974981307983 0.803350567817688 0.26509803533554077 0.8498721122741699 0.3328973650932312
4 0.5098285675048828 -0.5943667888641357 0.5203225612640381 2.50642466545105 0.574256420135498
2 0.41515660285949707 0.14173740148544312 -2.3692495822906494 0.1488555669784546 4.116988182067871
2 0.41304948925971985 0.713451087474823 0.28060832619667053 0.7853241562843323 0.36399832367897034
2 0.4057389199733734 0.1917894184589386 -7.850928783416748 0.20793649554252625 9.672219276428223
2 0.37888792157173157 -1.2194236516952515 0.6075671911239624 3.0799789428710938 0.6288715600967407
2 0.3770635426044464 0.9117004871368408 0.34542033076286316 0.9405887126922607 0.36494627594947815
2 0.3723260760307312 0.8356856107711792 0.19220302999019623 0.883203387260437 0.24846215546131134
1 0.36923786997795105 0.22644942998886108 -7.676476001739502 0.24075013399124146 9.51899528503418
2 0.366411030292511 0.864677369594574 0.4847695827484131 0.9045148491859436 0.5282319784164429
2 0.36440369486808777 0.24435748159885406 -3.9948792457580566 0.2553974390029907 5.853862285614014
2 0.3639693558216095 0.18529154360294342 -7.990841865539551 0.19538496434688568 9.800393104553223
0 0.3610117733478546 -1.2853729724884033 0.6196441054344177 3.104275941848755 0.6487626433372498
2 0.3608799874782562 0.8593189716339111 0.46706509590148926 0.9022426605224609 0.5143668055534363
1 0.3605293333530426 0.2664594054222107 -8.225505828857422 0.27793318033218384 10.081808090209961
2 0.3591017723083496 0.9005209803581238 0.4496941566467285 0.9434345364570618 0.4954567551612854
1 0.3458077907562256 0.29222244024276733 -7.601607322692871 0.30323296785354614 9.449204444885254
4 0.34179434180259705 -0.7627766728401184 0.654819905757904 2.5622644424438477 0.6897328495979309
2 0.3403647840023041 0.6387553215026855 0.2847687602043152 0.7955634593963623 0.4342140555381775
