2 0.48204994201660156 0.22708700597286224 -5.898146629333496 0.2467695027589798 7.728322982788086
2 0.4387591481208801 0.16048617660999298 -2.3465466499328613 0.1685236543416977 4.094894886016846
2 0.40729182958602905 0.34284648299217224 0.3954155147075653 0.4569782316684723 0.456123024225235
2 0.40393805503845215 0.2347840666770935 -5.5244879722595215 0.2420351505279541 7.290070056915283
2 0.39811885356903076 0.2569018304347992 0.4323332905769348 0.29992416501045227 0.5372809171676636
2 0.39708635210990906 0.2861524224281311 0.5452429056167603 0.4694584012031555 0.5964210033416748
2 0.39394432306289673 0.2746281623840332 0.395517498254776 0.3817448616027832 0.465841680765152
4 0.39088544249534607 0.5284031629562378 0.8100756406784058 0.8971600532531738 0.9438542127609253
2 0.3884733021259308 0.25268927216529846 -6.38496732711792 0.2701685130596161 8.223377227783203
0 0.3819909393787384 -0.4549984931945801 0.4849292039871216 2.0894534587860107 0.5008584856987
2 0.38024333119392395 0.10697416961193085 0.23010757565498352 0.1747034341096878 0.29490503668785095
2 0.37973499298095703 0.37013572454452515 0.39025285840034485 0.40588343143463135 0.4911281168460846
2 0.3709338903427124 0.18273206055164337 0.23275654017925262 0.24469725787639618 0.3013245761394501
2 0.368335485458374 0.9281602501869202 0.3503183424472809 0.9696564078330994 0.3668825328350067
2 0.36757907271385193 0.2546713352203369 0.4156862199306488 0.3478764295578003 0.49722835421562195
2 0.36501631140708923 0.12041386216878891 0.13106828927993774 0.2385859191417694 0.17432093620300293
2 0.36441493034362793 0.19891232252120972 0.16726574301719666 0.2694711685180664 0.22394588589668274
2 0.36361783742904663 0.10882019996643066 0.26102471351623535 0.16790342330932617 0.3296944499015808
4 0.3577302396297455 0.6959728002548218 0.7147799730300903 0.9664446115493774 0.8675523996353149
4 0.35744771361351013 0.02335059642791748 0.7894545197486877 0.5479673743247986 0.9194149374961853
