4 0.40604597330093384 -0.14300957322120667 0.8668418526649475 0.33260050415992737 0.9652134776115417
2 0.40416815876960754 0.17888569831848145 -5.641451835632324 0.19907313585281372 7.480628967285156
1 0.39928576350212097 0.6783826351165771 0.8189089894294739 1.010907769203186 0.9701142907142639
2 0.37780389189720154 0.14606216549873352 -2.985867500305176 0.15207156538963318 4.721819877624512
1 0.3757597506046295 0.4337083101272583 0.7501280903816223 0.7603098154067993 0.9066280722618103
4 0.3756702244281769 -0.029284030199050903 0.8811206817626953 0.22807803750038147 0.9626427888870239
2 0.3651718199253082 0.9170385599136353 0.3778103291988373 0.9452356100082397 0.3943146765232086
4 0.35860294103622437 -0.8670170307159424 0.5749070048332214 2.630060911178589 0.5972636342048645
1 0.35751423239707947 0.508907675743103 0.8265587687492371 0.8256899118423462 0.9672766327857971
2 0.35707515478134155 0.23953725397586823 -7.594649314880371 0.2608443796634674 9.419346809387207
0 0.3505420684814453 -0.7138684988021851 0.553105354309082 2.604243278503418 0.58321213722229
2 0.34264934062957764 0.2039097100496292 -10.586467742919922 0.21121416985988617 12.423816680908203
2 0.3342175781726837 0.8740580677986145 0.5195462107658386 0.8937541842460632 0.5350092053413391
2 0.33125174045562744 0.8374451398849487 0.852493941783905 0.9391247034072876 1.0140939950942993
1 0.3267410695552826 -0.02388414740562439 0.8668208122253418 0.27491262555122375 0.9171488285064697
1 0.3258960247039795 -0.03494890034198761 0.8365705609321594 0.308164119720459 0.8974499106407166
2 0.3203282654285431 0.891280472278595 0.5377012491226196 0.9254127144813538 0.5773367881774902
2 0.3149698078632355 0.8877855539321899 0.5530672073364258 0.9111146926879883 0.5756056308746338
2 0.31333887577056885 0.21855716407299042 -7.037912368774414 0.23991109430789948 8.861964225769043
4 0.3124081492424011 0.130601704120636 0.07368701696395874 0.6390491127967834 0.9136977791786194
