3 0.4445353150367737 0.40754324197769165 0.7682363986968994 0.6470995545387268 0.916898250579834
3 0.4253692030906677 0.5156936049461365 0.7768745422363281 0.7486959099769592 0.9251308441162109
3 0.42484569549560547 0.5601648092269897 0.8259223699569702 0.876478910446167 0.9541949033737183
2 0.3950805366039276 0.3232988119125366 -4.8400702476501465 0.3385049104690552 6.666135311126709
2 0.39400845766067505 0.2671239376068115 -6.197201728820801 0.2793768644332886 8.029927253723145
3 0.38462382555007935 0.2675650417804718 0.7533518075942993 0.5464105606079102 0.895912766456604
2 0.3784388303756714 0.3327192962169647 -4.544898986816406 0.34464791417121887 6.383249282836914
3 0.373151570558548 0.3760925531387329 0.8200535178184509 0.6674544811248779 0.9453309178352356
2 0.36071667075157166 0.9231349229812622 0.36075058579444885 0.9552533626556396 0.3805008828639984
3 0.35114428400993347 0.00000692903995513916 0.8530136346817017 0.2852681875228882 0.9338783025741577
2 0.34357962012290955 0.8388248682022095 0.4438326358795166 0.8739125728607178 0.4906555414199829
2 0.3398066759109497 0.8512203693389893 0.8492500185966492 0.9512932300567627 1.0206938982009888
3 0.3311152160167694 0.3167366683483124 -5.350958347320557 0.3281386196613312 7.171583652496338
2 0.32971909642219543 0.8962395787239075 0.5448868870735168 0.9167405962944031 0.5604556202888489
2 0.3273265063762665 0.17473024129867554 0.47331252694129944 0.3860190510749817 0.5785431861877441
2 0.3255867063999176 0.8736525177955627 0.4861234426498413 0.9135776162147522 0.5300214290618896
4 0.32169246673583984 -0.8321694731712341 0.6022540926933289 2.5650713443756104 0.6267401576042175
2 0.31909167766571045 0.2613726258277893 -3.4947853088378906 0.272286593914032 5.329495429992676
2 0.31304535269737244 0.19887675344944 0.39072737097740173 0.2641943693161011 0.44132259488105774
2 0.3111985921859741 0.7924427390098572 0.40706756711006165 0.8899194598197937 0.5895065069198608
