2 0.5746169090270996 0.1850561499595642 -3.8533647060394287 0.2025396227836609 5.704102516174316
2 0.5491276979446411 0.19697463512420654 -6.729970932006836 0.2119411826133728 8.54848861694336
2 0.5179508328437805 0.2084217369556427 -6.193281650543213 0.21879419684410095 8.05276870727539
2 0.4379516839981079 0.2121410369873047 -6.806595325469971 0.2243075966835022 8.618894577026367
2 0.3846033811569214 0.21726636588573456 -7.73387336730957 0.22986949980258942 9.546010971069336
1 0.3753153383731842 0.2621857225894928 -6.176272869110107 0.27326473593711853 7.9577956199646
2 0.3678823411464691 0.8764663934707642 0.3827214241027832 0.9015252590179443 0.4507651925086975
4 0.36080846190452576 -0.03899605572223663 0.8755490779876709 0.29031896591186523 0.9634569883346558
4 0.35415324568748474 -1.7099705934524536 0.5659583806991577 3.513395309448242 0.5893586874008179
2 0.3489452004432678 0.9183781743049622 0.3307141959667206 0.9532822966575623 0.34888699650764465
2 0.34701526165008545 0.9157484173774719 0.529666006565094 0.9387840628623962 0.5446197390556335
2 0.3361375033855438 0.5719920992851257 0.3606315851211548 0.777400553226471 0.4631621241569519
1 0.32807353138923645 0.6194027662277222 0.22036129236221313 0.7406052350997925 0.30352258682250977
2 0.32607558369636536 0.9004220962524414 0.513843834400177 0.9475605487823486 0.5557065606117249
1 0.3255750238895416 0.22565974295139313 -6.132482051849365 0.23180340230464935 7.886403560638428
2 0.3251136243343353 0.8660833835601807 0.4727799892425537 0.9150772094726562 0.5133018493652344
1 0.3206917345523834 -0.5298333168029785 0.4487871825695038 2.267301559448242 0.4718575179576874
2 0.31937849521636963 0.748698890209198 0.26187244057655334 0.9137671589851379 0.40750250220298767
1 0.3157636821269989 0.8917869329452515 0.3906498849391937 0.9382756948471069 0.47373291850090027
3 0.31294313073158264 0.0325603261590004 0.8961435556411743 0.2744661867618561 0.9525421857833862
