1 0.4064868688583374 -0.8068122863769531 0.44452065229415894 2.5138301849365234 0.4661194086074829
1 0.37566378712654114 0.8211575746536255 0.22855310142040253 0.8733006715774536 0.32565417885780334
4 0.3711196780204773 -1.141817331314087 0.5292781591415405 3.013408899307251 0.555150032043457
1 0.3664439916610718 0.8132109642028809 0.20466452836990356 0.8763487339019775 0.2949608564376831
1 0.3519820272922516 0.7075001001358032 0.2501646876335144 0.7723091840744019 0.3355259299278259
1 0.34817561507225037 0.7394983768463135 0.24845290184020996 0.8022735118865967 0.32889729738235474
4 0.34086206555366516 -1.4023044109344482 0.5574049353599548 3.236114263534546 0.5827346444129944
1 0.33784598112106323 0.7656906843185425 0.2522687315940857 0.828865647315979 0.3383461833000183
2 0.335661381483078 0.1558908224105835 0.4013851284980774 0.7792766094207764 0.7275492548942566
3 0.32996782660484314 0.5944310426712036 0.7916833758354187 0.8772702217102051 0.9365745186805725
1 0.32789093255996704 0.802160382270813 0.24688968062400818 0.8520208597183228 0.33267101645469666
1 0.3215886354446411 0.692707359790802 0.16135698556900024 0.7747060656547546 0.25514721870422363
1 0.32003456354141235 0.2726772129535675 -5.612168312072754 0.28622302412986755 7.426394462585449
4 0.3128123879432678 -1.1731644868850708 0.49851906299591064 3.0860977172851562 0.5285544395446777
2 0.31192269921302795 0.06666716188192368 0.722290575504303 0.1969824731349945 0.8826505541801453
1 0.30479225516319275 -0.02236349880695343 0.8584480881690979 0.27982097864151 0.9358085989952087
1 0.3036873936653137 0.22178949415683746 -6.59044075012207 0.24001197516918182 8.406111717224121
1 0.30245867371559143 0.7208203077316284 0.13682232797145844 0.8546172380447388 0.23226822912693024
2 0.29882922768592834 0.38893240690231323 0.7956324815750122 0.6751930117607117 0.9572218656539917
2 0.2986467182636261 0.13444912433624268 0.7629473209381104 0.23406541347503662 0.8964256048202515
