2 0.4121154248714447 0.23565685749053955 -6.464832305908203 0.24826741218566895 8.259247779846191
2 0.40829357504844666 0.6841638088226318 0.1343492865562439 0.9717410802841187 0.507560133934021
4 0.40316757559776306 -0.06029394268989563 0.8611094355583191 0.21715787053108215 0.9729520678520203
3 0.37207674980163574 0.41629427671432495 0.288729727268219 0.8114756941795349 0.7507686018943787
2 0.3702741265296936 0.21521516144275665 -7.553487300872803 0.2237495630979538 9.355245590209961
2 0.35546359419822693 0.15334177017211914 -3.079385280609131 0.15880727767944336 4.842470645904541
2 0.3544650971889496 0.8812829256057739 0.41325584053993225 0.9120416641235352 0.432075172662735
4 0.3486696183681488 0.6342089176177979 0.7664650082588196 0.9624302387237549 0.9297178387641907
1 0.34678053855895996 0.254759818315506 -6.1004438400268555 0.27163419127464294 7.898124694824219
2 0.33915385603904724 0.48491600155830383 0.5180143117904663 0.5128424167633057 0.6454058885574341
4 0.33516642451286316 0.34996935725212097 0.8365959525108337 0.8417583703994751 0.9666712880134583
3 0.3316892087459564 0.4733125865459442 0.42859378457069397 0.9844337701797485 0.7741780281066895
3 0.32922810316085815 0.47749343514442444 0.21366791427135468 0.9447243213653564 0.6917120218276978
2 0.32903650403022766 0.18880613148212433 0.40236812829971313 0.36205774545669556 0.5213391184806824
1 0.328082799911499 0.7318348288536072 0.21059930324554443 0.8507717251777649 0.2584429979324341
2 0.32788896560668945 0.5398252010345459 0.3530362844467163 0.8499112129211426 0.6612229347229004
2 0.32587704062461853 0.41374915838241577 0.36941850185394287 0.45388007164001465 0.4808727502822876
2 0.32540932297706604 0.8713281750679016 0.5553158521652222 0.9528949856758118 0.593745231628418
1 0.32285377383232117 0.7739360928535461 0.19715753197669983 0.9008795619010925 0.23968294262886047
2 0.322653204202652 0.8681997656822205 0.5259397625923157 0.9397559762001038 0.5659632086753845
